date,lat_bin,lon_bin,mmsi,fishing_hours
2012-05-11,512,-1296,316003365,3.4363888888888887
2012-05-11,512,1451,273345710,6.3955555555555552
2012-05-11,512,1578,273442270,0.050138888888888886
2012-05-11,512,1444,273827320,8.965
2012-05-11,513,-1296,316001821,5.2051388888888885
2012-05-11,513,-1295,316003365,7.2494444444444452
2012-05-11,513,-1294,316003365,2.8116666666666665
2012-05-11,513,1449,273445180,3.8322222222222226
2012-05-11,513,1448,273445180,7.2416666666666663
2012-05-11,513,16,235001428,2.5538888888888889
2012-05-11,513,15,235001428,0.47694444444444445
2012-05-11,513,9,234999260,6.5159722222222234
2012-05-11,513,1581,273442270,0.57305555555555554
2012-05-11,513,1443,273827320,1.5830555555555557
2012-05-11,513,1444,273827320,5.6597222222222223
2012-05-11,-511,-762,725000285,0.21277777777777779
2012-05-11,-511,-761,725000285,0.7583333333333333
2012-05-11,514,1558,273822210,5.4520833333333334
2012-05-11,514,15,235001428,16.548194444444448
2012-05-11,514,16,235001428,4.17986111111111
2012-05-11,514,1442,273827320,6.927777777777778
2012-05-11,770,121,273550600,1.5881944444444445
2012-05-11,770,124,273550600,1.545
2012-05-11,770,122,273550600,5.5398611111111116
2012-05-11,770,120,273550600,3.9469444444444441
2012-05-11,770,121,273555500,0.79861111111111116
2012-05-11,770,119,273555500,1.6376388888888889
2012-05-11,770,122,273555500,0.8
2012-05-11,770,119,273296700,0.78291666666666659
2012-05-11,770,123,273296700,1.6247222222222222
2012-05-11,770,121,273296700,1.5941666666666667
2012-05-11,770,120,273525900,1.5706944444444444
2012-05-11,770,121,273525900,1.5305555555555554
2012-05-11,770,123,273525900,3.1708333333333334
2012-05-11,770,122,273292700,2.322222222222222
2012-05-11,770,120,273292700,1.5333333333333332
2012-05-11,770,123,273292700,1.6430555555555553
2012-05-11,770,121,273292700,1.5986111111111112
2012-05-11,770,120,273218500,1.5625
2012-05-11,-510,-762,725000285,5.3263888888888884
2012-05-11,-510,-763,725000285,3.8473611111111112
2012-05-11,-510,-630,224888000,3.5593055555555555
2012-05-11,515,40,244020244,0.91750000000000009
2012-05-11,771,119,273550600,3.1959722222222222
2012-05-11,771,118,273550600,3.182638888888889
2012-05-11,771,117,273550600,1.5366666666666666
2012-05-11,771,118,273555500,4.6854166666666668
2012-05-11,771,122,273555500,2.306111111111111
2012-05-11,771,117,273555500,1.575
2012-05-11,771,120,273555500,2.361388888888889
2012-05-11,771,116,273555500,4.6961111111111116
2012-05-11,771,121,273555500,1.5916666666666668
2012-05-11,771,116,273296700,0.78847222222222213
2012-05-11,771,119,273296700,3.9195833333333336
2012-05-11,771,117,273296700,0.78569444444444436
2012-05-11,771,118,273525900,1.537638888888889
2012-05-11,771,119,273525900,1.5820833333333333
2012-05-11,771,117,273525900,0.83875
2012-05-11,771,116,273525900,2.3930555555555553
2012-05-11,771,120,273292700,1.5569444444444445
2012-05-11,771,118,273292700,1.5791666666666666
2012-05-11,771,117,273292700,4.719444444444445
2012-05-11,771,119,273292700,4.6875
2012-05-11,771,118,273218500,1.5526388888888889
2012-05-11,771,117,273521100,1.6012499999999998
2012-05-11,-509,-763,725000285,5.1134722222222226
2012-05-11,-509,1668,440890000,4.9
2012-05-11,-253,363,431457000,0.78875
2012-05-11,-253,365,431457000,3.8277777777777784
2012-05-11,4,1767,440542000,0.87374999999999992
2012-05-11,516,-1308,316001821,5.2259722222222225
2012-05-11,516,-1308,316005448,0.46833333333333332
2012-05-11,516,1770,367185050,0.8570833333333332
2012-05-11,516,1771,367185050,4.4136111111111109
2012-05-11,516,1768,367185050,0.78583333333333327
2012-05-11,516,1769,367185050,8.2709722222222215
2012-05-11,772,115,273550600,1.5795833333333333
2012-05-11,772,117,273550600,1.5462500000000001
2012-05-11,772,119,273555500,1.6098611111111112
2012-05-11,772,117,273555500,1.5668055555555556
2012-05-11,772,117,273525900,1.55
2012-05-11,772,116,273292700,0.83333333333333337
2012-05-11,772,115,273292700,3.1402777777777775
2012-05-11,772,118,273521100,4.7438888888888888
2012-05-11,772,117,273521100,1.5791666666666666
2012-05-11,-508,1669,440890000,1.5930555555555554
2012-05-11,517,-1308,316003349,0.48916666666666669
2012-05-11,517,-1308,316001821,2.5244444444444438
2012-05-11,517,-1308,316005448,1.2155555555555555
2012-05-11,517,-115,227570000,6.9315277777777782
2012-05-11,517,1770,367185050,4.7501388888888885
2012-05-11,517,1772,367185050,0.71263888888888893
2012-05-11,517,1773,367185050,3.6695833333333328
2012-05-11,517,1771,367185050,0.612361111111111
2012-05-11,517,13,205260000,3.4101388888888895
2012-05-11,517,14,205260000,2.8856944444444448
2012-05-11,773,116,273525900,1.5486111111111112
2012-05-11,773,115,273521100,3.1394444444444445
2012-05-11,773,116,273521100,4.740277777777778
2012-05-11,-507,1672,441044000,4.0725
2012-05-11,-507,1672,441182000,3.0574999999999997
2012-05-11,-507,-613,740368000,0.82763888888888881
2012-05-11,-507,-614,740368000,0.75125
2012-05-11,-507,1672,441200000,4.528888888888889
2012-05-11,-507,1670,440890000,1.5666666666666669
2012-05-11,-507,1671,440890000,0.78861111111111115
2012-05-11,-507,1672,440890000,1.5419444444444443
2012-05-11,-507,1672,440761000,2.5283333333333333
2012-05-11,518,-142,250186000,9.1247222222222213
2012-05-11,518,-1308,316003349,1.6306944444444444
2012-05-11,518,-1308,316001821,5.7259722222222216
2012-05-11,518,1552,273565500,5.8684722222222225
2012-05-11,518,1551,273565500,18.237222222222218
2012-05-11,518,-1308,316005448,2.6422222222222222
2012-05-11,518,-1307,316005448,1.5804166666666668
2012-05-11,518,-115,227570000,12.61375
2012-05-11,518,15,205260000,2.5606944444444446
2012-05-11,518,14,205260000,1.6236111111111111
2012-05-11,774,117,273525900,1.5404166666666668
2012-05-11,774,115,273521100,4.7172222222222224
2012-05-11,774,114,273521100,1.5758333333333334
2012-05-11,-506,1674,441044000,1.3272222222222223
2012-05-11,-506,1673,441182000,0.76805555555555549
2012-05-11,-506,-618,224369000,4.5804166666666664
2012-05-11,-506,-615,740368000,0.7944444444444444
2012-05-11,-506,-614,740368000,1.6406944444444447
2012-05-11,-506,1673,441200000,0.78277777777777779
2012-05-11,-506,1674,441200000,0.78666666666666663
2012-05-11,-506,1673,440890000,3.0654166666666667
2012-05-11,-506,-617,224506000,4.315
2012-05-11,-506,-627,224004000,1.819722222222222
2012-05-11,-506,-611,224547000,1.3858333333333333
2012-05-11,-506,-612,224547000,0.56361111111111117
2012-05-11,-506,-613,224547000,4.1808333333333341
2012-05-11,-506,-624,224888000,2.46
2012-05-11,-506,-627,224888000,3.5745833333333334
2012-05-11,-506,-623,224888000,6.1156944444444452
2012-05-11,-506,-617,740363000,5.89763888888889
2012-05-11,-506,-618,740363000,0.56055555555555547
2012-05-11,-250,366,431457000,1.1613888888888888
2012-05-11,-250,368,431457000,1.9266666666666665
2012-05-11,-250,365,431457000,0.92875
2012-05-11,-250,364,431457000,0.97819444444444437
2012-05-11,7,1781,441812000,1.6566666666666667
2012-05-11,519,-142,250186000,5.3113888888888887
2012-05-11,519,17,205260000,2.0997222222222223
2012-05-11,775,117,273525900,1.6361111111111111
2012-05-11,775,115,273521100,1.5222222222222221
2012-05-11,-505,1675,441044000,1.5251388888888888
2012-05-11,-505,1676,441044000,9.1976388888888909
2012-05-11,-505,1677,441182000,3.24625
2012-05-11,-505,1674,441182000,0.76944444444444438
2012-05-11,-505,1675,441182000,2.4023611111111109
2012-05-11,-505,1676,441182000,8.0462499999999988
2012-05-11,-505,-618,224701000,4.38875
2012-05-11,-505,-616,224701000,3.1934722222222218
2012-05-11,-505,-619,224701000,0.775
2012-05-11,-505,-617,224701000,1.5705555555555555
2012-05-11,-505,-624,224978000,4.5331944444444447
2012-05-11,-505,-617,224967000,1.5540277777777778
2012-05-11,-505,-618,224967000,3.2340277777777775
2012-05-11,-505,-623,224732000,5.5766666666666671
2012-05-11,-505,-618,224732000,4.635
2012-05-11,-505,-619,224732000,0.22652777777777777
2012-05-11,-505,-620,224732000,4.6605555555555558
2012-05-11,-505,-622,224732000,0.7598611111111111
2012-05-11,-505,-618,224369000,7.2111111111111121
2012-05-11,-505,-622,224369000,10.249861111111112
2012-05-11,-505,-623,224369000,1.5806944444444446
2012-05-11,-505,-625,224571000,1.837777777777778
2012-05-11,-505,-613,224571000,4.3704166666666664
2012-05-11,-505,-624,224571000,0.79861111111111127
2012-05-11,-505,-615,740368000,1.0274999999999999
2012-05-11,-505,1676,441200000,6.1852777777777774
2012-05-11,-505,1677,440890000,1.6294444444444447
2012-05-11,-505,1675,440890000,1.5680555555555555
2012-05-11,-505,-623,224506000,2.4070833333333335
2012-05-11,-505,-620,224506000,3.2145833333333336
2012-05-11,-505,-624,224506000,0.036111111111111108
2012-05-11,-505,-618,224506000,1.5608333333333335
2012-05-11,-505,-617,224506000,4.3633333333333333
2012-05-11,-505,-626,224004000,0.51194444444444442
2012-05-11,-505,-627,224004000,1.8745833333333333
2012-05-11,-505,1677,440761000,4.8854166666666661
2012-05-11,-505,1676,440761000,8.5023611111111119
2012-05-11,-505,-619,224547000,1.5793055555555555
2012-05-11,-505,-615,224547000,0.74625
2012-05-11,-505,-616,224547000,1.835277777777778
2012-05-11,-505,-614,224547000,0.85
2012-05-11,-505,-618,224547000,5.8676388888888882
2012-05-11,-505,-617,224547000,2.4698611111111113
2012-05-11,-505,-621,224888000,0.32930555555555563
2012-05-11,-505,-622,224888000,0.81111111111111112
2012-05-11,-505,-618,224770000,1.4986111111111109
2012-05-11,-505,-620,224770000,11.059305555555557
2012-05-11,-505,-619,224770000,11.100138888888889
2012-05-11,-505,-615,740363000,0.79166666666666663
2012-05-11,-505,-614,740363000,4.3731944444444446
2012-05-11,-249,363,431457000,1.1554166666666668
2012-05-11,-249,362,431457000,0.94388888888888889
2012-05-11,8,1786,441812000,0.925
2012-05-11,8,1783,441812000,1.4362500000000002
2012-05-11,8,1782,441812000,0.6333333333333333
2012-05-11,520,-142,250186000,1.5943055555555554
2012-05-11,520,18,234908000,0.21708333333333335
2012-05-11,520,17,234908000,23.823611111111109
2012-05-11,520,1678,273441490,5.985555555555556
2012-05-11,776,115,273525900,1.5552777777777778
2012-05-11,776,114,273525900,0.81375
2012-05-11,-504,1676,441044000,5.649861111111111
2012-05-11,-504,1677,441044000,3.7751388888888888
2012-05-11,-504,-626,740350000,3.2505555555555552
2012-05-11,-504,-624,740350000,1.3275
2012-05-11,-504,1677,441182000,5.7930555555555543
2012-05-11,-504,-623,224978000,1.6406944444444442
2012-05-11,-504,-615,224967000,10.21638888888889
2012-05-11,-504,-613,224540000,1.5640277777777778
2012-05-11,-504,-614,224571000,1.5693055555555557
2012-05-11,-504,-624,224571000,0.32513888888888887
2012-05-11,-504,-623,224571000,1.4905555555555554
2012-05-11,-504,-613,224571000,0.79597222222222219
2012-05-11,-504,1676,441200000,5.6429166666666664
2012-05-11,-504,1677,441200000,6.488611111111112
2012-05-11,-504,1677,440890000,3.262777777777778
2012-05-11,-504,-626,224004000,2.3359722222222219
2012-05-11,-504,-627,224004000,7.1902777777777782
2012-05-11,-504,1678,440761000,0.821388888888889
2012-05-11,-504,1677,440761000,4.8888888888888884
2012-05-11,-504,-528,441784000,3.1686111111111108
2012-05-11,-504,-615,740363000,0.58430555555555552
2012-05-11,-504,-614,740363000,1.5958333333333332
2012-05-11,-248,362,431457000,4.8395833333333336
2012-05-11,9,602,416078600,1.8969444444444443
2012-05-11,9,603,416078600,2.7038888888888888
2012-05-11,9,604,416078600,3.7519444444444447
2012-05-11,9,605,416078600,2.1669444444444443
2012-05-11,9,607,416078600,4.5861111111111112
2012-05-11,9,-191,224261000,3.3748611111111111
2012-05-11,521,-141,250186000,6.8873611111111108
2012-05-11,521,1556,273847400,5.6420833333333329
2012-05-11,521,1557,273847400,5.9483333333333333
2012-05-11,521,1679,273441490,1.6083333333333334
2012-05-11,521,1678,273441490,3.7573611111111114
2012-05-11,521,1680,273441490,1.5658333333333336
2012-05-11,521,-1316,316014803,20.820138888888888
2012-05-11,-503,-624,740350000,5.7156944444444449
2012-05-11,-503,-622,224978000,5.6331944444444444
2012-05-11,-503,-614,224540000,4.5680555555555555
2012-05-11,-503,-616,224540000,5.398194444444445
2012-05-11,-503,-615,224571000,2.4379166666666667
2012-05-11,-503,-623,224571000,1.9727777777777775
2012-05-11,-503,-614,224571000,0.77638888888888891
2012-05-11,-503,738,226095000,2.0555555555555558
2012-05-11,-503,739,226095000,5.1695833333333336
2012-05-11,-503,740,226095000,4.6880555555555548
2012-05-11,-503,742,226095000,4.4516666666666662
2012-05-11,-503,-626,224004000,2.9372222222222222
2012-05-11,-503,-626,740377000,5.1688888888888886
2012-05-11,-503,-528,441784000,8.2922222222222217
2012-05-11,-503,-615,740363000,1.3466666666666667
2012-05-11,-503,-614,740363000,3.1950000000000003
2012-05-11,-503,-626,224491000,5.6901388888888889
2012-05-11,-247,362,431457000,1.7544444444444443
2012-05-11,10,605,416078600,1.7766666666666666
2012-05-11,10,-191,224261000,1.161111111111111
2012-05-11,522,44,245617000,0.66236111111111118
2012-05-11,522,1557,273844920,9.31111111111111
2012-05-11,522,1558,273844920,8.06125
2012-05-11,522,-539,316067000,2.3740277777777781
2012-05-11,522,1680,273441490,5.6452777777777774
2012-05-11,522,1681,273441490,4.8020833333333339
2012-05-11,522,1682,273441490,0.762361111111111
2012-05-11,-502,-627,740350000,3.2393055555555557
2012-05-11,-502,-623,740350000,1.81
2012-05-11,-502,-623,224978000,4.6026388888888885
2012-05-11,-502,-616,224540000,1.7713888888888889
2012-05-11,-502,-622,224571000,3.169861111111111
2012-05-11,-502,739,226095000,0.41624999999999995
2012-05-11,-502,737,226095000,1.6234722222222224
2012-05-11,-502,740,226095000,0.4059722222222224
2012-05-11,-502,736,226095000,0.76125000000000009
2012-05-11,-502,742,226095000,3.8272222222222223
2012-05-11,-502,-626,224004000,6.4105555555555549
2012-05-11,-502,-626,740377000,1.547361111111111
2012-05-11,-502,-529,441784000,3.4109722222222225
2012-05-11,-502,-615,740363000,3.2127777777777777
2012-05-11,-502,-625,224491000,1.5569444444444445
2012-05-11,-246,361,431457000,5.6023611111111116
2012-05-11,11,604,416078600,1.7690277777777776
2012-05-11,11,605,416078600,0.79958333333333331
2012-05-11,11,-190,224261000,0.97319444444444436
2012-05-11,11,-191,224261000,0.96444444444444455
2012-05-11,523,43,244286000,0.26416666666666666
2012-05-11,523,42,244286000,1.8801388888888888
2012-05-11,523,-138,250136400,5.2984722222222214
2012-05-11,523,44,245617000,0.50513888888888892
2012-05-11,523,1557,273844920,6.70125
2012-05-11,523,-539,316067000,11.9025
2012-05-11,-501,-622,740350000,5.17
2012-05-11,-501,-626,740350000,1.5581944444444447
2012-05-11,-501,-625,740350000,4.3844444444444441
2012-05-11,-501,-623,740350000,0.51763888888888887
2012-05-11,-501,-622,224978000,1.5625
2012-05-11,-501,-616,224540000,4.6583333333333332
2012-05-11,-501,-626,740377000,3.2474999999999996
2012-05-11,-501,-530,441784000,4.63125
2012-05-11,-501,-615,224897000,5.1386111111111115
2012-05-11,-501,-624,224491000,3.23375
2012-05-11,-245,479,660002500,4.0534722222222221
2012-05-11,12,605,416078600,3.9855555555555555
2012-05-11,12,-190,224261000,1.6625
2012-05-11,12,-191,224261000,1.1404166666666666
2012-05-11,12,-1710,440858000,0.90861111111111115
2012-05-11,524,41,246464000,0.77013888888888893
2012-05-11,524,44,244286000,0.6218055555555555
2012-05-11,524,43,244286000,3.5669444444444443
2012-05-11,524,-136,250136400,1.9975
2012-05-11,524,-137,250136400,1.6277777777777778
2012-05-11,524,-1287,316006786,2.0363888888888892
2012-05-11,524,-538,316067000,3.8206944444444444
2012-05-11,524,-539,316067000,6.013472222222223
2012-05-11,524,18,235003355,0.86263888888888884
2012-05-11,-500,-622,224978000,1.0183333333333333
2012-05-11,-500,-621,224978000,4.8627777777777785
2012-05-11,-500,-620,740377000,1.3884722222222223
2012-05-11,-500,-622,740377000,3.1922222222222221
2012-05-11,-500,-619,740377000,0.78722222222222216
2012-05-11,-500,-632,701000907,13.436944444444443
2012-05-11,-500,-615,224897000,1.5541666666666667
2012-05-11,-500,-623,224491000,5.6236111111111118
2012-05-11,-500,-622,224491000,1.3693055555555556
2012-05-11,-244,479,660002500,2.1109722222222222
2012-05-11,13,-1723,440777000,0.87486111111111109
2012-05-11,13,-190,224261000,1.3831944444444444
2012-05-11,525,39,246464000,2.4611111111111112
2012-05-11,525,43,220071000,5.521527777777778
2012-05-11,525,43,220315000,9.0243055555555571
2012-05-11,525,42,220315000,3.118611111111111
2012-05-11,525,18,235003355,0.52902777777777776
2012-05-11,525,19,235003355,0.68611111111111112
2012-05-11,-499,-630,701000858,0.78152777777777782
2012-05-11,-499,-619,740377000,1.6475
2012-05-11,-499,-650,701006044,3.2429166666666664
2012-05-11,-499,-615,224897000,4.6026388888888885
2012-05-11,-499,-623,224491000,1.512361111111111
2012-05-11,-499,-622,224491000,1.1076388888888891
2012-05-11,14,-191,224261000,1.8041666666666667
2012-05-11,14,-189,224261000,0.96916666666666673
2012-05-11,526,-130,250136400,11.450972222222223
2012-05-11,526,-1730,367093360,0.80291666666666672
2012-05-11,526,-1722,367093360,1.5583333333333333
2012-05-11,526,-1728,367093360,1.2154166666666666
2012-05-11,526,43,220315000,6.0270833333333327
2012-05-11,526,19,235003355,3.8299999999999992
2012-05-11,-498,-639,701006445,0.78319444444444453
2012-05-11,-498,-618,740377000,2.3416666666666668
2012-05-11,-498,-652,701006044,2.0365277777777777
2012-05-11,-498,-651,701006044,7.5924999999999994
2012-05-11,-498,-653,701006044,0.8472222222222221
2012-05-11,-498,-616,224897000,3.1936111111111112
2012-05-11,-498,-614,224897000,0.83319444444444446
2012-05-11,-498,-613,224897000,0.76388888888888884
2012-05-11,-242,482,660002500,0.8
2012-05-11,15,-1686,440895000,1.7488888888888887
2012-05-11,15,-1724,440777000,1.7109722222222221
2012-05-11,15,1461,431399000,5.9293055555555556
2012-05-11,15,-188,224261000,0.75694444444444442
2012-05-11,15,-1709,440858000,0.65736111111111106
2012-05-11,527,38,246464000,2.5529166666666665
2012-05-11,527,-128,250000141,4.91
2012-05-11,527,-127,250000141,12.37361111111111
2012-05-11,527,-1722,367093360,3.0763888888888888
2012-05-11,527,-1720,367093360,0.78208333333333335
2012-05-11,527,-1721,367093360,5.5308333333333328
2012-05-11,527,46,245914000,0.93569444444444438
2012-05-11,527,40,246222000,0.73611111111111116
2012-05-11,527,41,246222000,0.34208333333333335
2012-05-11,-497,-638,701000732,6.47
2012-05-11,-497,-639,701006445,1.5043055555555556
2012-05-11,-497,-652,701006044,5.9143055555555559
2012-05-11,-497,-651,701006044,2.1661111111111113
2012-05-11,-497,-615,224897000,1.6015277777777777
2012-05-11,-497,-614,224897000,1.598611111111111
2012-05-11,-241,484,660002500,1.6827777777777779
2012-05-11,16,-188,224261000,0.91555555555555546
2012-05-11,16,-190,224261000,1.1541666666666666
2012-05-11,16,-187,224261000,1.4269444444444443
2012-05-11,16,-1708,440858000,0.69777777777777783
2012-05-11,528,46,246570000,4.00236111111111
2012-05-11,528,-108,227377000,6.9133333333333331
2012-05-11,528,-1720,367093360,4.3272222222222219
2012-05-11,528,-1706,338693000,13.127777777777778
2012-05-11,528,46,245914000,3.78125
2012-05-11,528,44,246222000,0.42430555555555555
2012-05-11,528,-1706,366705860,1.5374999999999999
2012-05-11,528,43,244205000,1.0138888888888888
2012-05-11,528,41,244205000,2.9998611111111111
2012-05-11,-496,-638,701000732,1.5501388888888887
2012-05-11,-496,-639,701006445,5.1754166666666661
2012-05-11,17,-186,224261000,3.2901388888888885
2012-05-11,17,-187,224261000,1.7374999999999998
2012-05-11,17,-190,224261000,0.89166666666666661
2012-05-11,17,-1632,440780000,1.7277777777777779
2012-05-11,529,12,235028768,17.998888888888892
2012-05-11,529,-1705,338568000,10.59
2012-05-11,529,-1704,338568000,0.78347222222222213
2012-05-11,529,1542,273332830,10.918194444444445
2012-05-11,529,-113,227377000,11.80263888888889
2012-05-11,529,-1705,338693000,11.649583333333334
2012-05-11,529,-1706,338693000,1.3241666666666667
2012-05-11,529,-1705,366705860,0.64291666666666669
2012-05-11,529,-1706,366705860,2.4154166666666663
2012-05-11,529,-1707,366705860,4.6809722222222216
2012-05-11,-495,-638,701000732,4.5501388888888883
2012-05-11,18,-1686,440895000,1.9265277777777778
2012-05-11,18,1456,440233000,1.8091666666666666
2012-05-11,18,-191,224261000,0.84722222222222221
2012-05-11,18,-1631,440780000,2.024861111111111
2012-05-11,530,-1707,338568000,3.1363888888888889
2012-05-11,530,1541,273332830,1.0076388888888888
2012-05-11,530,-1327,316015742,7.246944444444444
2012-05-11,530,-1707,366705860,5.205277777777777
2012-05-11,530,53,244670427,3.6198611111111108
2012-05-11,-494,-639,701000732,6.4498611111111117
2012-05-11,-494,-606,515844000,2.3336111111111109
2012-05-11,-238,482,660002500,3.0725
2012-05-11,-238,485,660002500,1.8973611111111111
2012-05-11,19,-1631,440780000,1.83
2012-05-11,531,-1701,338568000,4.4091666666666676
2012-05-11,531,1687,273822810,3.153888888888889
2012-05-11,531,1688,273822810,4.6091666666666669
2012-05-11,531,-1328,316015742,3.1197222222222223
2012-05-11,-493,-638,701000732,4.575277777777778
2012-05-11,20,-1688,440895000,2.0004166666666667
2012-05-11,532,1689,273822810,1.6079166666666667
2012-05-11,532,1688,273822810,1.5470833333333334
2012-05-11,532,-1329,316015742,3.1658333333333331
2012-05-11,532,-520,316011910,6.4163888888888891
2012-05-11,-236,486,660002500,1.7734722222222221
2012-05-11,21,-1631,440780000,1.7447222222222223
2012-05-11,21,-1661,441644000,1.0643055555555556
2012-05-11,533,-1695,338568000,1.6233333333333335
2012-05-11,533,1689,273822810,6.2590277777777779
2012-05-11,533,1540,273332830,3.1959722222222222
2012-05-11,533,1541,273332830,12.945972222222222
2012-05-11,533,1542,273332830,5.1390277777777778
2012-05-11,533,-1331,316015742,5.5673611111111114
2012-05-11,533,-521,316011910,6.1627777777777784
2012-05-11,533,-521,316011760,5.302777777777778
2012-05-11,533,1523,273358840,6.2752777777777782
2012-05-11,-491,-638,701000735,1.0130555555555556
2012-05-11,-491,-608,416164900,1.8336111111111113
2012-05-11,-491,-609,416164900,17.673611111111114
2012-05-11,-491,-642,701006042,1.8091666666666668
2012-05-11,-235,485,660002500,3.7975000000000003
2012-05-11,22,-1687,440895000,1.6343055555555557
2012-05-11,22,-1632,440780000,0.99486111111111108
2012-05-11,22,-1630,440780000,1.8483333333333334
2012-05-11,534,52,245991000,1.1761111111111111
2012-05-11,534,53,245991000,0.82611111111111113
2012-05-11,534,1689,273822810,0.77263888888888888
2012-05-11,534,1690,273822810,6.1466666666666665
2012-05-11,534,1545,273815900,4.8433333333333337
2012-05-11,534,1544,273815900,6.7356944444444444
2012-05-11,534,1541,273332830,1.0681944444444444
2012-05-11,534,60,245572000,0.48055555555555562
2012-05-11,534,61,244730318,3.6538888888888885
2012-05-11,534,-522,316011760,5.37625
2012-05-11,-490,1665,440288000,3.0808333333333331
2012-05-11,-490,-637,701000735,0.84000000000000008
2012-05-11,-490,719,635000300,0.50875
2012-05-11,-234,486,660002500,0.89027777777777783
2012-05-11,-234,487,660002500,0.95555555555555549
2012-05-11,23,-1696,440935000,1.1456944444444446
2012-05-11,23,-137,441734000,2.0266666666666664
2012-05-11,23,-1631,440780000,1.7515277777777778
2012-05-11,23,-1630,440780000,1.8183333333333334
2012-05-11,535,61,244157000,1.2272222222222222
2012-05-11,535,60,244157000,1.4712500000000002
2012-05-11,535,62,244157000,0.47138888888888886
2012-05-11,535,59,244157000,0.66680555555555554
2012-05-11,535,1545,273815900,5.516111111111111
2012-05-11,535,1544,273815900,7.0141666666666671
2012-05-11,535,62,244806000,1.9979166666666668
2012-05-11,535,59,245572000,3.2430555555555554
2012-05-11,535,60,245572000,0.64555555555555555
2012-05-11,535,57,245262000,2.2944444444444443
2012-05-11,535,58,245262000,1.7808333333333333
2012-05-11,535,-523,316011760,7.2363888888888894
2012-05-11,535,-522,316011760,4.1808333333333332
2012-05-11,-489,1665,440288000,0.7220833333333333
2012-05-11,-489,1664,440288000,2.8495833333333329
2012-05-11,-489,-637,701000735,1.7902777777777779
2012-05-11,-489,-636,701000735,3.8493055555555551
2012-05-11,-489,-613,701000551,11.326250000000002
2012-05-11,-489,-614,700000151,1.6002777777777777
2012-05-11,-489,-640,701006042,0.81152777777777785
2012-05-11,-489,718,635000300,1.1619444444444442
2012-05-11,-489,717,635000300,0.74513888888888868
2012-05-11,-489,716,635000300,0.40625
2012-05-11,24,-1697,440935000,0.9425
2012-05-11,24,-1695,440935000,0.68875000000000008
2012-05-11,24,-1696,440935000,0.18583333333333332
2012-05-11,24,-1630,440780000,1.3869444444444445
2012-05-11,24,-1663,441644000,1.9247222222222222
2012-05-11,24,-1666,441644000,0.7498611111111112
2012-05-11,536,63,244157000,0.59569444444444442
2012-05-11,536,62,244157000,1.0862500000000002
2012-05-11,536,63,244806000,1.8154166666666667
2012-05-11,536,-524,316011760,2.3313888888888892
2012-05-11,-488,1664,440288000,1.4852777777777775
2012-05-11,-488,1665,440288000,4.8433333333333328
2012-05-11,-488,1663,440288000,2.0512499999999996
2012-05-11,-488,-636,701000735,9.13875
2012-05-11,-488,-616,701006145,5.1734722222222222
2012-05-11,-488,-615,701006145,7.7261111111111109
2012-05-11,-488,-614,701000551,6.749305555555555
2012-05-11,-488,-613,701000551,5.3641666666666667
2012-05-11,-488,-610,701000648,1.8115277777777776
2012-05-11,-488,-611,701000648,6.9458333333333337
2012-05-11,-488,-640,701006042,0.83638888888888885
2012-05-11,-488,712,635000300,1.6240277777777776
2012-05-11,-488,717,635000300,0.72500000000000009
2012-05-11,-488,711,635000300,4.4537499999999994
2012-05-11,-488,716,635000300,4.22763888888889
2012-05-11,25,-1606,440522000,1.6640277777777777
2012-05-11,25,-1605,440522000,1.8430555555555554
2012-05-11,25,-1697,440935000,0.73319444444444448
2012-05-11,25,-1630,440780000,0.84486111111111106
2012-05-11,537,-525,316011910,6.4902777777777771
2012-05-11,537,70,211492000,1.6191666666666666
2012-05-11,-487,1663,440288000,4.4859722222222222
2012-05-11,-487,1664,440288000,5.0515277777777783
2012-05-11,-487,-615,701006133,15.001111111111111
2012-05-11,-487,-615,701000648,4.3593055555555553
2012-05-11,-487,712,635000300,6.7311111111111108
2012-05-11,-487,-617,701000689,5.1702777777777769
2012-05-11,-487,-616,701000689,4.8113888888888887
2012-05-11,26,-1623,440704000,1.1644444444444444
2012-05-11,26,-1626,440704000,1.2668055555555555
2012-05-11,26,-1627,440704000,3.3316666666666666
2012-05-11,26,-1620,440704000,1.7359722222222225
2012-05-11,26,-1622,440704000,0.83888888888888891
2012-05-11,26,-1627,441098000,1.6511111111111112
2012-05-11,26,-1609,440522000,0.92916666666666659
2012-05-11,26,-1608,440522000,1.8361111111111112
2012-05-11,26,-1607,440522000,3.8129166666666672
2012-05-11,26,-1624,440706000,0.83319444444444435
2012-05-11,26,-1667,441644000,1.6334722222222222
2012-05-11,538,-37,205237000,2.0252777777777777
2012-05-11,538,-61,250000465,12.555416666666668
2012-05-11,538,1507,273815910,10.586944444444445
2012-05-11,538,-526,316011910,4.5859722222222219
2012-05-11,-486,-615,701000884,5.6597222222222214
2012-05-11,-486,-614,701000884,2.35625
2012-05-11,-486,-613,701000884,3.1366666666666667
2012-05-11,-486,-637,701006042,0.58569444444444452
2012-05-11,-486,-638,701006042,0.74194444444444452
2012-05-11,-486,-610,701000673,4.8163888888888886
2012-05-11,27,-1617,440704000,1.7873611111111112
2012-05-11,27,-1627,440704000,0.83763888888888882
2012-05-11,27,-1619,441098000,1.7238888888888888
2012-05-11,27,-1622,441098000,1.3505555555555557
2012-05-11,27,-1621,441098000,0.66777777777777769
2012-05-11,27,-1627,441098000,1.7154166666666668
2012-05-11,27,-1626,441098000,0.82777777777777772
2012-05-11,27,-1625,441098000,1.2820833333333332
2012-05-11,27,-1609,440522000,0.92166666666666663
2012-05-11,27,-1610,440522000,1.8768055555555556
2012-05-11,27,-1627,441081000,1.6594444444444445
2012-05-11,27,-1627,440706000,5.4818055555555549
2012-05-11,27,-1625,440706000,1.1741666666666668
2012-05-11,27,-1629,440780000,0.82000000000000006
2012-05-11,539,-39,205237000,4.1673611111111111
2012-05-11,539,-37,205237000,2.075277777777778
2012-05-11,539,-38,205237000,5.5727777777777758
2012-05-11,539,1507,273815910,6.1366666666666676
2012-05-11,539,1508,273815910,7.237222222222222
2012-05-11,539,1444,273810400,3.8168055555555553
2012-05-11,-485,713,635225000,6.0188888888888892
2012-05-11,-485,712,635225000,6.7506944444444468
2012-05-11,-485,711,635225000,6.0415277777777785
2012-05-11,-229,360,725000287,0.82791666666666663
2012-05-11,28,-1617,440704000,2.0091666666666663
2012-05-11,28,-1609,440522000,3.5881944444444445
2012-05-11,28,-1625,440612000,1.6344444444444446
2012-05-11,28,-1620,440612000,0.37569444444444444
2012-05-11,28,-1623,440612000,1.13625
2012-05-11,28,-1621,440612000,0.81555555555555559
2012-05-11,28,-1619,440612000,0.91333333333333333
2012-05-11,28,-1622,440612000,0.61819444444444449
2012-05-11,28,-1622,441081000,0.83083333333333331
2012-05-11,28,-1624,441081000,0.82513888888888887
2012-05-11,28,-1618,441081000,1.7374999999999998
2012-05-11,28,-1621,441081000,1.3829166666666666
2012-05-11,28,-1625,441081000,0.88611111111111107
2012-05-11,28,1737,440920000,1.276388888888889
2012-05-11,28,1736,440920000,1.17625
2012-05-11,28,-1629,440780000,0.92347222222222225
2012-05-11,540,-38,205237000,0.88041666666666674
2012-05-11,540,-40,205237000,0.62388888888888894
2012-05-11,540,-39,205237000,3.4773611111111107
2012-05-11,540,1443,273810400,1.5415277777777776
2012-05-11,540,1442,273810400,1.536111111111111
2012-05-11,-484,712,635225000,0.75680555555555562
2012-05-11,-484,-636,701006042,1.3609722222222222
2012-05-11,29,-1617,441098000,4.3695833333333338
2012-05-11,29,-1618,441098000,3.6091666666666664
2012-05-11,29,-1609,440522000,1.7431944444444443
2012-05-11,29,-1611,440987000,1.8348611111111111
2012-05-11,29,-1612,440987000,2.9401388888888889
2012-05-11,29,-1615,440987000,5.2654166666666669
2012-05-11,29,-1614,440987000,3.8016666666666667
2012-05-11,29,-1613,440987000,0.86819444444444438
2012-05-11,29,-1616,440987000,0.89319444444444451
2012-05-11,29,-1620,440612000,1.8404166666666668
2012-05-11,29,-1623,440612000,1.6556944444444444
2012-05-11,29,-1618,440612000,1.9104166666666667
2012-05-11,29,-1626,440612000,2.1584722222222221
2012-05-11,29,-1617,440612000,1.8158333333333334
2012-05-11,29,-1622,440612000,1.0879166666666666
2012-05-11,29,-1624,440612000,1.8508333333333331
2012-05-11,29,-1627,440612000,3.305277777777778
2012-05-11,29,-1621,440612000,0.92236111111111119
2012-05-11,29,-1619,440612000,1.7715277777777778
2012-05-11,29,-1627,441081000,1.8977777777777778
2012-05-11,29,-1621,441081000,0.86472222222222217
2012-05-11,29,-1619,441081000,1.8350000000000002
2012-05-11,29,-1620,441081000,0.92638888888888893
2012-05-11,29,-1617,441081000,1.8430555555555554
2012-05-11,29,-1618,441081000,1.8291666666666666
2012-05-11,29,1736,440920000,1.1416666666666666
2012-05-11,29,1733,440920000,1.3795833333333334
2012-05-11,541,7,244309000,1.183888888888889
2012-05-11,541,1542,273814900,1.566527777777778
2012-05-11,541,1541,273814900,7.213055555555556
2012-05-11,541,1540,273814900,4.7216666666666667
2012-05-11,541,1543,273814900,10.297638888888891
2012-05-11,541,1554,273810110,5.5568055555555551
2012-05-11,541,1547,273810110,0.77055555555555555
2012-05-11,541,1543,273810110,5.6225
2012-05-11,541,1550,273810110,3.8001388888888887
2012-05-11,541,1546,273810110,0.80138888888888893
2012-05-11,541,-115,235054804,12.604722222222222
2012-05-11,541,1446,273810400,7.2179166666666665
2012-05-11,541,1553,273814510,1.58625
2012-05-11,541,1554,273814510,9.3709722222222229
2012-05-11,-483,713,635225000,0.78027777777777785
2012-05-11,30,-1614,440987000,0.85458333333333336
2012-05-11,30,-1613,440987000,0.2680555555555556
2012-05-11,30,-1615,440987000,0.65222222222222226
2012-05-11,30,-1623,440645000,3.8086111111111105
2012-05-11,30,-1615,440645000,1.7366666666666666
2012-05-11,30,-1621,440645000,1.0055555555555555
2012-05-11,30,-1624,440645000,1.6413888888888888
2012-05-11,30,-1620,440645000,0.86097222222222236
2012-05-11,30,-1617,440645000,1.7594444444444446
2012-05-11,30,-1619,440645000,2.1015277777777777
2012-05-11,30,-1616,440645000,1.737638888888889
2012-05-11,30,-1623,441081000,1.76125
2012-05-11,30,-1625,441081000,1.80125
2012-05-11,30,-1622,441081000,1.7304166666666667
2012-05-11,30,-1626,441081000,1.7670833333333333
2012-05-11,30,-1621,441081000,0.21930555555555553
2012-05-11,30,1736,440920000,1.6869444444444446
2012-05-11,30,1733,440920000,3.9518055555555551
2012-05-11,30,1737,440920000,1.4648611111111109
2012-05-11,30,-1628,440780000,1.6206944444444444
2012-05-11,542,-1613,366297000,0.82111111111111124
2012-05-11,542,1543,273810110,0.80138888888888893
2012-05-11,542,1542,273810110,6.7830555555555554
2012-05-11,542,1445,273810400,9.0143055555555556
2012-05-11,-482,714,635225000,3.035
2012-05-11,-482,-633,701006042,3.2041666666666666
2012-05-11,31,-1613,440987000,0.90708333333333324
2012-05-11,31,-1614,440645000,1.1204166666666666
2012-05-11,31,1736,440920000,3.391111111111111
2012-05-11,31,1733,440920000,1.7591666666666665
2012-05-11,31,1734,440920000,2.0619444444444444
2012-05-11,543,119,219000613,0.70041666666666669
2012-05-11,543,118,219000613,1.17375
2012-05-11,543,117,219000613,0.86888888888888882
2012-05-11,543,1614,273445310,6.3930555555555557
2012-05-11,543,1615,273445310,8.15388888888889
2012-05-11,543,1514,273358840,4.8905555555555553
2012-05-11,32,-1609,440522000,1.3580555555555556
2012-05-11,32,-1621,440648000,0.71944444444444444
2012-05-11,32,-1614,440645000,0.91388888888888886
2012-05-11,32,1734,440920000,1.8718055555555555
2012-05-11,544,119,219000613,0.33444444444444443
2012-05-11,544,-1591,366297000,3.9398611111111106
2012-05-11,544,-1592,366297000,2.1070833333333336
2012-05-11,544,1614,273445310,2.3501388888888886
2012-05-11,544,1514,273358840,1.5263888888888888
2012-05-11,-224,89,224084640,2.1040277777777776
2012-05-11,-224,8,224049630,2.0004166666666667
2012-05-11,33,-1608,440522000,0.87791666666666668
2012-05-11,33,-1622,440648000,2.0188888888888892
2012-05-11,33,-1623,440648000,1.8309722222222222
2012-05-11,33,-1621,440648000,2.7954166666666667
2012-05-11,33,-1613,440987000,0.89055555555555554
2012-05-11,545,2,235000489,2.8209722222222222
2012-05-11,545,1618,273445310,0.73888888888888893
2012-05-11,545,-109,235054804,6.84875
2012-05-11,545,1546,273840100,12.056805555555556
2012-05-11,545,1547,273840100,10.770555555555557
2012-05-11,545,1547,273817070,4.7194444444444441
2012-05-11,-479,1688,440296000,5.0172222222222222
2012-05-11,-479,-612,701007043,16.414583333333333
2012-05-11,-479,-632,701006046,0.27236111111111116
2012-05-11,-479,-631,701006046,0.39111111111111119
2012-05-11,-479,-612,701000681,7.2406944444444443
2012-05-11,-223,-704,725000027,3.0573611111111112
2012-05-11,-223,-704,725000028,8.9847222222222225
2012-05-11,-223,360,725000287,5.3719444444444449
2012-05-11,-223,-704,725000131,8.1894444444444439
2012-05-11,-223,8,224049630,0.75930555555555557
2012-05-11,34,1717,440885000,0.80972222222222223
2012-05-11,34,-1607,440522000,0.71402777777777771
2012-05-11,34,-1606,440522000,0.97083333333333333
2012-05-11,34,-1623,440648000,1.7622222222222224
2012-05-11,34,-1621,440648000,3.010555555555555
2012-05-11,34,-1613,440987000,0.37333333333333329
2012-05-11,34,-1614,440645000,1.2584722222222222
2012-05-11,546,1,235000489,15.240555555555554
2012-05-11,546,2,235000489,4.2601388888888891
2012-05-11,546,1547,273840100,1.6288888888888891
2012-05-11,546,1547,273817070,1.2629166666666665
2012-05-11,-478,1688,440296000,1.6240277777777776
2012-05-11,-478,1695,512400000,3.7501388888888889
2012-05-11,-478,-614,701007043,6.4436111111111112
2012-05-11,-478,-631,701006046,0.73944444444444446
2012-05-11,-222,-704,725000027,4.2345833333333331
2012-05-11,-222,360,725000287,1.9956944444444444
2012-05-11,-222,-705,725000131,1.4951388888888888
2012-05-11,-222,-704,725000131,1.7969444444444445
2012-05-11,-222,7,224049630,5.3361111111111112
2012-05-11,-222,4,224049630,2.1113888888888885
2012-05-11,-222,3,224049630,1.8109722222222222
2012-05-11,-222,8,224049630,1.2930555555555556
2012-05-11,35,1717,440885000,0.70263888888888892
2012-05-11,35,-1622,440648000,2.575
2012-05-11,35,-1623,440648000,3.3248611111111108
2012-05-11,35,-1621,440648000,0.26305555555555554
2012-05-11,35,-1613,440987000,0.82541666666666669
2012-05-11,35,-1614,440645000,0.86277777777777775
2012-05-11,547,-1650,367484550,0.7401388888888889
2012-05-11,547,1547,273817070,17.036944444444448
2012-05-11,547,1546,273817070,0.79180555555555554
2012-05-11,-477,1689,440296000,6.5784722222222216
2012-05-11,-477,1693,512400000,2.0773611111111112
2012-05-11,-477,-640,701000628,0.6025
2012-05-11,-477,-638,701000628,3.1947222222222225
2012-05-11,-477,-642,701000628,0.55944444444444441
2012-05-11,-477,-639,701000628,0.80291666666666661
2012-05-11,-477,-630,701006046,0.73777777777777775
2012-05-11,-221,-704,725000030,0.43374999999999997
2012-05-11,-221,89,224084640,1.6331944444444446
2012-05-11,-221,-704,725000131,1.7606944444444443
2012-05-11,-221,8,224049630,0.83458333333333334
2012-05-11,-221,6,224049630,2.0802777777777779
2012-05-11,-221,5,224049630,3.0556944444444443
2012-05-11,36,1718,440885000,0.8206944444444445
2012-05-11,36,1719,440885000,1.2573611111111109
2012-05-11,36,-1605,440522000,1.6887500000000002
2012-05-11,36,-1621,440648000,0.897361111111111
2012-05-11,36,1608,440583000,1.287361111111111
2012-05-11,36,-1613,440987000,0.62152777777777779
2012-05-11,548,-1648,367484550,1.26125
2012-05-11,548,-1649,367484550,2.3625
2012-05-11,548,-104,235215000,7.2455555555555566
2012-05-11,804,158,258535000,1.5166666666666666
2012-05-11,804,161,258535000,1.5818055555555555
2012-05-11,-476,-104,601971000,0.8322222222222222
2012-05-11,-476,-105,601971000,10.044305555555557
2012-05-11,-476,-103,601971000,0.72888888888888892
2012-05-11,-476,1690,440296000,2.0755555555555554
2012-05-11,-476,1694,512400000,4.8722222222222227
2012-05-11,-476,-635,701000628,0.75694444444444442
2012-05-11,-476,-636,701000628,1.609861111111111
2012-05-11,-476,-634,701000628,4.3731944444444437
2012-05-11,-476,-638,701000628,3.173888888888889
2012-05-11,-476,-630,701006046,0.55583333333333329
2012-05-11,-220,88,224084640,2.8938888888888887
2012-05-11,-220,7,224049630,0.85833333333333339
2012-05-11,-220,5,224049630,1.7494444444444444
2012-05-11,-220,6,224049630,0.8488888888888888
2012-05-11,-220,3,224049630,1.7029166666666666
2012-05-11,37,-1621,440648000,0.37083333333333335
2012-05-11,37,-1613,440987000,1.0983333333333334
2012-05-11,37,-1614,440645000,0.794861111111111
2012-05-11,549,-1647,367484550,5.2026388888888881
2012-05-11,549,-1649,367484550,9.8600000000000012
2012-05-11,549,-104,235215000,5.3597222222222225
2012-05-11,805,157,258535000,1.6181944444444443
2012-05-11,-475,-105,601971000,0.82361111111111107
2012-05-11,-475,-104,601971000,0.84597222222222213
2012-05-11,-475,1691,440296000,1.6023611111111107
2012-05-11,-475,1694,512400000,5.6247222222222222
2012-05-11,-475,1696,512400000,5.8275
2012-05-11,-475,1695,512400000,1.6252777777777778
2012-05-11,-475,-628,701006042,3.23375
2012-05-11,-475,-628,701006046,3.7718055555555554
2012-05-11,-219,88,224084640,3.0195833333333333
2012-05-11,38,1509,431379000,0.9125
2012-05-11,38,-1621,440648000,0.88180555555555551
2012-05-11,38,-1614,440645000,0.93166666666666664
2012-05-11,550,-1648,367484550,1.5540277777777778
2012-05-11,550,1475,273352640,2.0995833333333334
2012-05-11,550,1476,273352640,6.1725
2012-05-11,-474,1692,440296000,3.1637500000000003
2012-05-11,-474,-628,701006042,6.6580555555555563
2012-05-11,-474,-627,701000935,1.2934722222222221
2012-05-11,-218,89,224084640,2.0919444444444446
2012-05-11,39,1717,440885000,0.83611111111111114
2012-05-11,39,1720,440885000,2.1279166666666667
2012-05-11,39,-1621,440648000,0.800138888888889
2012-05-11,39,-1613,440987000,0.72736111111111112
2012-05-11,551,-1649,367484550,3.1575
2012-05-11,551,-1565,367167410,3.96625
2012-05-11,551,-1566,367167410,0.80166666666666664
2012-05-11,551,1476,273352640,4.7601388888888891
2012-05-11,551,1475,273352640,6.4594444444444452
2012-05-11,551,1474,273352640,0.76111111111111118
2012-05-11,551,1473,273352640,3.8441666666666667
2012-05-11,-473,1693,440296000,4.5026388888888889
2012-05-11,-473,-603,441309000,5.65625
2012-05-11,-473,-604,441309000,1.6195833333333334
2012-05-11,-473,-627,701000885,0.77652777777777771
2012-05-11,-473,-626,701000900,5.7148611111111114
2012-05-11,-473,-628,701000935,1.825277777777778
2012-05-11,-473,-627,701000935,1.8787500000000001
2012-05-11,-217,89,224084640,2.9988888888888887
2012-05-11,-217,90,224084640,1.0711111111111111
2012-05-11,40,1720,440885000,1.6368055555555554
2012-05-11,40,1716,440885000,3.430277777777778
2012-05-11,40,1717,440885000,0.92958333333333332
2012-05-11,40,1714,440885000,3.7056944444444446
2012-05-11,40,1718,440885000,2.9509722222222221
2012-05-11,40,-1618,440648000,1.6952777777777777
2012-05-11,40,-1620,440648000,0.89166666666666661
2012-05-11,40,-1509,440966000,1.8193055555555557
2012-05-11,40,-1613,440987000,0.95263888888888892
2012-05-11,40,-1614,440645000,1.6291666666666667
2012-05-11,40,-1436,431938000,1.6787499999999997
2012-05-11,552,1717,273894710,5.6597222222222214
2012-05-11,552,-101,225382000,12.252916666666668
2012-05-11,552,1554,273424250,7.2
2012-05-11,552,146,220046000,5.8852777777777785
2012-05-11,552,145,220046000,0.70194444444444448
2012-05-11,-472,-626,701000757,0.76402777777777775
2012-05-11,-472,-627,701000757,7.1419444444444444
2012-05-11,-472,-629,701000757,3.8152777777777773
2012-05-11,-472,-625,701000757,1.5680555555555555
2012-05-11,-472,-604,441309000,3.2190277777777778
2012-05-11,-472,-628,701000542,12.649583333333334
2012-05-11,-472,-626,701000542,7.2250000000000005
2012-05-11,-472,-627,701000542,5.3254166666666665
2012-05-11,-472,-604,440528000,5.1758333333333333
2012-05-11,-472,-628,701000885,0.78263888888888888
2012-05-11,-472,-627,701000885,3.8323611111111107
2012-05-11,-472,-629,701000885,3.181111111111111
2012-05-11,-472,-626,701000885,7.2916666666666661
2012-05-11,-472,-625,701000885,1.5440277777777778
2012-05-11,-472,-625,701000900,1.536111111111111
2012-05-11,-472,-627,701000900,6.1158333333333337
2012-05-11,-472,-626,701000900,0.79555555555555557
2012-05-11,-472,-626,701006046,4.8208333333333337
2012-05-11,-472,-625,701006046,1.5481944444444444
2012-05-11,-472,-627,701000935,4.5608333333333331
2012-05-11,-472,-625,701000935,5.085
2012-05-11,-472,-629,701000935,3.2430555555555554
2012-05-11,-472,-626,701000935,1.575
2012-05-11,-472,-626,701000690,5.1375
2012-05-11,-472,-625,701000690,1.5834722222222224
2012-05-11,-472,-627,701000690,4.5372222222222227
2012-05-11,-216,-758,224050000,3.0526388888888887
2012-05-11,-216,-757,224050000,3.1768055555555552
2012-05-11,-216,-756,224050000,1.2472222222222222
2012-05-11,-216,-703,725000027,2.19625
2012-05-11,-216,90,224084640,4.0322222222222219
2012-05-11,41,1719,440885000,1.6944444444444444
2012-05-11,41,1718,440885000,2.6056944444444445
2012-05-11,41,-1437,431938000,1.8952777777777778
2012-05-11,41,-1436,431938000,1.0258333333333334
2012-05-11,553,1719,273894710,10.726944444444445
2012-05-11,553,1718,273894710,1.5384722222222222
2012-05-11,553,1720,273894710,0.77652777777777782
2012-05-11,553,145,220046000,1.2229166666666667
2012-05-11,553,-1565,367167410,0.50319444444444439
2012-05-11,-471,-661,701000960,8.8333333333333321
2012-05-11,-471,-662,701000960,4.0131944444444443
2012-05-11,-471,-662,701006094,6.1504166666666675
2012-05-11,-471,-660,701006094,0.53916666666666668
2012-05-11,-471,-661,701066000,5.3497222222222218
2012-05-11,-471,-662,701066000,19.024722222222223
2012-05-11,-471,-628,701000757,1.5901388888888888
2012-05-11,-471,-660,701000539,0.53013888888888894
2012-05-11,-471,-659,701000539,0.55222222222222228
2012-05-11,-471,-603,440528000,1.5725
2012-05-11,-471,-661,701000612,11.005555555555555
2012-05-11,-471,-662,701000612,1.3611111111111112
2012-05-11,-471,-661,701000614,8.2106944444444441
2012-05-11,-471,-662,701000614,5.3988888888888882
2012-05-11,-471,-662,701000615,7.7987500000000018
2012-05-11,-471,-661,701000615,0.82180555555555546
2012-05-11,-471,-662,701000658,8.2991666666666664
2012-05-11,-471,-662,701000932,4.5737499999999995
2012-05-11,-471,-628,701000690,11.882361111111111
2012-05-11,-215,-702,725010191,0.95930555555555563
2012-05-11,-215,-755,224050000,3.3130555555555556
2012-05-11,-215,-702,725001850,1.9454166666666666
2012-05-11,-215,91,224084640,1.7331944444444445
2012-05-11,42,-1508,440966000,1.8241666666666667
2012-05-11,42,-1510,440966000,1.7604166666666667
2012-05-11,42,-1436,431938000,0.91124999999999989
2012-05-11,42,82,376107000,10.385138888888889
2012-05-11,42,83,376107000,7.4790277777777776
2012-05-11,554,1719,273894710,1.558888888888889
2012-05-11,554,1718,273894710,2.2833333333333332
2012-05-11,554,-99,225382000,7.202638888888889
2012-05-11,554,-101,227344000,11.131805555555555
2012-05-11,554,1488,273812400,11.026250000000001
2012-05-11,554,-1639,303672000,1.4929166666666667
2012-05-11,554,-1638,303672000,2.399027777777778
2012-05-11,554,1483,273421800,4.59875
2012-05-11,554,1485,273421800,6.868611111111111
2012-05-11,554,1487,273421800,4.8959722222222224
2012-05-11,-470,-662,701000960,1.5341666666666667
2012-05-11,-470,-602,440191000,6.1725
2012-05-11,-470,-604,440191000,4.5884722222222223
2012-05-11,-470,-603,440191000,7.3343055555555559
2012-05-11,-470,-603,441309000,6.4927777777777784
2012-05-11,-470,-604,441309000,2.2954166666666667
2012-05-11,-470,-602,441276000,0.33361111111111114
2012-05-11,-470,-603,441276000,4.2891666666666666
2012-05-11,-470,-604,441276000,5.9258333333333333
2012-05-11,-470,-604,440528000,5.6376388888888895
2012-05-11,-470,-603,440528000,5.2795833333333331
2012-05-11,-470,-604,441050000,6.9725
2012-05-11,-470,-603,441050000,9.3477777777777789
2012-05-11,-214,-753,224050000,1.7825
2012-05-11,-214,-754,224050000,1.71875
2012-05-11,-214,90,224084640,2.6052777777777778
2012-05-11,43,-1799,440584000,0.26666666666666666
2012-05-11,43,-1511,440966000,1.87
2012-05-11,43,-1800,440623000,0.91402777777777777
2012-05-11,43,-1438,431938000,1.8269444444444445
2012-05-11,43,83,376107000,6.6265277777777776
2012-05-11,555,1719,273894710,1.5723611111111111
2012-05-11,555,1481,273310630,4.8780555555555551
2012-05-11,555,1485,273812400,1.560138888888889
2012-05-11,555,1486,273812400,12.585416666666667
2012-05-11,555,-1646,303672000,2.7930555555555552
2012-05-11,555,-1639,303672000,2.3786111111111112
2012-05-11,555,-1638,303672000,3.8305555555555557
2012-05-11,555,1486,273421800,1.544027777777778
2012-05-11,555,1484,273421800,1.6004166666666668
2012-05-11,555,1482,273421800,1.5618055555555554
2012-05-11,555,1483,273421800,3.0265277777777779
2012-05-11,-469,-660,701006094,2.671388888888889
2012-05-11,-469,-602,440191000,1.3820833333333333
2012-05-11,-469,-602,441309000,1.3481944444444445
2012-05-11,-469,-603,441276000,3.0715277777777774
2012-05-11,-469,-602,441276000,0.77347222222222223
2012-05-11,-469,-602,440528000,2.4333333333333336
2012-05-11,-469,-602,441050000,2.40875
2012-05-11,-469,-661,701000612,5.1469444444444443
2012-05-11,-213,-753,224050000,1.2877777777777777
2012-05-11,44,-1511,440966000,1.1816666666666666
2012-05-11,44,-1512,440966000,0.81930555555555551
2012-05-11,44,-1800,440624000,1.1093055555555555
2012-05-11,44,-1799,440624000,0.91680555555555565
2012-05-11,44,1798,440624000,0.66944444444444451
2012-05-11,44,1798,440623000,3.5655555555555551
2012-05-11,44,1796,440623000,3.336527777777778
2012-05-11,44,1799,440623000,1.7638888888888888
2012-05-11,44,-1800,440623000,3.0104166666666665
2012-05-11,44,1795,440623000,1.7391666666666667
2012-05-11,44,1797,440623000,2.1130555555555555
2012-05-11,44,1794,440623000,5.4413888888888895
2012-05-11,44,-1438,431938000,1.9120833333333334
2012-05-11,44,-1437,431938000,1.8595833333333331
2012-05-11,556,-94,250000275,9.6365277777777774
2012-05-11,556,1483,273310630,0.78847222222222224
2012-05-11,556,1484,273310630,0.75430555555555556
2012-05-11,556,-1646,303672000,1.1458333333333335
2012-05-11,-468,-660,701000960,5.23013888888889
2012-05-11,-468,-662,701006094,4.43875
2012-05-11,-468,-660,701000742,1.565
2012-05-11,-468,-661,701000742,4.3705555555555557
2012-05-11,-468,-603,441276000,5.71125
2012-05-11,-468,-602,441050000,5.1688888888888886
2012-05-11,-468,-660,701000658,4.94125
2012-05-11,-212,-753,224050000,1.8529166666666668
2012-05-11,-212,-751,224050000,0.84430555555555553
2012-05-11,-212,-752,224050000,3.2283333333333331
2012-05-11,45,1795,440958000,3.4733333333333336
2012-05-11,45,1794,440958000,3.6722222222222221
2012-05-11,45,1799,440958000,0.89847222222222223
2012-05-11,45,1796,440958000,1.7195833333333332
2012-05-11,45,1798,440958000,2.5422222222222226
2012-05-11,45,1797,440958000,3.8293055555555555
2012-05-11,45,-1741,224680000,0.21583333333333335
2012-05-11,45,-1470,440871000,3.6138888888888889
2012-05-11,45,-1512,440966000,1.7958333333333332
2012-05-11,45,-1507,440966000,1.3263888888888888
2012-05-11,45,-1800,440624000,0.91652777777777783
2012-05-11,45,-1435,431938000,0.28888888888888886
2012-05-11,45,-1438,431938000,1.7779166666666666
2012-05-11,45,-1437,431938000,2.21875
2012-05-11,45,-1436,431938000,4.0829166666666667
2012-05-11,557,1485,273310630,3.1630555555555557
2012-05-11,-467,-660,701000742,3.9533333333333331
2012-05-11,-211,-766,224918000,2.0684722222222223
2012-05-11,-211,-765,224918000,3.0586111111111109
2012-05-11,46,-18,627006000,12.721666666666664
2012-05-11,46,-17,627006000,3.3747222222222217
2012-05-11,46,-1800,440958000,0.87458333333333327
2012-05-11,46,1798,440958000,2.825
2012-05-11,46,1513,431379000,1.5458333333333334
2012-05-11,46,-1464,440786000,2.6631944444444446
2012-05-11,46,-1465,440786000,2.0068055555555553
2012-05-11,46,-1466,440786000,3.5593055555555555
2012-05-11,46,-1462,440786000,4.5648611111111119
2012-05-11,46,-1463,440786000,2.7443055555555556
2012-05-11,46,-1467,440786000,1.8472222222222223
2012-05-11,46,-1470,440871000,1.8140277777777776
2012-05-11,46,-1469,440871000,0.95416666666666661
2012-05-11,46,-1507,440966000,0.80277777777777781
2012-05-11,46,-1513,440966000,1.6930555555555555
2012-05-11,46,-1798,440624000,0.95583333333333331
2012-05-11,46,-1800,440624000,2.90875
2012-05-11,46,-1799,440624000,1.3788888888888888
2012-05-11,46,-1468,440847000,0.90833333333333333
2012-05-11,46,-1463,440847000,1.7801388888888889
2012-05-11,46,-1464,440847000,1.9055555555555554
2012-05-11,46,-1462,440847000,5.49638888888889
2012-05-11,46,-1436,431938000,0.8995833333333334
2012-05-11,558,1484,273351500,11.225277777777777
2012-05-11,558,-1539,367343270,2.5544444444444441
2012-05-11,558,-1538,367343270,5.8722222222222227
2012-05-11,558,1487,273310630,0.74138888888888888
2012-05-11,558,1488,273310630,1.5593055555555555
2012-05-11,558,1484,273310630,3.0333333333333337
2012-05-11,558,1486,273310630,6.1009722222222216
2012-05-11,558,1485,273827800,5.6458333333333339
2012-05-11,558,1483,273827800,1.5573611111111112
2012-05-11,-466,-660,701000742,4.3359722222222228
2012-05-11,-210,-767,224918000,2.1331944444444444
2012-05-11,-210,-761,224918000,3.1558333333333333
2012-05-11,47,-16,627006000,1.865
2012-05-11,47,-1800,440958000,1.1968055555555557
2012-05-11,47,-1503,440382000,1.9016666666666668
2012-05-11,47,-1504,440382000,1.7305555555555556
2012-05-11,47,-517,745004100,1.3793055555555556
2012-05-11,47,-516,745004100,1.3470833333333332
2012-05-11,47,-1467,440786000,1.7415277777777778
2012-05-11,47,-1464,440871000,1.7952777777777778
2012-05-11,47,-1467,440871000,1.8291666666666666
2012-05-11,47,-1469,440871000,0.82361111111111118
2012-05-11,47,-1466,440871000,1.8572222222222221
2012-05-11,47,-1463,440871000,1.8745833333333333
2012-05-11,47,-1468,440871000,1.9070833333333332
2012-05-11,47,-516,745003100,3.2181944444444444
2012-05-11,47,-515,745003100,2.1791666666666667
2012-05-11,47,-1513,440966000,1.7736111111111112
2012-05-11,47,-1508,440966000,0.77638888888888891
2012-05-11,47,-1514,440966000,1.8734722222222222
2012-05-11,47,-1799,440624000,0.92166666666666663
2012-05-11,47,-1796,440624000,0.9323611111111112
2012-05-11,47,-1800,440624000,1.6809722222222223
2012-05-11,47,-1797,440624000,0.80541666666666667
2012-05-11,47,-1466,440847000,1.7494444444444444
2012-05-11,47,-1468,440847000,2.8505555555555553
2012-05-11,47,-1465,440847000,1.8272222222222223
2012-05-11,47,-1437,431938000,3.4018055555555553
2012-05-11,559,1486,273892110,4.8530555555555557
2012-05-11,559,1484,273892110,4.5933333333333337
2012-05-11,559,1488,273417010,0.77041666666666675
2012-05-11,559,1482,273351500,1.608888888888889
2012-05-11,559,-1536,367002510,17.431111111111111
2012-05-11,559,-1535,367002510,1.5116666666666667
2012-05-11,559,-1537,367002510,1.6391666666666667
2012-05-11,559,-1538,367343270,1.9456944444444444
2012-05-11,559,1484,273310630,3.08
2012-05-11,559,1435,273358010,3.841388888888889
2012-05-11,559,1482,273827800,1.3747222222222222
2012-05-11,559,1483,273827800,3.0709722222222222
2012-05-11,559,1485,273827800,7.2286111111111113
2012-05-11,559,1484,273827800,4.7351388888888888
2012-05-11,559,-73,250369000,17.173472222222223
2012-05-11,-465,-657,701000742,4.6431944444444442
2012-05-11,-209,-894,224626000,0.41666666666666669
2012-05-11,-209,-767,224918000,0.86375
2012-05-11,-209,-762,224918000,1.89625
2012-05-11,-209,-761,224918000,1.8625
2012-05-11,48,-15,627006000,3.2649999999999997
2012-05-11,48,-16,627006000,3.1945833333333331
2012-05-11,48,1799,440958000,2.72125
2012-05-11,48,-1506,440382000,1.7223611111111112
2012-05-11,48,-1504,440382000,1.8291666666666668
2012-05-11,48,-1509,440382000,3.2081944444444441
2012-05-11,48,-1507,440382000,2.7625
2012-05-11,48,-1503,440382000,1.7681944444444444
2012-05-11,48,-1505,440382000,2.0108333333333333
2012-05-11,48,-518,745000500,0.92902777777777779
2012-05-11,48,-517,745000500,0.95277777777777783
2012-05-11,48,1514,431379000,1.8040277777777778
2012-05-11,48,-515,745004100,0.83291666666666675
2012-05-11,48,-1473,440786000,0.83180555555555558
2012-05-11,48,-1470,440786000,2.1695833333333332
2012-05-11,48,-1472,440786000,0.84597222222222213
2012-05-11,48,-1462,440871000,1.8129166666666667
2012-05-11,48,-515,745003100,1.5259722222222223
2012-05-11,48,-1514,440966000,1.8334722222222224
2012-05-11,48,-1509,440966000,0.96666666666666667
2012-05-11,48,-1800,440624000,0.9258333333333334
2012-05-11,48,-1798,440624000,2.0905555555555555
2012-05-11,48,-1799,440624000,1.6330555555555555
2012-05-11,48,-1796,440624000,1.6431944444444446
2012-05-11,48,-1797,440624000,1.7793055555555555
2012-05-11,48,-1795,440624000,1.390138888888889
2012-05-11,48,-1469,440847000,1.7341666666666666
2012-05-11,48,-1470,441825000,1.8125
2012-05-11,48,-1461,441825000,1.7359722222222222
2012-05-11,48,-1464,441825000,1.9234722222222222
2012-05-11,48,-1467,441825000,1.8280555555555555
2012-05-11,48,-1471,441825000,3.7279166666666668
2012-05-11,48,-1469,441825000,1.7819444444444446
2012-05-11,48,-1468,441825000,1.9012499999999999
2012-05-11,48,-1463,441825000,1.8319444444444444
2012-05-11,48,-1466,441825000,1.7611111111111111
2012-05-11,560,1484,273892110,5.372638888888889
2012-05-11,560,1485,273892110,7.2312499999999993
2012-05-11,560,1488,273417010,0.79916666666666658
2012-05-11,560,-1634,367068230,2.7984722222222222
2012-05-11,560,-1635,367068230,5.21625
2012-05-11,560,-1633,367068230,6.7558333333333334
2012-05-11,560,-1636,367068230,0.74986111111111109
2012-05-11,560,1482,273351500,1.5190277777777776
2012-05-11,560,-1695,367083630,4.9222222222222216
2012-05-11,560,-1693,367083630,0.77930555555555547
2012-05-11,560,-1694,367083630,5.5377777777777784
2012-05-11,560,-1696,367083630,5.4933333333333341
2012-05-11,560,1502,273816200,5.6251388888888894
2012-05-11,560,1501,273816200,1.6069444444444443
2012-05-11,560,1500,273816200,7.179444444444445
2012-05-11,560,1503,273816200,5.6180555555555562
2012-05-11,560,1501,273431690,11.219722222222224
2012-05-11,560,1500,273431690,6.9347222222222227
2012-05-11,560,-1536,367002510,3.1909722222222223
2012-05-11,560,1460,273810080,4.865
2012-05-11,560,1458,273810080,7.4134722222222225
2012-05-11,560,1456,273810080,1.5494444444444444
2012-05-11,560,1457,273810080,14.652083333333334
2012-05-11,560,1434,273358010,1.6988888888888889
2012-05-11,560,1455,273435850,6.407916666666666
2012-05-11,-464,-657,701000742,2.3498611111111112
2012-05-11,-464,-610,701006140,4.5245833333333332
2012-05-11,-208,-894,224626000,0.73249999999999993
2012-05-11,-208,-767,224918000,2.6430555555555557
2012-05-11,-208,-761,224918000,4.2269444444444444
2012-05-11,-208,9,224267000,7.48125
2012-05-11,49,-1508,440382000,3.1243055555555559
2012-05-11,49,-1507,440382000,0.32361111111111113
2012-05-11,49,1514,431379000,2.2233333333333332
2012-05-11,49,-1800,441811000,0.91124999999999989
2012-05-11,49,1793,441811000,3.6075
2012-05-11,49,1794,441811000,1.82625
2012-05-11,49,1795,441811000,1.7375
2012-05-11,49,1798,441811000,0.9375
2012-05-11,49,1799,441811000,1.7170833333333333
2012-05-11,49,1796,441811000,3.370138888888889
2012-05-11,49,1797,441811000,2.0916666666666668
2012-05-11,49,-515,745004100,1.5934722222222222
2012-05-11,49,-1475,440786000,1.7540277777777777
2012-05-11,49,-1777,440647000,1.8830555555555557
2012-05-11,49,-515,745003100,3.0197222222222222
2012-05-11,49,-1510,440966000,1.675
2012-05-11,49,-1507,441014000,1.7195833333333335
2012-05-11,49,-1503,441014000,1.9215277777777775
2012-05-11,49,-1506,441014000,2.0126388888888886
2012-05-11,49,-1510,441014000,3.642638888888889
2012-05-11,49,-1504,441014000,3.5686111111111112
2012-05-11,49,-1505,441014000,1.7516666666666667
2012-05-11,49,-1508,441014000,1.7977777777777777
2012-05-11,49,-1509,441014000,1.8191666666666668
2012-05-11,561,-1534,366736140,10.417916666666668
2012-05-11,561,1487,273417010,4.8438888888888885
2012-05-11,561,1478,273351500,1.5534722222222221
2012-05-11,561,-1695,367083630,7.2447222222222223
2012-05-11,561,-94,227344000,11.816527777777777
2012-05-11,561,1500,273816200,3.7818055555555552
2012-05-11,561,1501,273431690,5.93513888888889
2012-05-11,561,1432,273350810,14.599583333333333
2012-05-11,561,1431,273350810,6.9722222222222214
2012-05-11,561,-1641,366820000,10.682499999999997
2012-05-11,561,1433,273358010,1.6168055555555556
2012-05-11,561,1432,273358010,9.7586111111111116
2012-05-11,561,1431,273358010,2.8476388888888886
2012-05-11,561,1467,273435850,1.5934722222222222
2012-05-11,561,1469,273435850,6.3484722222222238
2012-05-11,561,1468,273435850,8.2004166666666656
2012-05-11,-463,-657,701000742,1.7434722222222223
2012-05-11,-207,-894,224626000,2.7105555555555556
2012-05-11,-207,-767,224918000,1.5009722222222222
2012-05-11,-207,13,224267000,0.78472222222222221
2012-05-11,-207,14,224267000,1.3122222222222222
2012-05-11,-207,12,224267000,0.75958333333333328
2012-05-11,50,-1509,440382000,0.828888888888889
2012-05-11,50,1514,431379000,0.81249999999999989
2012-05-11,50,-1800,441811000,1.6287500000000001
2012-05-11,50,-1798,441811000,1.1902777777777778
2012-05-11,50,-1799,441811000,2.8475
2012-05-11,50,-515,745004100,1.236388888888889
2012-05-11,50,-514,745004100,13.311250000000001
2012-05-11,50,-1464,440871000,0.86444444444444435
2012-05-11,50,-1463,440871000,1.20625
2012-05-11,50,-1778,440647000,2.6627777777777775
2012-05-11,50,-1776,440647000,0.62763888888888886
2012-05-11,50,-1775,440647000,1.4161111111111111
2012-05-11,50,-1779,440647000,1.7968055555555558
2012-05-11,50,-1780,440647000,0.90666666666666673
2012-05-11,50,-1777,440647000,2.7133333333333334
2012-05-11,50,-514,745003100,7.33
2012-05-11,50,-515,745003100,1.8331944444444446
2012-05-11,50,1793,441660000,0.26916666666666667
2012-05-11,50,-1472,440847000,0.86305555555555558
2012-05-11,50,-1476,440847000,1.6597222222222223
2012-05-11,50,-1474,440847000,1.6773611111111111
2012-05-11,50,-1471,440847000,1.3045833333333334
2012-05-11,50,1752,441047000,4.045694444444444
2012-05-11,50,-1462,441825000,1.2972222222222223
2012-05-11,50,-1463,441825000,0.86277777777777775
2012-05-11,50,-516,745003500,10.277361111111111
2012-05-11,562,-1640,367068230,4.0123611111111108
2012-05-11,562,1477,273351500,4.6059722222222224
2012-05-11,562,1479,273351500,3.0770833333333334
2012-05-11,562,1431,273350810,1.5026388888888889
2012-05-11,562,-1641,366820000,7.5051388888888884
2012-05-11,562,-1642,366820000,4.4127777777777775
2012-05-11,562,1431,273358010,4.0654166666666667
2012-05-11,562,1468,273435850,1.5680555555555555
2012-05-11,51,-1509,440382000,0.88069444444444445
2012-05-11,51,-522,745000500,2.9348611111111111
2012-05-11,51,1514,431379000,0.89944444444444449
2012-05-11,51,-1798,441811000,0.93611111111111112
2012-05-11,51,1787,441043000,0.91097222222222229
2012-05-11,51,1790,441043000,3.9175
2012-05-11,51,1788,441043000,0.76569444444444446
2012-05-11,51,-1465,440871000,1.5847222222222221
2012-05-11,51,-1783,440647000,0.95
2012-05-11,51,-1780,440647000,3.465416666666667
2012-05-11,51,-1781,440647000,2.8059722222222221
2012-05-11,51,-515,745003100,5.3506944444444446
2012-05-11,51,1793,441660000,0.94152777777777774
2012-05-11,51,1794,440772000,1.0347222222222221
2012-05-11,51,1795,440772000,0.66805555555555562
2012-05-11,51,1753,441047000,3.8372222222222225
2012-05-11,51,-1464,441825000,0.85819444444444448
2012-05-11,51,-1465,441825000,0.8388888888888888
2012-05-11,51,-515,745003500,1.3599999999999999
2012-05-11,51,-516,745003500,12.841666666666665
2012-05-11,51,-1506,441014000,2.15375
2012-05-11,563,-1640,367068230,0.6037499999999999
2012-05-11,563,-1641,303303000,1.5866666666666669
2012-05-11,563,-1642,338140000,1.5761111111111112
2012-05-11,-205,15,224267000,1.15875
2012-05-11,-205,12,224267000,0.76402777777777775
2012-05-11,52,-1511,440382000,0.94027777777777777
2012-05-11,52,-1510,440382000,0.76527777777777772
2012-05-11,52,1514,431379000,1.6247222222222222
2012-05-11,52,-1467,440871000,1.8540277777777776
2012-05-11,52,-1782,440647000,3.6844444444444444
2012-05-11,52,-1783,440647000,0.8
2012-05-11,52,-516,745000060,3.5054166666666671
2012-05-11,52,1792,440772000,2.9074999999999998
2012-05-11,52,1794,440772000,1.6840277777777777
2012-05-11,52,1797,440772000,1.1343055555555557
2012-05-11,52,1791,440772000,2.5530555555555554
2012-05-11,52,1788,440772000,3.604166666666667
2012-05-11,52,1790,440772000,1.7431944444444445
2012-05-11,52,1795,440772000,1.6501388888888888
2012-05-11,52,1789,440772000,1.8256944444444443
2012-05-11,52,1793,440772000,1.8001388888888887
2012-05-11,52,1755,441047000,1.2666666666666666
2012-05-11,52,1754,441047000,1.8401388888888888
2012-05-11,52,-1467,441825000,1.737638888888889
2012-05-11,52,-1510,441014000,0.82208333333333328
2012-05-11,52,-1511,441014000,0.96041666666666659
2012-05-11,52,-1508,441014000,1.6609722222222221
2012-05-11,564,1494,273417010,1.5418055555555557
2012-05-11,564,-1645,303303000,1.5708333333333333
2012-05-11,564,-1646,303303000,0.36361111111111122
2012-05-11,564,-1642,303303000,8.8637500000000031
2012-05-11,564,-1641,303303000,5.1591666666666667
2012-05-11,564,-1642,338140000,1.4890277777777778
2012-05-11,564,-1641,338140000,12.494583333333333
2012-05-11,-460,-622,701006168,0.80833333333333335
2012-05-11,-204,13,224267000,2.0879166666666666
2012-05-11,-204,15,224267000,0.93777777777777782
2012-05-11,53,1514,431379000,1.4722222222222223
2012-05-11,53,1784,441043000,1.8533333333333335
2012-05-11,53,1786,441043000,3.65125
2012-05-11,53,1794,441660000,1.893472222222222
2012-05-11,53,-518,745000080,2.2504166666666667
2012-05-11,53,1796,440772000,0.89597222222222217
2012-05-11,53,1797,440772000,2.1937499999999996
2012-05-11,53,1757,441047000,1.6991666666666667
2012-05-11,53,1755,441047000,2.5259722222222223
2012-05-11,565,1493,273417010,1.5340277777777778
2012-05-11,565,1492,273417010,6.197222222222222
2012-05-11,565,1491,273417010,8.2345833333333331
2012-05-11,565,1462,273564500,5.6443055555555555
2012-05-11,565,-1641,338140000,2.3723611111111111
2012-05-11,565,-1643,367124070,7.2275
2012-05-11,565,-1641,367124070,2.3766666666666669
2012-05-11,565,-1530,367343270,0.80986111111111114
2012-05-11,565,-1531,367343270,3.6330555555555555
2012-05-11,565,-1642,367149760,2.3558333333333334
2012-05-11,565,1518,273899200,6.4770833333333337
2012-05-11,565,1520,273899200,1.5476388888888888
2012-05-11,-203,-769,224001000,1.7626388888888889
2012-05-11,-203,-768,224001000,4.7134722222222232
2012-05-11,-203,14,224267000,1.752361111111111
2012-05-11,54,1514,431379000,2.6109722222222222
2012-05-11,54,1781,441043000,4.4255555555555555
2012-05-11,54,1783,441043000,2.052777777777778
2012-05-11,54,1782,441043000,1.7281944444444444
2012-05-11,54,1796,441660000,1.947222222222222
2012-05-11,54,-518,745000080,14.362083333333331
2012-05-11,54,-519,745000080,4.4054166666666656
2012-05-11,54,-519,745003700,1.7305555555555556
2012-05-11,54,1755,441047000,0.945138888888889
2012-05-11,566,-1641,338526000,0.78736111111111118
2012-05-11,566,-1641,338140000,2.3138888888888887
2012-05-11,566,-1642,338140000,0.71805555555555556
2012-05-11,566,-1644,338140000,0.70958333333333334
2012-05-11,566,-1643,338140000,0.89291666666666658
2012-05-11,566,-1641,367124070,3.8595833333333336
2012-05-11,566,-1642,367124070,7.5872222222222216
2012-05-11,566,1465,273894010,1.6072222222222221
2012-05-11,566,1466,273894010,18.406111111111112
2012-05-11,566,-1644,366947000,0.6958333333333333
2012-05-11,566,-1642,366947000,1.8694444444444442
2012-05-11,566,-1643,366947000,0.89013888888888892
2012-05-11,566,-1641,367149760,1.5836111111111113
2012-05-11,566,-1642,367149760,9.5805555555555539
2012-05-11,566,-1645,367149760,0.74861111111111112
2012-05-11,566,-1644,367149760,7.5884722222222223
2012-05-11,566,1520,273899200,1.574861111111111
2012-05-11,-458,-668,701006450,3.1768055555555557
2012-05-11,-458,-667,701006450,1.5763888888888888
2012-05-11,-202,-892,224528000,0.91819444444444442
2012-05-11,-202,-769,224001000,1.8008333333333333
2012-05-11,-202,15,224267000,1.6336111111111111
2012-05-11,-202,14,224267000,1.6524999999999999
2012-05-11,-202,12,224267000,1.8976388888888889
2012-05-11,55,-1348,432468000,5.0848611111111115
2012-05-11,55,1514,431379000,1.2695833333333333
2012-05-11,55,1797,441660000,1.6608333333333334
2012-05-11,55,-518,745000080,0.81958333333333333
2012-05-11,55,-519,745000080,1.9652777777777777
2012-05-11,55,-519,745003700,8.3009722222222244
2012-05-11,55,1756,441047000,1.6887500000000002
2012-05-11,55,1757,441047000,0.86625
2012-05-11,55,1758,441047000,1.1348611111111111
2012-05-11,567,-1668,367079950,0.74305555555555558
2012-05-11,567,-1662,367109910,3.796388888888889
2012-05-11,567,-1661,367109910,2.4595833333333332
2012-05-11,567,-1670,303346000,0.78055555555555545
2012-05-11,567,-1641,303303000,0.80708333333333326
2012-05-11,567,-1641,338140000,1.5363888888888888
2012-05-11,567,-1641,367124070,3.1031944444444446
2012-05-11,567,-1662,366864000,3.8151388888888889
2012-05-11,567,-1529,367343270,1.5611111111111109
2012-05-11,567,-1662,336430000,10.974027777777778
2012-05-11,567,-1641,366947000,6.1447222222222226
2012-05-11,567,-1641,367149760,2.2654166666666669
2012-05-11,567,1521,273899200,3.0711111111111111
2012-05-11,567,1520,273899200,1.568888888888889
2012-05-11,-457,-667,701006450,3.4447222222222225
2012-05-11,-457,-668,701006450,3.99
2012-05-11,-457,-666,701006450,5.1373611111111108
2012-05-11,-201,504,660003100,0.93972222222222224
2012-05-11,-201,-892,224528000,0.99138888888888888
2012-05-11,-201,504,227556000,1.9633333333333334
2012-05-11,-201,503,227556000,1.7755555555555556
2012-05-11,-201,98,224120000,2.1269444444444447
2012-05-11,56,1514,431379000,3.4940277777777777
2012-05-11,56,1793,441660000,1.6983333333333335
2012-05-11,56,1795,441660000,1.1934722222222223
2012-05-11,56,1794,441660000,0.88763888888888887
2012-05-11,56,1792,441660000,3.4315277777777777
2012-05-11,56,1790,441660000,4.0245833333333332
2012-05-11,56,1791,441660000,1.3866666666666667
2012-05-11,56,1796,441660000,1.8305555555555555
2012-05-11,56,1758,441047000,3.0256944444444445
2012-05-11,56,1757,441047000,0.82652777777777775
2012-05-11,56,1756,440620000,5.125694444444445
2012-05-11,568,-1663,367079950,0.74583333333333324
2012-05-11,568,-1666,367079950,1.5358333333333336
2012-05-11,568,-1664,367079950,1.5808333333333335
2012-05-11,568,-1662,367109910,7.925416666666667
2012-05-11,568,-1661,367109910,0.80055555555555558
2012-05-11,568,-1663,367109910,2.3475
2012-05-11,568,-1664,367109910,1.5640277777777778
2012-05-11,568,-1665,367109910,5.2038888888888888
2012-05-11,568,-1667,303346000,0.74569444444444444
2012-05-11,568,-1668,303346000,1.5749999999999997
2012-05-11,568,-1666,303346000,5.6581944444444447
2012-05-11,568,-1656,303346000,5.6595833333333339
2012-05-11,568,-1655,303346000,0.66597222222222219
2012-05-11,568,-1662,366864000,3.9320833333333334
2012-05-11,568,-1528,367343270,0.75958333333333339
2012-05-11,568,-1661,336430000,1.5904166666666664
2012-05-11,568,-1662,336430000,2.3249999999999997
2012-05-11,568,1523,273899200,3.002361111111111
2012-05-11,-456,-668,701006450,2.9902777777777776
2012-05-11,-200,504,660003100,0.8618055555555556
2012-05-11,-200,505,660003100,3.7968055555555553
2012-05-11,-200,-893,224528000,1.3206944444444444
2012-05-11,-200,502,227556000,1.8515277777777781
2012-05-11,-200,505,227556000,1.7165277777777779
2012-05-11,-200,94,224120000,2.3361111111111108
2012-05-11,-200,-769,224001000,1.4688888888888889
2012-05-11,57,1761,440620000,1.8140277777777776
2012-05-11,569,-1513,367408210,9.2555555555555564
2012-05-11,569,-1661,336430000,5.1704166666666671
2012-05-11,569,-1662,336430000,7.28875
2012-05-11,-199,504,660003100,1.6781944444444445
2012-05-11,-199,503,660003100,2.9626388888888888
2012-05-11,-199,-893,224528000,1.2877777777777779
2012-05-11,-199,501,227556000,2.9780555555555557
2012-05-11,-199,83,224120000,0.92527777777777775
2012-05-11,-199,82,224120000,0.86069444444444443
2012-05-11,-199,81,224120000,0.80777777777777771
2012-05-11,-199,92,224120000,2.96125
2012-05-11,58,1758,440620000,1.0195833333333333
2012-05-11,570,-1511,367330860,4.2479166666666668
2012-05-11,570,-1515,366444090,4.7148611111111105
2012-05-11,570,-1513,367408210,8.2879166666666677
2012-05-11,570,-1512,367408210,3.1308333333333329
2012-05-11,-198,-893,224528000,3.0530555555555554
2012-05-11,-198,504,227556000,1.8352777777777778
2012-05-11,-198,84,224120000,1.8469444444444445
2012-05-11,59,1758,440620000,0.90125
2012-05-11,59,1761,440620000,2.7591666666666663
2012-05-11,571,-1510,367330860,0.77777777777777779
2012-05-11,571,-1511,367330860,1.756388888888889
2012-05-11,571,-1514,366444090,1.6291666666666667
2012-05-11,571,-1513,366444090,5.1284722222222214
2012-05-11,571,-1515,366444090,3.0354166666666664
2012-05-11,571,-1523,367538000,0.835
2012-05-11,571,-1513,367408210,3.0622222222222217
2012-05-11,571,1496,273828600,1.5722222222222222
2012-05-11,571,1497,273828600,0.78513888888888883
2012-05-11,-197,503,660003100,1.8643055555555557
2012-05-11,-197,-768,224001000,3.0962500000000008
2012-05-11,60,1758,440620000,4.8029166666666674
2012-05-11,60,1759,440620000,0.63597222222222227
2012-05-11,572,1503,273356070,1.7801388888888889
2012-05-11,572,1502,273356070,6.2056944444444442
2012-05-11,572,1504,273452330,3.0347222222222219
2012-05-11,572,1501,273452330,6.2880555555555562
2012-05-11,572,1500,273452330,0.61916666666666664
2012-05-11,572,1503,273452330,5.6577777777777785
2012-05-11,572,1499,273452330,1.6094444444444447
2012-05-11,572,1502,273452330,3.5344444444444445
2012-05-11,572,-1521,367538000,1.5304166666666665
2012-05-11,572,1530,273899200,6.3659722222222221
2012-05-11,572,1499,273828600,3.0376388888888886
2012-05-11,572,1497,273828600,0.80972222222222223
2012-05-11,-196,101,432458000,2.1334722222222222
2012-05-11,-196,502,660003100,2.1630555555555553
2012-05-11,-196,501,660003100,3.8547222222222217
2012-05-11,-196,502,227556000,6.3419444444444446
2012-05-11,-196,500,227556000,2.5359722222222221
2012-05-11,-196,501,227556000,2.9544444444444444
2012-05-11,-196,503,227556000,4.0845833333333337
2012-05-11,-196,86,224120000,2.2488888888888892
2012-05-11,-196,85,224120000,0.78763888888888889
2012-05-11,-196,-768,224001000,5.0561111111111119
2012-05-11,61,1759,440620000,2.0498611111111114
2012-05-11,61,1760,440620000,4.6147222222222224
2012-05-11,573,1497,273430790,1.6077777777777778
2012-05-11,573,1502,273430790,0.92930555555555561
2012-05-11,573,1501,273430790,5.1391666666666662
2012-05-11,573,1503,273430790,11.827361111111109
2012-05-11,573,1503,273356070,7.864583333333333
2012-05-11,573,1500,273356070,0.79736111111111108
2012-05-11,573,1502,273356070,1.5654166666666667
2012-05-11,573,1501,273356070,5.9379166666666663
2012-05-11,573,1504,273452330,3.0504166666666666
2012-05-11,573,-1509,366444090,0.7794444444444445
2012-05-11,573,-1520,367538000,3.087361111111111
2012-05-11,573,-1726,366896490,13.854305555555557
2012-05-11,573,1502,273828600,1.5222222222222221
2012-05-11,573,1503,273828600,3.0804166666666664
2012-05-11,573,1501,273828600,11.265555555555554
2012-05-11,-451,32,432276000,4.4555555555555557
2012-05-11,-195,100,432458000,2.9888888888888889
2012-05-11,-195,500,660003100,1.9670833333333333
2012-05-11,-195,501,660003100,5.9831944444444431
2012-05-11,-195,84,224120000,1.03875
2012-05-11,-195,-769,224001000,1.8965277777777778
2012-05-11,62,-523,347002400,4.9822222222222221
2012-05-11,62,-227,224307000,1.6265277777777776
2012-05-11,574,1501,273430790,0.77499999999999991
2012-05-11,574,1500,273430790,0.80069444444444438
2012-05-11,574,1502,273430790,3.0319444444444441
2012-05-11,574,-1724,366896490,1.6143055555555557
2012-05-11,574,-1726,366896490,3.169861111111111
2012-05-11,574,-1725,366896490,5.0541666666666663
2012-05-11,574,109,219001976,0.63305555555555548
2012-05-11,574,108,219001518,2.4980555555555553
2012-05-11,574,1501,273828600,0.78763888888888889
2012-05-11,574,1502,273828600,0.96722222222222221
2012-05-11,574,114,219006971,1.3855555555555554
2012-05-11,574,115,219006971,2.8325
2012-05-11,-450,32,432276000,0.79611111111111121
2012-05-11,-450,30,432276000,3.0851388888888889
2012-05-11,-450,29,432276000,1.5113888888888889
2012-05-11,-450,31,432276000,3.7922222222222226
2012-05-11,-194,101,432458000,2.3243055555555556
2012-05-11,-194,-890,224528000,0.93861111111111106
2012-05-11,-194,-891,224528000,3.1140277777777774
2012-05-11,-194,84,224120000,1.0783333333333334
2012-05-11,63,-525,347002400,20.748194444444444
2012-05-11,63,-227,224307000,3.637777777777778
2012-05-11,575,113,219904000,0.64333333333333331
2012-05-11,575,112,219904000,1.4340277777777779
2012-05-11,575,111,219904000,1.4352777777777777
2012-05-11,575,110,219904000,1.3206944444444444
2012-05-11,575,109,220349000,1.462638888888889
2012-05-11,575,108,220349000,1.745138888888889
2012-05-11,575,1514,273450570,5.174027777777777
2012-05-11,575,1513,273450570,1.6051388888888889
2012-05-11,575,-1725,366896490,0.43777777777777782
2012-05-11,575,111,219013485,0.71097222222222223
2012-05-11,575,113,219013485,0.40180555555555558
2012-05-11,575,112,219013485,1.1697222222222223
2012-05-11,575,109,219001976,1.2490277777777778
2012-05-11,575,110,219001976,1.5948611111111113
2012-05-11,575,1533,273840800,2.4530555555555553
2012-05-11,575,1532,273840800,17.851388888888888
2012-05-11,575,1531,273840800,3.802083333333333
2012-05-11,575,114,219013538,0.89694444444444432
2012-05-11,575,110,219001518,1.6516666666666666
2012-05-11,575,109,219001518,1.2561111111111112
2012-05-11,575,107,219008474,4.9266666666666667
2012-05-11,575,106,219005941,1.8883333333333332
2012-05-11,-449,27,432276000,0.98291666666666677
2012-05-11,-449,28,432276000,1.1999999999999997
2012-05-11,-193,98,432458000,1.9094444444444445
2012-05-11,-193,-890,224528000,0.7794444444444445
2012-05-11,-193,-891,224528000,4.0508333333333333
2012-05-11,576,1518,273893400,0.7875
2012-05-11,576,1519,273893400,10.495972222222225
2012-05-11,576,1520,273893400,3.056111111111111
2012-05-11,576,1516,273848610,5.6445833333333333
2012-05-11,576,110,220329000,1.2611111111111111
2012-05-11,576,111,220329000,0.45458333333333334
2012-05-11,576,1512,273825610,3.0694444444444446
2012-05-11,576,1514,273825610,1.6894444444444443
2012-05-11,576,1515,273825610,1.3983333333333332
2012-05-11,576,-1501,367143770,0.70708333333333329
2012-05-11,576,110,219013485,2.3861111111111111
2012-05-11,576,113,219013485,7.3073611111111108
2012-05-11,576,111,219013485,1.9397222222222221
2012-05-11,576,110,219001976,0.21083333333333332
2012-05-11,576,1517,273438080,3.0195833333333333
2012-05-11,576,110,219013538,2.1269444444444447
2012-05-11,576,113,219013538,4.7108333333333334
2012-05-11,576,114,219013538,1.4829166666666667
2012-05-11,576,112,219013538,1.309722222222222
2012-05-11,576,111,219013538,2.0273611111111114
2012-05-11,576,114,219013539,0.67069444444444437
2012-05-11,576,111,219013539,5.6231944444444428
2012-05-11,576,110,219013539,1.0525
2012-05-11,576,113,219013539,4.0905555555555555
2012-05-11,576,111,219001518,0.86333333333333329
2012-05-11,576,107,220333000,2.1370833333333334
2012-05-11,576,1520,273423560,4.6318055555555562
2012-05-11,576,1519,273423560,7.9797222222222226
2012-05-11,576,109,219002827,1.5055555555555555
2012-05-11,576,108,219002827,0.40541666666666665
2012-05-11,576,110,220279000,0.95277777777777772
2012-05-11,576,107,219008474,0.55569444444444449
2012-05-11,576,109,219004128,1.0530555555555556
2012-05-11,576,108,219004128,1.5975
2012-05-11,576,110,219004128,0.515
2012-05-11,-448,27,432276000,1.3394444444444444
2012-05-11,-192,98,432458000,1.7294444444444446
2012-05-11,-192,117,312699000,2.0125
2012-05-11,-192,-890,224528000,0.76513888888888892
2012-05-11,-192,83,224120000,1.8066666666666666
2012-05-11,65,-1219,123450800,6.318888888888889
2012-05-11,577,1518,273893400,9.77111111111111
2012-05-11,577,1517,273848610,5.9355555555555553
2012-05-11,577,1516,273848610,6.1099999999999994
2012-05-11,577,111,220329000,2.1630555555555553
2012-05-11,577,110,220329000,1.2181944444444444
2012-05-11,577,108,219005502,1.025
2012-05-11,577,1517,273825610,6.1080555555555547
2012-05-11,577,1515,273825610,3.0788888888888892
2012-05-11,577,1516,273825610,1.5543055555555556
2012-05-11,577,1517,273450570,3.1808333333333336
2012-05-11,577,1515,273450570,1.5430555555555556
2012-05-11,577,1516,273450570,4.452638888888889
2012-05-11,577,119,266066000,0.97666666666666679
2012-05-11,577,-1500,367143770,6.3891666666666671
2012-05-11,577,-1497,367143770,1.5486111111111112
2012-05-11,577,-1496,367143770,3.1254166666666667
2012-05-11,577,-1501,367143770,7.6654166666666663
2012-05-11,577,-1498,367143770,1.6229166666666668
2012-05-11,577,1516,273845610,17.923750000000002
2012-05-11,577,1516,273813100,6.2501388888888876
2012-05-11,577,113,219013485,1.6091666666666669
2012-05-11,577,112,219013485,5.4273611111111109
2012-05-11,577,109,219013485,0.74972222222222218
2012-05-11,577,-1501,367426420,3.2855555555555549
2012-05-11,577,-1500,367426420,2.7411111111111111
2012-05-11,577,1516,273438080,2.3083333333333336
2012-05-11,577,1518,273438080,4.7652777777777775
2012-05-11,577,1519,273438080,1.5934722222222222
2012-05-11,577,111,220303000,1.5844444444444443
2012-05-11,577,111,219013538,0.26138888888888889
2012-05-11,577,112,219013538,6.247361111111112
2012-05-11,577,109,219013538,0.59180555555555558
2012-05-11,577,113,219013538,1.6458333333333335
2012-05-11,577,112,219013539,5.68861111111111
2012-05-11,577,111,219013539,2.8995833333333332
2012-05-11,577,113,219013539,1.1718055555555555
2012-05-11,577,1516,273424560,13.374305555555557
2012-05-11,577,1516,273433540,15.393472222222222
2012-05-11,577,1515,273433540,1.5619444444444444
2012-05-11,577,1518,273423560,11.330555555555557
2012-05-11,577,-1500,367118540,7.5318055555555556
2012-05-11,577,111,220279000,0.3709722222222222
2012-05-11,577,110,220279000,2.388611111111111
2012-05-11,577,1517,273429220,0.75916666666666655
2012-05-11,577,1516,273429220,7.9286111111111106
2012-05-11,-447,27,432276000,0.799861111111111
2012-05-11,-447,1729,512000125,0.87208333333333332
2012-05-11,-447,1728,512000125,3.2226388888888886
2012-05-11,-447,1730,512000125,4.065833333333333
2012-05-11,-191,98,432458000,2.0404166666666668
2012-05-11,-191,117,312699000,2.0686111111111112
2012-05-11,-191,-890,224528000,0.20986111111111111
2012-05-11,66,-1218,123450800,2.5656944444444441
2012-05-11,66,-1219,123450800,0.98472222222222217
2012-05-11,578,1516,273848610,5.6668055555555554
2012-05-11,578,1517,273848610,0.73472222222222228
2012-05-11,578,1516,273825610,6.7397222222222233
2012-05-11,578,1516,273450570,8.168333333333333
2012-05-11,578,-1496,367143770,3.07625
2012-05-11,578,1530,273437790,2.5475000000000003
2012-05-11,578,1529,273437790,0.72222222222222221
2012-05-11,578,1516,273845610,6.1847222222222218
2012-05-11,578,1516,273813100,17.756805555555559
2012-05-11,578,1516,273438080,12.437222222222223
2012-05-11,578,112,219013538,1.2833333333333334
2012-05-11,578,111,219013539,0.61902777777777773
2012-05-11,578,112,219013539,1.2340277777777777
2012-05-11,578,-1498,366743980,1.6068055555555556
2012-05-11,578,1516,273424560,10.26875
2012-05-11,578,1516,273433540,7.1952777777777772
2012-05-11,578,-1498,367118540,0.49625
2012-05-11,578,1516,273429220,13.864861111111113
2012-05-11,578,1517,273429220,1.2268055555555555
2012-05-11,-446,26,432276000,0.33555555555555555
2012-05-11,-446,27,432276000,0.45319444444444446
2012-05-11,-190,98,432458000,3.9531944444444442
2012-05-11,-190,116,312699000,1.7915277777777776
2012-05-11,579,107,219294000,7.5247222222222216
2012-05-11,579,108,219294000,0.80055555555555558
2012-05-11,579,-1496,366408250,1.6090277777777779
2012-05-11,579,-1497,366408250,1.8787500000000001
2012-05-11,579,1528,273243200,0.73486111111111119
2012-05-11,579,1524,273243200,6.7427777777777784
2012-05-11,579,1527,273243200,0.21430555555555555
2012-05-11,579,1525,273243200,5.6198611111111116
2012-05-11,579,1530,273437790,3.0297222222222224
2012-05-11,579,1528,273437790,3.0533333333333337
2012-05-11,579,1710,273332330,3.2218055555555551
2012-05-11,579,1711,273332330,1.5961111111111115
2012-05-11,579,-1498,366743980,6.6943055555555553
2012-05-11,579,-1497,366743980,6.0795833333333329
2012-05-11,579,-1495,366743980,0.81652777777777774
2012-05-11,579,-1494,366743980,0.7583333333333333
2012-05-11,579,-1496,366743980,0.78055555555555545
2012-05-11,579,-1498,367118540,9.0729166666666679
2012-05-11,579,-1492,367101660,1.245
2012-05-11,579,-1490,367101660,4.8554166666666667
2012-05-11,579,-1494,367101660,1.9419444444444443
2012-05-11,579,107,219553000,5.2006944444444443
2012-05-11,579,-1497,367319530,3.1404166666666664
2012-05-11,579,-1498,367319530,0.45236111111111116
2012-05-11,-445,24,432276000,3.2154166666666666
2012-05-11,-445,27,432276000,0.80999999999999994
2012-05-11,-445,1731,512000125,1.7423611111111108
2012-05-11,-189,98,432458000,1.10875
2012-05-11,-189,116,312699000,1.7244444444444444
2012-05-11,580,-1498,366408250,1.22875
2012-05-11,580,1527,273243200,3.8556944444444445
2012-05-11,580,1525,273243200,4.6554166666666665
2012-05-11,580,1524,273243200,0.79152777777777783
2012-05-11,580,1526,273243200,1.5252777777777777
2012-05-11,580,1532,273847110,18.494583333333335
2012-05-11,580,1531,273847110,5.6380555555555558
2012-05-11,580,1533,273437790,14.965694444444445
2012-05-11,580,1711,273332330,3.0277777777777777
2012-05-11,580,1710,273332330,8.7701388888888889
2012-05-11,580,-1499,366743980,3.7888888888888888
2012-05-11,580,-1497,366743980,1.1509722222222223
2012-05-11,580,1532,273432500,3.0316666666666667
2012-05-11,580,1534,273432500,1.5502777777777776
2012-05-11,580,1533,273432500,11.411249999999999
2012-05-11,580,-1494,367101660,1.5695833333333336
2012-05-11,580,108,219553000,3.7663888888888888
2012-05-11,580,-1497,367319530,5.7002777777777771
2012-05-11,-444,26,432276000,1.3720833333333333
2012-05-11,-444,-837,413235000,1.622638888888889
2012-05-11,-444,1732,512000125,1.1980555555555557
2012-05-11,-444,1730,512000125,0.40819444444444442
2012-05-11,-444,1731,512000125,1.8633333333333333
2012-05-11,-444,1735,512000125,3.3112500000000002
2012-05-11,-188,98,432458000,1.8120833333333333
2012-05-11,-188,116,312699000,1.7599999999999998
2012-05-11,581,-137,259178000,1.1101388888888888
2012-05-11,581,-136,259178000,5.3805555555555555
2012-05-11,581,1534,273432500,8.1106944444444444
2012-05-11,-443,-837,413235000,4.4762499999999994
2012-05-11,-443,-838,413235000,3.242777777777778
2012-05-11,-443,-838,576497000,3.0294444444444442
2012-05-11,-443,-837,576497000,10.302638888888888
2012-05-11,-443,1733,512000125,0.72083333333333321
2012-05-11,-443,1735,512000125,0.94722222222222219
2012-05-11,-443,1736,512000125,1.3133333333333335
2012-05-11,-443,1734,512000125,0.74180555555555561
2012-05-11,-443,-834,259211000,0.7416666666666667
2012-05-11,-443,-833,259211000,3.1823611111111112
2012-05-11,-187,98,432458000,2.6302777777777777
2012-05-11,-187,115,312699000,1.0793055555555555
2012-05-11,326,1723,440873000,1.6484722222222223
2012-05-11,326,1722,440873000,0.9525
2012-05-11,582,-137,259178000,6.4577777777777783
2012-05-11,582,-138,259178000,10.697777777777778
2012-05-11,-442,-838,413235000,0.55277777777777781
2012-05-11,-442,-836,760000840,0.825138888888889
2012-05-11,-442,-601,701000545,5.1469444444444443
2012-05-11,-442,-836,576497000,1.2745833333333334
2012-05-11,-442,1738,512000122,4.897222222222223
2012-05-11,-442,-835,259211000,3.5009722222222219
2012-05-11,-442,-836,259211000,3.2447222222222218
2012-05-11,-442,-834,259211000,4.7583333333333329
2012-05-11,-186,98,432458000,1.1541666666666668
2012-05-11,-186,115,312699000,0.70416666666666672
2012-05-11,-441,-835,760000840,4.7044444444444444
2012-05-11,-441,-837,760000840,4.69638888888889
2012-05-11,-441,-836,760000840,1.4327777777777775
2012-05-11,-441,-601,701000545,0.77902777777777776
2012-05-11,-441,1739,512000122,3.2158333333333333
2012-05-11,-441,1740,512000122,4.2763888888888886
2012-05-11,-441,-837,259211000,0.73444444444444446
2012-05-11,-441,-836,259211000,0.81819444444444445
2012-05-11,-441,-835,259211000,1.3511111111111109
2012-05-11,-185,98,432458000,1.8152777777777778
2012-05-11,-185,115,312699000,0.88361111111111112
2012-05-11,584,1555,273813300,2.32625
2012-05-11,584,-88,224492000,11.83763888888889
2012-05-11,584,-87,224492000,8.7015277777777769
2012-05-11,-440,-836,760000840,1.6458333333333333
2012-05-11,-440,1742,512000122,4.4118055555555555
2012-05-11,-440,1741,512000122,2.3197222222222216
2012-05-11,-440,-839,259211000,0.80138888888888893
2012-05-11,-440,-838,259211000,0.82638888888888884
2012-05-11,585,-90,218325000,11.828888888888889
2012-05-11,-439,1739,440980000,4.55
2012-05-11,-439,-836,760000840,0.78652777777777771
2012-05-11,-439,-835,760000840,0.96347222222222217
2012-05-11,-439,85,431889000,2.86
2012-05-11,-439,84,431889000,2.7998611111111109
2012-05-11,-439,1742,512000122,2.0538888888888884
2012-05-11,-439,1743,512000122,0.34736111111111112
2012-05-11,-439,88,432226000,4.8966666666666665
2012-05-11,-439,-839,259211000,1.9100000000000001
2012-05-11,-439,-838,259211000,0.64694444444444454
2012-05-11,-438,82,440809000,3.6948611111111109
2012-05-11,-438,-835,760000840,1.7130555555555556
2012-05-11,-438,84,431889000,1.5551388888888886
2012-05-11,-438,-839,413222000,0.9625
2012-05-11,-438,66,431791000,3.6886111111111113
2012-05-11,-438,88,432226000,0.78055555555555556
2012-05-11,-438,-838,259211000,0.91944444444444451
2012-05-11,-182,115,312649000,1.1555555555555554
2012-05-11,-182,115,376602000,2.8845833333333335
2012-05-11,587,-82,218325000,11.817083333333333
2012-05-11,587,-1572,367167180,3.0472222222222225
2012-05-11,-437,89,441535000,5.6838888888888883
2012-05-11,-437,80,440809000,1.5865277777777778
2012-05-11,-437,82,440809000,6.4540277777777773
2012-05-11,-437,102,440926000,4.4148611111111116
2012-05-11,-437,84,431889000,1.5918055555555555
2012-05-11,-437,101,441233000,5.15375
2012-05-11,-437,91,441242000,3.6931944444444444
2012-05-11,-437,67,431791000,3.6120833333333335
2012-05-11,-437,87,432226000,1.6205555555555555
2012-05-11,-437,90,440641000,3.6956944444444444
2012-05-11,-181,114,312649000,1.1252777777777778
2012-05-11,-436,-832,760000290,3.23375
2012-05-11,-436,81,440809000,1.53625
2012-05-11,-436,84,431889000,1.7351388888888888
2012-05-11,-436,91,441242000,4.3981944444444441
2012-05-11,-436,67,431791000,0.92041666666666666
2012-05-11,-436,68,431791000,0.74819444444444438
2012-05-11,-436,87,432226000,1.6755555555555557
2012-05-11,-436,86,432226000,1.5823611111111111
2012-05-11,-436,89,440641000,3.5973611111111108
2012-05-11,-180,114,312649000,0.87722222222222224
2012-05-11,-435,1734,512000015,0.7943055555555556
2012-05-11,-435,1735,512000015,1.2755555555555556
2012-05-11,-435,87,441535000,4.7663888888888888
2012-05-11,-435,-833,760000290,2.8244444444444445
2012-05-11,-435,-831,760000290,3.1380555555555554
2012-05-11,-435,-832,760000290,4.391111111111111
2012-05-11,-435,80,440809000,1.5955555555555554
2012-05-11,-435,100,440926000,1.5902777777777777
2012-05-11,-435,83,431889000,1.165
2012-05-11,-435,82,431889000,3.1281944444444445
2012-05-11,-435,99,441233000,0.80111111111111111
2012-05-11,-435,98,441233000,0.81263888888888891
2012-05-11,-435,89,441242000,1.5693055555555555
2012-05-11,-435,66,431791000,1.5845833333333335
2012-05-11,-435,68,431791000,1.1859722222222218
2012-05-11,-435,86,432226000,1.15375
2012-05-11,-435,89,440641000,1.5011111111111111
2012-05-11,-435,88,440641000,1.5955555555555554
2012-05-11,334,1712,440873000,2.1251388888888889
2012-05-11,-434,1734,512000015,0.76569444444444446
2012-05-11,-434,1735,512000015,3.6722222222222216
2012-05-11,-434,1738,512000015,3.2102777777777778
2012-05-11,-434,-832,760000290,0.73208333333333342
2012-05-11,-434,-834,760000290,0.93347222222222226
2012-05-11,-434,-833,760000290,3.8113888888888887
2012-05-11,-434,79,440809000,0.81597222222222232
2012-05-11,-434,78,440809000,3.0744444444444445
2012-05-11,-434,99,440926000,0.77222222222222225
2012-05-11,-434,100,440926000,3.825
2012-05-11,-434,83,431889000,1.5577777777777779
2012-05-11,-434,97,441233000,4.9013888888888886
2012-05-11,-434,90,441242000,2.0293055555555553
2012-05-11,-434,89,441242000,0.80972222222222223
2012-05-11,-434,67,431791000,0.72958333333333325
2012-05-11,-434,84,432226000,3.0802777777777779
2012-05-11,-434,86,432226000,1.5954166666666669
2012-05-11,-434,88,440641000,1.3252777777777776
2012-05-11,-178,113,376601000,4.4006944444444445
2012-05-11,-433,1736,512000015,0.37249999999999994
2012-05-11,-433,1737,512000015,2.9619444444444443
2012-05-11,-433,1738,512000015,3.0638888888888891
2012-05-11,-433,87,441535000,6.4629166666666666
2012-05-11,-433,-750,725000990,0.78888888888888886
2012-05-11,-433,-751,725000990,0.7625
2012-05-11,-433,99,440926000,1.1237499999999998
2012-05-11,-433,97,440926000,3.1184722222222221
2012-05-11,-433,98,440926000,1.585833333333333
2012-05-11,-433,82,431889000,0.79541666666666666
2012-05-11,-433,96,441233000,3.1005555555555557
2012-05-11,-433,97,441233000,1.2823611111111113
2012-05-11,-433,89,441242000,2.0180555555555553
2012-05-11,-433,87,441242000,3.1363888888888889
2012-05-11,-433,67,431791000,0.82097222222222233
2012-05-11,-433,66,431791000,0.56277777777777782
2012-05-11,-433,85,432226000,2.382222222222222
2012-05-11,-433,84,432226000,0.77944444444444438
2012-05-11,-433,87,440641000,3.1052777777777778
2012-05-11,-433,88,440641000,0.82486111111111116
2012-05-11,-177,-876,431704230,0.74583333333333335
2012-05-11,-177,-875,431704230,0.86680555555555561
2012-05-11,80,611,766659160,2.8376388888888888
2012-05-11,80,614,766659160,2.6883333333333335
2012-05-11,592,-70,224020340,11.834305555555556
2012-05-11,592,-68,224020340,9.6611111111111114
2012-05-11,592,1663,273847700,1.5329166666666667
2012-05-11,592,1664,273847700,2.2879166666666668
2012-05-11,-432,1738,512000015,4.822222222222222
2012-05-11,-432,1739,512000015,0.99777777777777765
2012-05-11,-432,86,441535000,5.6238888888888887
2012-05-11,-432,87,441535000,0.81388888888888888
2012-05-11,-432,-751,725000990,4.5609722222222224
2012-05-11,-432,86,440809000,2.3977777777777773
2012-05-11,-432,91,440926000,0.79583333333333328
2012-05-11,-432,97,440926000,1.5820833333333333
2012-05-11,-432,82,431889000,2.379027777777778
2012-05-11,-432,96,441233000,1.6195833333333334
2012-05-11,-432,90,441233000,2.1856944444444446
2012-05-11,-432,88,441242000,2.6947222222222225
2012-05-11,-432,89,441242000,0.34958333333333336
2012-05-11,-432,66,431791000,4.9194444444444452
2012-05-11,-432,70,431791000,0.59861111111111109
2012-05-11,-432,85,432226000,1.4076388888888889
2012-05-11,-432,83,432226000,3.18736111111111
2012-05-11,-432,88,440641000,0.20875
2012-05-11,-432,87,440641000,3.5581944444444442
2012-05-11,-176,-875,431704230,1.3347222222222221
2012-05-11,-176,-866,431022000,1.9916666666666667
2012-05-11,81,615,766659160,2.6000000000000005
2012-05-11,81,614,766659160,1.79375
2012-05-11,593,1665,273847700,0.7625
2012-05-11,593,1664,273847700,17.996388888888887
2012-05-11,593,1663,273847700,1.545
2012-05-11,-431,1738,512000015,1.2631944444444443
2012-05-11,-431,85,441535000,0.77708333333333335
2012-05-11,-431,86,440809000,0.75847222222222221
2012-05-11,-431,88,440809000,1.4437499999999999
2012-05-11,-431,89,440809000,0.80847222222222215
2012-05-11,-431,91,440926000,1.3705555555555553
2012-05-11,-431,96,440926000,0.80138888888888893
2012-05-11,-431,82,431889000,1.4316666666666669
2012-05-11,-431,81,431889000,3.1459722222222219
2012-05-11,-431,95,441233000,1.9161111111111113
2012-05-11,-431,88,441242000,3.5054166666666666
2012-05-11,-431,70,431791000,1.4423611111111112
2012-05-11,-431,85,440641000,0.79444444444444451
2012-05-11,-431,86,440641000,3.9643055555555553
2012-05-11,-175,-876,431704230,2.6977777777777776
2012-05-11,-175,-863,431022000,3.0911111111111107
2012-05-11,-175,-868,431022000,2.088888888888889
2012-05-11,-175,113,273874100,8.2804166666666674
2012-05-11,82,615,766659160,1.3126388888888889
2012-05-11,82,613,766659160,2.7130555555555556
2012-05-11,82,614,766659160,7.3331944444444446
2012-05-11,82,616,766659160,0.96930555555555542
2012-05-11,82,-231,227846000,1.4765277777777779
2012-05-11,-430,90,440926000,3.1768055555555552
2012-05-11,-430,88,441233000,3.774861111111111
2012-05-11,-430,71,431791000,3.1487499999999997
2012-05-11,-174,114,312649000,1.788888888888889
2012-05-11,-174,113,312649000,4.0726388888888891
2012-05-11,-174,113,376602000,4.4591666666666665
2012-05-11,-174,112,273874100,0.21111111111111111
2012-05-11,-174,113,273874100,2.9972222222222222
2012-05-11,83,-229,227549000,1.4790277777777776
2012-05-11,83,-228,227549000,2.2084722222222224
2012-05-11,83,-446,441221000,0.94152777777777774
2012-05-11,83,-444,441221000,1.7319444444444443
2012-05-11,83,-443,441221000,1.6513888888888888
2012-05-11,83,-445,441221000,3.2363888888888885
2012-05-11,83,-442,441221000,3.0088888888888894
2012-05-11,83,-449,441221000,4.6988888888888889
2012-05-11,-429,-750,725000990,5.3402777777777777
2012-05-11,-173,113,312649000,6.2501388888888894
2012-05-11,-173,114,376602000,5.2176388888888887
2012-05-11,-173,-875,431704230,1.8966666666666665
2012-05-11,-173,-869,431022000,1.7384722222222222
2012-05-11,84,-444,441221000,0.95833333333333326
2012-05-11,84,-445,441221000,1.1563888888888889
2012-05-11,596,1671,273840900,3.3468055555555556
2012-05-11,596,1670,273840900,2.1630555555555553
2012-05-11,596,1702,273844800,0.73902777777777784
2012-05-11,596,1700,273844800,7.5186111111111114
2012-05-11,596,-67,259247000,18.222083333333334
2012-05-11,596,-66,259247000,12.608194444444445
2012-05-11,-428,-749,725000990,1.8144444444444443
2012-05-11,-428,-750,725000990,1.7061111111111111
2012-05-11,-172,-875,431704230,0.83138888888888884
2012-05-11,-172,-869,431022000,1.8556944444444445
2012-05-11,85,-449,441221000,0.74416666666666675
2012-05-11,85,-448,441221000,1.8181944444444444
2012-05-11,85,-442,441221000,2.1588888888888889
2012-05-11,597,1700,273844800,5.6320833333333331
2012-05-11,597,1701,273844800,0.8425
2012-05-11,-171,-876,431704230,2.2631944444444443
2012-05-11,-171,-835,224619000,3.0063888888888886
2012-05-11,86,-452,441221000,2.7606944444444443
2012-05-11,86,-451,441221000,0.93208333333333337
2012-05-11,86,-389,441060000,4.6438888888888892
2012-05-11,86,-387,441060000,1.7220833333333334
2012-05-11,86,-388,441060000,1.6002777777777779
2012-05-11,598,-135,228165600,7.1404166666666669
2012-05-11,-426,1739,512392000,5.5851388888888893
2012-05-11,-426,1738,512392000,2.455
2012-05-11,-170,-877,431704230,2.23625
2012-05-11,-170,-869,431022000,2.072916666666667
2012-05-11,-170,-836,224619000,0.99361111111111111
2012-05-11,-170,-837,224619000,5.2951388888888893
2012-05-11,87,-396,441060000,3.3090277777777777
2012-05-11,87,-393,441060000,5.1443055555555555
2012-05-11,87,-388,441060000,1.86125
2012-05-11,599,1715,440025000,4.8805555555555555
2012-05-11,599,1692,273846700,3.0818055555555555
2012-05-11,599,1693,273846700,2.2779166666666666
2012-05-11,-425,-749,725000580,0.77458333333333329
2012-05-11,-425,-750,725000580,8.0181944444444451
2012-05-11,-425,-748,725000580,3.012083333333333
2012-05-11,-169,-877,431704230,0.047361111111111111
2012-05-11,-169,-837,224619000,0.97277777777777785
2012-05-11,88,-230,431038000,6.94486111111111
2012-05-11,88,-224,431038000,1.6277777777777778
2012-05-11,88,-226,431038000,1.7072222222222222
2012-05-11,88,-227,431038000,3.7016666666666662
2012-05-11,88,-396,441060000,1.4155555555555555
2012-05-11,88,-419,440813000,0.41
2012-05-11,88,-410,440813000,0.80555555555555558
2012-05-11,88,-418,440813000,0.52152777777777781
2012-05-11,600,1689,273840900,4.8341666666666665
2012-05-11,600,1688,273840900,1.5827777777777776
2012-05-11,600,-96,231156000,7.1551388888888887
2012-05-11,600,1682,273844800,1.5636111111111111
2012-05-11,600,1683,273844800,3.0545833333333334
2012-05-11,600,1684,273848700,9.990000000000002
2012-05-11,600,1687,273848700,5.3513888888888888
2012-05-11,600,1690,273848700,0.33416666666666667
2012-05-11,600,1685,273848700,6.4811111111111108
2012-05-11,600,1686,273848700,1.555277777777778
2012-05-11,600,1716,440025000,8.49861111111111
2012-05-11,600,1708,440025000,0.73888888888888893
2012-05-11,600,1709,440025000,6.7245833333333342
2012-05-11,600,1687,273846700,1.2156944444444444
2012-05-11,600,1692,273846700,0.74708333333333332
2012-05-11,600,1685,273846700,5.1870833333333328
2012-05-11,600,1691,273846700,1.5756944444444445
2012-05-11,600,1690,273846700,8.76986111111111
2012-05-11,-424,-748,725000580,3.138611111111111
2012-05-11,-424,-750,725000580,4.8302777777777779
2012-05-11,-168,-879,431704230,1.2465277777777775
2012-05-11,-168,-864,431022000,2.3029166666666665
2012-05-11,-168,-834,224619000,1.7738888888888888
2012-05-11,89,-229,431038000,0.82027777777777766
2012-05-11,89,-223,431038000,0.74444444444444446
2012-05-11,89,-222,431038000,0.95916666666666672
2012-05-11,89,-227,431038000,1.6655555555555557
2012-05-11,89,-228,431038000,0.85458333333333325
2012-05-11,89,-220,431038000,1.4658333333333333
2012-05-11,89,-224,431038000,0.96361111111111108
2012-05-11,89,-387,441060000,2.7391666666666667
2012-05-11,89,-394,441060000,2.7848611111111108
2012-05-11,89,-419,440813000,2.7494444444444444
2012-05-11,89,-411,440813000,1.2120833333333332
2012-05-11,89,-416,440813000,3.7313888888888886
2012-05-11,89,-414,440813000,2.3548611111111111
2012-05-11,89,-412,440813000,1.837361111111111
2012-05-11,89,-410,440813000,0.93222222222222229
2012-05-11,601,-98,231156000,5.3677777777777775
2012-05-11,601,1682,273849210,5.5847222222222221
2012-05-11,601,1681,273849210,1.9208333333333332
2012-05-11,601,1716,440025000,1.6865277777777776
2012-05-11,601,1717,440025000,1.5413888888888889
2012-05-11,601,1684,273846700,0.75416666666666665
2012-05-11,-423,-575,440616000,3.1691666666666669
2012-05-11,-423,-750,725000580,2.068888888888889
2012-05-11,-423,-601,701000674,1.5663888888888891
2012-05-11,-167,-864,431022000,1.6066666666666667
2012-05-11,-167,-838,224619000,1.1954166666666666
2012-05-11,90,-226,431038000,1.7347222222222221
2012-05-11,90,-224,431038000,1.3338888888888889
2012-05-11,90,-433,440925000,5.5594444444444449
2012-05-11,90,-432,440925000,0.910138888888889
2012-05-11,90,-430,440925000,2.5956944444444447
2012-05-11,90,-435,440925000,1.787638888888889
2012-05-11,90,-431,440925000,2.20125
2012-05-11,90,-428,440925000,0.91236111111111118
2012-05-11,90,-427,440925000,0.67652777777777784
2012-05-11,90,-413,440813000,2.661111111111111
2012-05-11,90,-414,440813000,0.73291666666666666
2012-05-11,90,-415,440813000,2.7573611111111109
2012-05-11,602,-57,273524300,10.252916666666666
2012-05-11,602,-37,232326000,4.6315277777777775
2012-05-11,602,-58,251451000,4.6588888888888889
2012-05-11,602,-60,251451000,7.9111111111111114
2012-05-11,602,1694,273421700,0.82361111111111107
2012-05-11,-422,-576,440616000,2.9680555555555554
2012-05-11,-422,-575,440616000,6.7186111111111106
2012-05-11,-422,1745,512392000,2.371944444444444
2012-05-11,-422,-649,701000842,11.105555555555554
2012-05-11,-422,-579,440100000,1.8105555555555557
2012-05-11,-166,-864,431022000,2.3675
2012-05-11,-166,-836,224619000,2.09875
2012-05-11,-166,-835,224619000,2.6623611111111112
2012-05-11,-166,-834,224619000,0.99847222222222221
2012-05-11,91,763,419800320,3.6986111111111111
2012-05-11,91,-437,440925000,0.79333333333333333
2012-05-11,91,-430,440925000,0.94041666666666668
2012-05-11,91,-431,440925000,2.1918055555555558
2012-05-11,91,-427,440925000,0.89999999999999991
2012-05-11,91,-438,440925000,1.6863888888888889
2012-05-11,91,-428,440925000,0.73347222222222219
2012-05-11,91,-439,440925000,2.9441666666666668
2012-05-11,91,-436,440925000,0.961388888888889
2012-05-11,603,-55,231038000,11.055416666666666
2012-05-11,603,-58,231038000,8.7276388888888885
2012-05-11,603,-56,231038000,4.6556944444444444
2012-05-11,603,-57,273524300,18.210972222222221
2012-05-11,603,-91,231154000,16.454305555555557
2012-05-11,603,-57,251451000,11.072222222222223
2012-05-11,603,-57,251055000,9.5277777777777786
2012-05-11,603,-58,251055000,3.88875
2012-05-11,-421,-575,440616000,6.8388888888888895
2012-05-11,-421,1746,512392000,4.225833333333334
2012-05-11,-421,1745,512392000,3.2754166666666662
2012-05-11,-421,-574,440100000,3.9880555555555555
2012-05-11,-421,-579,440100000,6.9338888888888874
2012-05-11,-165,-865,431022000,4.4055555555555559
2012-05-11,-165,-836,224619000,4.2333333333333334
2012-05-11,92,762,419800320,1.8193055555555557
2012-05-11,92,763,419800320,10.084027777777777
2012-05-11,92,-163,224745000,1.1825
2012-05-11,604,1691,273421700,1.649861111111111
2012-05-11,604,1689,273421700,3.8126388888888885
2012-05-11,604,1690,273421700,3.7919444444444448
2012-05-11,604,-7,235007960,0.38847222222222222
2012-05-11,604,-6,235007960,1.3059722222222221
2012-05-11,-420,-583,701006080,4.0044444444444443
2012-05-11,-420,-575,440616000,3.75
2012-05-11,-420,1745,512392000,1.2593055555555557
2012-05-11,-420,-573,440100000,1.5483333333333333
2012-05-11,93,762,419800320,1.8748611111111113
2012-05-11,93,-1783,440782000,2.4225000000000003
2012-05-11,93,-1784,440782000,1.8869444444444445
2012-05-11,93,-1781,440782000,3.2570833333333336
2012-05-11,93,-1782,440782000,1.6986111111111111
2012-05-11,93,-1790,440782000,5.0069444444444429
2012-05-11,93,-1787,440782000,1.7731944444444445
2012-05-11,93,-1786,440782000,2.0954166666666669
2012-05-11,93,-1788,440782000,3.8112499999999994
2012-05-11,93,-1785,440782000,1.7538888888888891
2012-05-11,605,-63,231167000,4.66375
2012-05-11,605,-66,231145000,4.622638888888889
2012-05-11,605,1721,273351740,1.7838888888888889
2012-05-11,605,1720,273351740,9.3391666666666655
2012-05-11,605,1719,273351740,5.8798611111111114
2012-05-11,605,-33,232326000,7.9402777777777782
2012-05-11,605,1690,273849210,5.6426388888888894
2012-05-11,605,1690,273524100,3.3590277777777779
2012-05-11,605,-57,273526700,13.338888888888889
2012-05-11,605,-6,235007960,2.7308333333333334
2012-05-11,605,-7,235007960,1.1922222222222223
2012-05-11,-419,-582,701006080,5.3125
2012-05-11,94,761,419800320,6.6279166666666667
2012-05-11,94,-441,441057000,2.96375
2012-05-11,94,-442,441057000,3.1826388888888886
2012-05-11,606,-62,231167000,11.072222222222223
2012-05-11,606,-67,231145000,15.717222222222222
2012-05-11,606,1721,273351740,7.0545833333333325
2012-05-11,606,-32,232326000,6.2344444444444447
2012-05-11,606,1723,273524100,5.1515277777777779
2012-05-11,-418,-581,701006080,3.7652777777777775
2012-05-11,-418,-580,701006080,0.76097222222222216
2012-05-11,-418,-571,440100000,5.1308333333333334
2012-05-11,-162,-888,431704230,1.1129166666666666
2012-05-11,95,-1789,440659000,1.355
2012-05-11,95,-1788,440659000,1.723611111111111
2012-05-11,95,-1791,440796000,1.5984722222222221
2012-05-11,95,-1792,440796000,5.0690277777777784
2012-05-11,95,-1793,440796000,5.13375
2012-05-11,95,-441,441057000,0.92374999999999985
2012-05-11,95,-443,441057000,2.5651388888888889
2012-05-11,95,-444,441057000,0.80972222222222223
2012-05-11,95,-1791,440950000,5.1334722222222222
2012-05-11,607,1727,273415200,2.4626388888888888
2012-05-11,607,1726,273415200,4.612222222222222
2012-05-11,607,-29,232006270,7.3508333333333331
2012-05-11,607,1727,273524100,1.0150000000000001
2012-05-11,607,1725,273524100,0.76958333333333329
2012-05-11,607,1726,273524100,0.52097222222222228
2012-05-11,607,-71,231364000,11.830416666666666
2012-05-11,-417,-579,701006080,1.5975000000000001
2012-05-11,-417,-578,701006080,1.6569444444444446
2012-05-11,-417,-579,701000529,4.7730555555555556
2012-05-11,-417,-579,701019000,4.7469444444444449
2012-05-11,-417,-579,701006038,6.3233333333333341
2012-05-11,96,-1788,440659000,1.366527777777778
2012-05-11,96,-1793,440796000,0.8831944444444445
2012-05-11,96,-1791,440796000,0.88333333333333341
2012-05-11,96,-1790,440796000,0.94319444444444445
2012-05-11,96,-1772,440707000,2.825
2012-05-11,96,-1771,440707000,2.0608333333333331
2012-05-11,96,-442,441057000,0.90972222222222221
2012-05-11,96,-444,441057000,0.92499999999999993
2012-05-11,96,-1790,440950000,4.6361111111111111
2012-05-11,608,1727,273848600,4.8516666666666666
2012-05-11,608,1728,273848600,11.747361111111111
2012-05-11,608,1726,273415200,1.5175
2012-05-11,608,1727,273415200,1.5216666666666667
2012-05-11,608,-113,273213300,11.79875
2012-05-11,608,-27,232006270,5.53625
2012-05-11,608,-29,232006270,7.1305555555555555
2012-05-11,608,-26,232006270,2.274861111111111
2012-05-11,608,-28,232006270,3.1055555555555556
2012-05-11,-416,-579,701006080,3.5643055555555554
2012-05-11,-416,-579,701000529,1.5752777777777778
2012-05-11,-416,-578,701019000,1.5841666666666665
2012-05-11,-416,-578,701006038,3.0130555555555563
2012-05-11,97,-434,441065000,5.0186111111111114
2012-05-11,97,-433,441065000,0.85569444444444454
2012-05-11,97,-1783,440659000,1.7995833333333333
2012-05-11,97,-1785,440659000,2.0737500000000004
2012-05-11,97,-1784,440659000,2.6790277777777778
2012-05-11,97,-1788,440659000,2.205972222222222
2012-05-11,97,-1789,440659000,0.23069444444444445
2012-05-11,97,-1787,440659000,2.1545833333333331
2012-05-11,97,-1786,440659000,1.7679166666666668
2012-05-11,97,-1782,440659000,1.6043055555555554
2012-05-11,97,-1788,440796000,1.6720833333333334
2012-05-11,97,-1770,440707000,3.5398611111111111
2012-05-11,97,-1773,440707000,5.3543055555555554
2012-05-11,97,-1772,440707000,3.1448611111111111
2012-05-11,97,-1774,440707000,0.8206944444444445
2012-05-11,97,-443,441057000,0.75138888888888888
2012-05-11,97,-1790,440950000,0.73472222222222228
2012-05-11,97,-1789,440950000,1.8000000000000003
2012-05-11,609,-94,231134000,11.825
2012-05-11,609,-92,231134000,11.832083333333333
2012-05-11,609,-109,273213300,4.6565277777777778
2012-05-11,609,-111,273213300,7.93
2012-05-11,609,206,230002550,23.643055555555556
2012-05-11,609,-24,232006830,5.4005555555555551
2012-05-11,609,-20,235000820,4.6708333333333334
2012-05-11,609,-21,235000820,11.82388888888889
2012-05-11,-415,-579,701006080,2.109861111111111
2012-05-11,-415,-577,701006360,6.0588888888888892
2012-05-11,-415,-577,701000529,4.5748611111111108
2012-05-11,-415,-578,701000529,6.4748611111111112
2012-05-11,-415,-577,701019000,8.4731944444444434
2012-05-11,-415,-577,701006038,2.0623611111111111
2012-05-11,-415,-578,701006038,1.2968055555555555
2012-05-11,98,-428,441065000,6.1172222222222219
2012-05-11,98,-427,441065000,1.6552777777777778
2012-05-11,98,-432,441065000,1.6775000000000002
2012-05-11,98,-430,441065000,1.8708333333333333
2012-05-11,98,-431,441065000,1.5486111111111112
2012-05-11,98,-1789,440659000,0.68333333333333335
2012-05-11,98,-1791,440659000,1.6568055555555556
2012-05-11,98,-1785,440659000,1.1348611111111111
2012-05-11,98,-1788,440659000,1.2625000000000002
2012-05-11,98,-1783,440796000,0.84291666666666665
2012-05-11,98,-1787,440796000,1.2552777777777777
2012-05-11,98,-1785,440796000,0.87930555555555556
2012-05-11,98,-1784,440796000,1.1477777777777778
2012-05-11,98,-1786,440796000,0.84972222222222227
2012-05-11,98,-1788,440796000,0.85291666666666655
2012-05-11,98,-1790,440796000,1.0080555555555555
2012-05-11,98,-1771,440707000,1.9291666666666667
2012-05-11,98,-1770,440707000,1.858888888888889
2012-05-11,98,-443,441057000,0.93055555555555558
2012-05-11,98,-1773,441483000,2.1002777777777775
2012-05-11,98,-1776,441483000,1.6752777777777776
2012-05-11,610,-17,227360000,16.462222222222223
2012-05-11,610,1737,273848600,1.024861111111111
2012-05-11,610,1736,273848600,6.4776388888888894
2012-05-11,610,1738,273415200,5.2120833333333332
2012-05-11,610,1740,273415200,1.5677777777777775
2012-05-11,610,1739,273415200,0.7383333333333334
2012-05-11,610,-17,227987000,4.665
2012-05-11,610,-7,234052000,4.1019444444444444
2012-05-11,610,-8,234052000,6.438194444444445
2012-05-11,610,-10,234052000,1.20625
2012-05-11,610,-11,234052000,8.2106944444444441
2012-05-11,610,-9,234052000,0.81986111111111115
2012-05-11,610,-20,232006830,7.9348611111111111
2012-05-11,610,-7,235003080,11.814861111111112
2012-05-11,610,-6,235003080,10.584305555555556
2012-05-11,-414,-576,701000529,1.5501388888888887
2012-05-11,-414,-576,701019000,1.5583333333333336
2012-05-11,-414,-576,701006038,6.32125
2012-05-11,99,-156,273215500,5.6751388888888892
2012-05-11,99,-426,441065000,1.7497222222222222
2012-05-11,99,-428,441065000,1.8013888888888889
2012-05-11,99,-427,441065000,1.8008333333333333
2012-05-11,99,-1790,440796000,0.69319444444444445
2012-05-11,99,-157,715309184,2.3649999999999998
2012-05-11,99,-1788,441090000,2.1519444444444442
2012-05-11,99,-1786,441090000,2.9263888888888889
2012-05-11,99,-1790,441090000,6.6691666666666665
2012-05-11,99,-1784,441090000,1.7040277777777779
2012-05-11,99,-1783,441090000,2.71
2012-05-11,99,-1782,441090000,1.1709722222222223
2012-05-11,99,-1785,441090000,2.6691666666666669
2012-05-11,99,-1787,441090000,1.774861111111111
2012-05-11,99,-1781,441090000,1.9083333333333332
2012-05-11,99,-1788,440950000,1.8879166666666667
2012-05-11,99,-1789,440950000,2.0918055555555557
2012-05-11,99,-1786,440950000,1.7822222222222222
2012-05-11,99,-1772,441483000,6.0993055555555564
2012-05-11,99,-1774,441483000,1.85
2012-05-11,99,-1771,441483000,2.1502777777777777
2012-05-11,99,-1775,441483000,4.425
2012-05-11,611,-15,258397000,1.5513888888888889
2012-05-11,611,-281,251153000,1.5970833333333334
2012-05-11,-413,-575,701006360,6.4577777777777783
2012-05-11,-413,-575,701000529,1.600138888888889
2012-05-11,-413,-575,701019000,6.2009722222222212
2012-05-11,-413,-575,701006038,2.4980555555555553
2012-05-11,100,-435,441065000,4.8143055555555563
2012-05-11,100,-1762,441084000,1.8291666666666666
2012-05-11,100,-1761,441084000,9.82263888888889
2012-05-11,100,-1764,441084000,1.0890277777777777
2012-05-11,100,-1765,441084000,6.1208333333333336
2012-05-11,100,-1763,441084000,1.8151388888888889
2012-05-11,100,-157,715309184,5.5998611111111112
2012-05-11,100,-1784,440950000,1.8287499999999999
2012-05-11,100,-1787,440950000,1.8563888888888889
2012-05-11,100,-1790,440950000,6.153888888888889
2012-05-11,100,-1772,441483000,1.6522222222222223
2012-05-11,100,-1771,441483000,1.8001388888888887
2012-05-11,100,-1773,441483000,1.9473611111111113
2012-05-11,612,-3,259380000,12.565277777777776
2012-05-11,612,207,230974000,9.4984722222222224
2012-05-11,612,-283,273240900,0.75819444444444439
2012-05-11,612,-283,273522500,6.0870833333333341
2012-05-11,612,-50,231037000,4.6540277777777774
2012-05-11,612,-82,251517000,8.7124999999999986
2012-05-11,612,-285,273213010,5.6361111111111111
2012-05-11,612,-286,273213010,0.84583333333333333
2012-05-11,612,-288,273213010,2.5365277777777777
2012-05-11,612,-287,273213010,1.6029166666666668
2012-05-11,612,-74,231036000,7.1833333333333336
2012-05-11,612,-282,251153000,6.0452777777777778
2012-05-11,612,-50,231046000,4.6515277777777779
2012-05-11,612,-284,273448380,5.2608333333333333
2012-05-11,612,-14,259576000,3.8737500000000002
2012-05-11,612,-283,251063000,6.3811111111111112
2012-05-11,612,-282,251063000,1.6140277777777778
2012-05-11,612,-283,258081000,4.655
2012-05-11,612,-74,231307000,6.82875
2012-05-11,-412,-574,701019000,5.69
2012-05-11,-412,-574,701006038,2.2698611111111111
2012-05-11,101,-156,715309184,0.92361111111111116
2012-05-11,101,-157,715309184,16.704583333333332
2012-05-11,101,-168,224026860,1.2698611111111111
2012-05-11,357,1353,251330110,3.1397222222222223
2012-05-11,613,207,230974000,14.135416666666668
2012-05-11,613,-284,273240900,1.1115277777777777
2012-05-11,613,-285,273240900,4.3384722222222223
2012-05-11,613,-284,273522500,1.1519444444444444
2012-05-11,613,-286,273522500,3.3927777777777779
2012-05-11,613,-285,273522500,1.2325
2012-05-11,613,-49,231037000,4.625
2012-05-11,613,-13,258397000,2.3556944444444445
2012-05-11,613,-79,251517000,7.9526388888888881
2012-05-11,613,-81,251517000,1.5111111111111111
2012-05-11,613,-284,273246800,5.6319444444444446
2012-05-11,613,-286,273246800,1.1934722222222223
2012-05-11,613,-285,273213010,3.1058333333333334
2012-05-11,613,-285,251153000,12.640416666666667
2012-05-11,613,-285,259441000,1.1379166666666667
2012-05-11,613,-284,259441000,5.6305555555555555
2012-05-11,613,-49,231046000,7.9429166666666662
2012-05-11,613,-286,273449380,5.2966666666666677
2012-05-11,613,-284,258563000,1.588888888888889
2012-05-11,613,-285,258563000,8.3554166666666667
2012-05-11,613,-285,273448380,4.2420833333333334
2012-05-11,613,-284,273448380,0.79986111111111113
2012-05-11,613,-285,273527500,6.4880555555555555
2012-05-11,613,-284,273527500,7.6215277777777768
2012-05-11,613,-285,251063000,3.8401388888888892
2012-05-11,613,-285,258081000,4.7152777777777777
2012-05-11,613,17,259329000,13.385555555555555
2012-05-11,613,19,259329000,13.36
2012-05-11,613,-286,273526000,1.5875
2012-05-11,613,-285,273526000,5.5943055555555556
2012-05-11,613,-285,273538800,3.0916666666666668
2012-05-11,613,-286,273538800,5.2401388888888887
2012-05-11,102,-1755,440089000,2.2358333333333329
2012-05-11,102,-1754,440089000,2.2006944444444443
2012-05-11,102,-1749,440089000,1.6844444444444444
2012-05-11,102,-1748,440089000,1.8840277777777779
2012-05-11,102,-1753,440089000,3.6011111111111109
2012-05-11,102,-1747,440089000,1.9443055555555557
2012-05-11,102,-1750,440089000,1.8361111111111112
2012-05-11,102,-169,224026860,4.0501388888888883
2012-05-11,102,-168,224026860,1.2316666666666667
2012-05-11,614,-287,273537800,10.605555555555556
2012-05-11,614,-288,273537800,5.2909722222222229
2012-05-11,614,-286,273240900,2.3168055555555558
2012-05-11,614,-287,273240900,12.833333333333332
2012-05-11,614,-288,273522500,0.78041666666666665
2012-05-11,614,-48,231037000,1.9045833333333333
2012-05-11,614,-12,258397000,2.3627777777777776
2012-05-11,614,-287,273246800,1.2147222222222223
2012-05-11,614,-286,273246800,0.7830555555555555
2012-05-11,614,-288,273246800,0.77277777777777779
2012-05-11,614,-287,273213010,3.870972222222222
2012-05-11,614,-286,273527900,6.8663888888888893
2012-05-11,614,-286,251153000,3.4005555555555556
2012-05-11,614,-287,259441000,3.8666666666666667
2012-05-11,614,-286,259441000,1.5540277777777778
2012-05-11,614,-288,273449380,1.5348611111111112
2012-05-11,614,-292,273449380,2.2944444444444443
2012-05-11,614,-287,273449380,7.5765277777777786
2012-05-11,614,-287,258563000,2.2930555555555556
2012-05-11,614,-286,258563000,2.2595833333333335
2012-05-11,614,-286,273448380,3.8805555555555555
2012-05-11,614,-287,273448380,5.6375
2012-05-11,614,-286,273212100,6.3654166666666665
2012-05-11,614,-287,273212100,5.4152777777777779
2012-05-11,614,-287,273527500,1.5669444444444445
2012-05-11,614,-288,273527500,1.1030555555555555
2012-05-11,614,-286,273527500,0.73208333333333342
2012-05-11,614,-286,251063000,3.4034722222222222
2012-05-11,614,-287,251063000,2.0329166666666665
2012-05-11,614,-286,258081000,6.3929166666666672
2012-05-11,614,-287,258081000,7.9368055555555568
2012-05-11,614,-287,273526000,5.6372222222222224
2012-05-11,614,-287,273538800,1.9863888888888888
2012-05-11,614,-286,273538800,4.6540277777777783
2012-05-11,614,-288,273538800,1.1251388888888889
2012-05-11,614,-82,231307000,3.0755555555555558
2012-05-11,-410,409,431753000,0.78875
2012-05-11,-410,411,431753000,3.0588888888888888
2012-05-11,103,-1749,440089000,1.076111111111111
2012-05-11,103,-1751,440089000,2.0679166666666662
2012-05-11,103,-1752,440089000,2.5087499999999996
2012-05-11,103,-1753,440089000,1.7752777777777777
2012-05-11,103,-1750,440089000,0.91263888888888889
2012-05-11,103,-171,224026860,3.7431944444444447
2012-05-11,103,-169,224026860,3.205138888888889
2012-05-11,359,-506,224173000,2.0838888888888887
2012-05-11,359,-508,224173000,1.7945833333333332
2012-05-11,359,-502,224173000,2.3920833333333333
2012-05-11,359,-505,224173000,2.1702777777777778
2012-05-11,359,-499,224173000,3.7765277777777779
2012-05-11,615,-290,273537800,1.118611111111111
2012-05-11,615,-289,273537800,3.43375
2012-05-11,615,-288,273537800,1.5836111111111111
2012-05-11,615,-289,273311280,3.8498611111111112
2012-05-11,615,-289,273240900,2.3056944444444447
2012-05-11,615,-288,273522500,0.81944444444444442
2012-05-11,615,-290,273522500,6.3708333333333336
2012-05-11,615,-47,231037000,6.425
2012-05-11,615,-10,258397000,1.5375
2012-05-11,615,-8,258397000,9.4538888888888888
2012-05-11,615,-288,273246800,5.7425
2012-05-11,615,-290,273246800,5.2483333333333331
2012-05-11,615,-288,273213010,6.06625
2012-05-11,615,-289,273527900,0.84152777777777787
2012-05-11,615,-288,273527900,12.087916666666667
2012-05-11,615,-290,273527900,3.0944444444444446
2012-05-11,615,-288,259441000,1.5805555555555557
2012-05-11,615,-289,259441000,6.0441666666666665
2012-05-11,615,-288,273449380,1.2483333333333333
2012-05-11,615,-289,273449380,2.6075
2012-05-11,615,-288,258563000,1.5
2012-05-11,615,-289,258563000,1.19625
2012-05-11,615,-290,258563000,1.1418055555555555
2012-05-11,615,-289,273212100,1.5208333333333335
2012-05-11,615,-288,273212100,6.4811111111111117
2012-05-11,615,-289,273527500,3.0836111111111109
2012-05-11,615,-288,251063000,6.42
2012-05-11,615,-289,273526000,2.0398611111111111
2012-05-11,615,-289,273538800,7.5802777777777779
2012-05-11,-153,-920,224581000,0.918611111111111
2012-05-11,-153,-919,224581000,0.92041666666666666
2012-05-11,104,-171,224026860,4.8918055555555551
2012-05-11,104,-170,224026860,6.0206944444444446
2012-05-11,360,-507,224173000,2.5570833333333334
2012-05-11,360,-501,224173000,5.3465277777777773
2012-05-11,360,-502,224173000,0.79652777777777772
2012-05-11,616,-290,273537800,1.6081944444444443
2012-05-11,616,-290,273522500,3.8493055555555555
2012-05-11,616,14,235000910,14.921666666666667
2012-05-11,616,-290,259441000,3.8070833333333334
2012-05-11,616,-291,273449380,3.1012500000000003
2012-05-11,616,-291,258563000,5.2827777777777776
2012-05-11,616,-291,273448380,3.8081944444444447
2012-05-11,616,-10,259576000,11.048611111111111
2012-05-11,616,-7,259576000,7.1241666666666665
2012-05-11,616,-8,259576000,1.58
2012-05-11,616,-290,273212100,3.8748611111111111
2012-05-11,616,-290,273527500,3.0556944444444443
2012-05-11,616,-290,273526000,5.7119444444444447
2012-05-11,-152,-922,204811000,1.1700000000000002
2012-05-11,-152,-921,204811000,0.84888888888888892
2012-05-11,-152,-924,204811000,0.91944444444444451
2012-05-11,105,513,440916000,2.8297222222222222
2012-05-11,361,-535,224068000,9.9183333333333348
2012-05-11,361,-499,224173000,3.2224999999999997
2012-05-11,617,-7,259285000,0.74180555555555561
2012-05-11,617,-8,259106000,12.606805555555557
2012-05-11,617,-87,231307000,7.1625000000000005
2012-05-11,-407,427,432426000,3.0465277777777775
2012-05-11,-407,428,432426000,0.7944444444444444
2012-05-11,-407,419,431753000,4.7472222222222227
2012-05-11,-407,418,431753000,1.6211111111111112
2012-05-11,-407,415,431753000,3.1030555555555557
2012-05-11,-407,-569,701007021,3.2169444444444446
2012-05-11,-151,-925,204811000,1.79125
2012-05-11,106,513,440916000,1.8769444444444445
2012-05-11,106,512,440916000,18.738611111111108
2012-05-11,106,-340,224153130,1.9872222222222224
2012-05-11,106,-350,224153130,2.3045833333333334
2012-05-11,106,-345,224153130,2.4688888888888889
2012-05-11,106,-347,224153130,3.007222222222222
2012-05-11,362,-442,224115880,1.838888888888889
2012-05-11,618,-6,259244000,3.138611111111111
2012-05-11,-406,428,432426000,3.0898611111111109
2012-05-11,-406,422,431753000,1.7347222222222221
2012-05-11,-406,421,431753000,1.149861111111111
2012-05-11,-406,420,431753000,2.3952777777777774
2012-05-11,-406,-568,701007021,5.5373611111111112
2012-05-11,-406,-567,701007021,3.1552777777777776
2012-05-11,107,512,440916000,1.4654166666666666
2012-05-11,107,-336,224153130,1.8559722222222224
2012-05-11,107,-334,224153130,1.6648611111111113
2012-05-11,107,-339,224153130,1.3805555555555555
2012-05-11,107,-333,224153130,1.7352777777777779
2012-05-11,107,-337,224153130,0.66486111111111112
2012-05-11,107,-332,224153130,1.3038888888888889
2012-05-11,107,-335,224153130,2.6063888888888886
2012-05-11,107,-338,224153130,1.1611111111111112
2012-05-11,107,-331,224153130,2.6745833333333335
2012-05-11,363,-442,224115880,2.5497222222222224
2012-05-11,363,-443,224115880,1.1790277777777778
2012-05-11,619,-402,331079000,11.832222222222223
2012-05-11,619,-86,231036000,11.810555555555556
2012-05-11,619,-401,211214200,5.260416666666667
2012-05-11,619,-402,331117000,12.619583333333333
2012-05-11,619,-6,259244000,3.1043055555555554
2012-05-11,619,-7,259244000,13.359166666666669
2012-05-11,619,-86,231307000,1.8559722222222224
2012-05-11,-405,430,432426000,1.1893055555555558
2012-05-11,-405,429,432426000,1.6197222222222221
2012-05-11,-405,424,431753000,3.6379166666666669
2012-05-11,-405,423,431753000,1.651388888888889
2012-05-11,-405,-568,701007021,5.1919444444444443
2012-05-11,-149,-926,204811000,1.8791666666666664
2012-05-11,108,-479,440969000,1.3616666666666668
2012-05-11,364,-535,224068000,2.7441666666666666
2012-05-11,364,-443,224115880,0.9194444444444444
2012-05-11,620,-403,211373830,8.0386111111111109
2012-05-11,620,34,259122000,0.74722222222222223
2012-05-11,620,-402,331079000,4.6059722222222224
2012-05-11,620,-402,211214200,2.7031944444444447
2012-05-11,620,3,258052000,1.5554166666666667
2012-05-11,620,-402,331117000,1.5581944444444447
2012-05-11,620,-403,331117000,1.5229166666666667
2012-05-11,-404,432,432426000,1.6641666666666668
2012-05-11,-404,431,432426000,4.7127777777777773
2012-05-11,-404,430,432426000,1.5406944444444444
2012-05-11,-148,-927,204811000,1.3369444444444445
2012-05-11,109,-476,440969000,1.8244444444444445
2012-05-11,109,-483,440969000,2.7954166666666667
2012-05-11,109,-481,440969000,0.90763888888888888
2012-05-11,109,-170,616807000,0.95986111111111116
2012-05-11,109,-170,616999035,4.1104166666666666
2012-05-11,365,-536,224068000,1.74875
2012-05-11,365,-444,224115880,2.0294444444444446
2012-05-11,621,-405,211373830,11.032222222222222
2012-05-11,621,-404,211373830,1.5536111111111111
2012-05-11,621,33,259122000,1.5402777777777779
2012-05-11,621,-404,211214200,0.78861111111111115
2012-05-11,621,-406,211214200,1.5534722222222221
2012-05-11,621,-403,211214200,6.8930555555555557
2012-05-11,621,-402,211214200,0.79722222222222228
2012-05-11,621,-405,211214200,1.0497222222222222
2012-05-11,621,-404,331117000,6.4308333333333332
2012-05-11,621,-403,331117000,1.51375
2012-05-11,-403,433,432426000,1.6915277777777775
2012-05-11,-403,434,432426000,1.7794444444444444
2012-05-11,-403,435,432426000,2.7384722222222222
2012-05-11,-147,-813,224392000,4.2961111111111112
2012-05-11,-147,-928,204811000,1.2805555555555554
2012-05-11,110,-484,440969000,1.8180555555555555
2012-05-11,110,-482,440969000,1.2815277777777778
2012-05-11,110,-483,440969000,4.6731944444444444
2012-05-11,110,-479,440969000,1.5647222222222221
2012-05-11,110,-480,440969000,3.0623611111111106
2012-05-11,110,-171,616807000,1.2475
2012-05-11,110,-171,616999035,1.5634722222222222
2012-05-11,110,-400,440345000,0.93791666666666673
2012-05-11,110,-403,440345000,0.9291666666666667
2012-05-11,110,-398,440345000,5.4236111111111107
2012-05-11,110,-401,440345000,0.75
2012-05-11,110,-405,440345000,2.7972222222222225
2012-05-11,366,-536,224068000,1.2418055555555556
2012-05-11,622,32,259122000,12.615277777777779
2012-05-11,622,-39,231046000,8.6859722222222224
2012-05-11,622,-405,211214200,2.3515277777777777
2012-05-11,622,7,258052000,2.370972222222222
2012-05-11,-402,-528,263564000,9.3856944444444466
2012-05-11,-146,-813,224392000,1.9872222222222224
2012-05-11,-146,-928,204811000,3.0268055555555553
2012-05-11,111,-407,440345000,4.7572222222222216
2012-05-11,111,-400,440345000,1.8140277777777778
2012-05-11,111,-397,440345000,3.4425
2012-05-11,111,-549,441527000,0.96583333333333332
2012-05-11,111,-550,441527000,0.81222222222222229
2012-05-11,111,-547,441527000,2.076111111111111
2012-05-11,111,-556,441527000,2.3945833333333333
2012-05-11,111,-552,441527000,2.2366666666666664
2012-05-11,111,-554,441527000,2.1352777777777776
2012-05-11,367,-535,224068000,1.5931944444444444
2012-05-11,367,-443,224115880,2.3970833333333337
2012-05-11,367,-444,224115880,2.9727777777777775
2012-05-11,623,-404,211214200,2.2840277777777778
2012-05-11,623,-50,231321000,5.4486111111111111
2012-05-11,623,-51,231321000,7.9626388888888888
2012-05-11,-145,-813,224392000,0.92333333333333334
2012-05-11,-145,-929,204811000,2.0302777777777772
2012-05-11,112,-397,440345000,1.685
2012-05-11,112,-398,440345000,1.8445833333333335
2012-05-11,112,-552,441527000,2.2636111111111115
2012-05-11,112,-555,441527000,1.2333333333333334
2012-05-11,112,-556,441527000,1.9738888888888888
2012-05-11,368,-91,263408470,0.78888888888888886
2012-05-11,368,-92,263408470,4.9301388888888891
2012-05-11,368,-534,224068000,2.4248611111111114
2012-05-11,368,-444,224115880,1.6306944444444442
2012-05-11,624,-46,231073000,3.9130555555555553
2012-05-11,624,-44,231073000,14.918194444444444
2012-05-11,-144,-813,224392000,3.165694444444445
2012-05-11,-144,-929,204811000,3.1070833333333328
2012-05-11,113,-172,616807000,1.4990277777777778
2012-05-11,113,-413,441070000,1.4100000000000001
2012-05-11,113,-417,441070000,2.7697222222222222
2012-05-11,113,-416,441070000,1.2440277777777777
2012-05-11,113,-411,441070000,1.5568055555555556
2012-05-11,113,-475,440642000,2.7016666666666662
2012-05-11,113,-465,440642000,2.7415277777777778
2012-05-11,113,-468,440642000,3.2665277777777777
2012-05-11,369,-92,263408470,10.774444444444445
2012-05-11,369,-443,224115880,3.80625
2012-05-11,-399,1552,431725000,4.8469444444444445
2012-05-11,-399,1547,431725000,0.89986111111111111
2012-05-11,-399,1543,431725000,2.0163888888888892
2012-05-11,-399,1555,431725000,2.4265277777777778
2012-05-11,-399,1548,431725000,1.2666666666666666
2012-05-11,-399,1549,431725000,1.7819444444444446
2012-05-11,-143,-815,224392000,3.4930555555555558
2012-05-11,-143,-813,224392000,1.9404166666666667
2012-05-11,114,-173,616807000,4.6637499999999994
2012-05-11,114,-411,441070000,2.4169444444444443
2012-05-11,114,-419,441070000,4.7779166666666661
2012-05-11,114,-463,440642000,2.5541666666666667
2012-05-11,114,-475,440642000,5.1945833333333331
2012-05-11,114,-1762,432395000,2.9718055555555551
2012-05-11,114,-1765,432395000,2.1644444444444444
2012-05-11,114,-1761,432395000,0.92083333333333339
2012-05-11,114,-1763,432395000,1.7794444444444444
2012-05-11,370,-443,224115880,4.0531944444444443
2012-05-11,626,-62,231321000,7.916666666666667
2012-05-11,-398,1545,431725000,1.6018055555555557
2012-05-11,-398,1544,431725000,1.5975000000000001
2012-05-11,-398,1546,431725000,1.3927777777777779
2012-05-11,-398,1551,431725000,2.495138888888889
2012-05-11,-398,1542,431725000,3.3322222222222222
2012-05-11,-142,-813,224392000,0.91222222222222227
2012-05-11,-142,-815,224392000,0.74236111111111114
2012-05-11,-142,-814,224392000,0.98486111111111119
2012-05-11,115,-173,616807000,2.4777777777777779
2012-05-11,115,-411,441070000,1.2586111111111111
2012-05-11,115,-1633,440770000,0.61694444444444452
2012-05-11,115,-1634,440770000,1.0901388888888888
2012-05-11,115,-464,440642000,5.495
2012-05-11,115,-463,440642000,2.0029166666666667
2012-05-11,115,-1762,432395000,0.89013888888888881
2012-05-11,115,-1769,432395000,1.3856944444444443
2012-05-11,115,-1761,432395000,1.6830555555555557
2012-05-11,115,-1763,432395000,0.20180555555555557
2012-05-11,115,-1768,432395000,1.3926388888888888
2012-05-11,115,-1767,432395000,2.1752777777777776
2012-05-11,115,-1770,432395000,1.7501388888888889
2012-05-11,371,-536,224068000,4.5012500000000006
2012-05-11,-141,-816,224392000,0.87583333333333324
2012-05-11,-141,-815,224392000,2.4084722222222221
2012-05-11,116,-172,616807000,0.8931944444444444
2012-05-11,116,-173,616807000,1.6540277777777777
2012-05-11,116,-415,441070000,0.73333333333333339
2012-05-11,116,-412,441070000,1.7673611111111112
2012-05-11,116,-413,441070000,1.7445833333333334
2012-05-11,116,-414,441070000,0.93180555555555555
2012-05-11,116,-416,441070000,2.9816666666666669
2012-05-11,116,-1631,440770000,0.84444444444444444
2012-05-11,116,-1630,440770000,1.2754166666666666
2012-05-11,116,-172,440747000,4.984166666666666
2012-05-11,116,-1769,432395000,3.7140277777777779
2012-05-11,116,-1765,432395000,0.84458333333333324
2012-05-11,116,-1766,432395000,1.2265277777777777
2012-05-11,116,-1763,432395000,0.64555555555555555
2012-05-11,372,-358,224069960,1.2656944444444445
2012-05-11,372,-355,224069960,2.4455555555555559
2012-05-11,628,-252,251482000,3.0915277777777779
2012-05-11,628,-251,251482000,5.4034722222222218
2012-05-11,628,-250,251482000,3.0838888888888887
2012-05-11,628,-248,251141110,3.0959722222222221
2012-05-11,628,-247,251141110,2.275
2012-05-11,-396,1549,431070000,2.2047222222222218
2012-05-11,-396,1557,431070000,2.4166666666666665
2012-05-11,-396,1551,431070000,0.95527777777777778
2012-05-11,-396,1552,431070000,1.7495833333333333
2012-05-11,-396,1548,431070000,2.3443055555555552
2012-05-11,-396,1553,431070000,3.20875
2012-05-11,-396,1550,431070000,1.2109722222222223
2012-05-11,-396,1554,431070000,4.1247222222222222
2012-05-11,-396,1545,431070000,3.318194444444444
2012-05-11,-396,-526,263564000,3.9643055555555553
2012-05-11,-396,-528,263564000,1.3248611111111113
2012-05-11,-396,-735,725000690,3.9749999999999996
2012-05-11,-140,-815,224392000,0.85555555555555562
2012-05-11,117,-347,224259000,3.2219444444444445
2012-05-11,117,-348,224259000,6.1722222222222225
2012-05-11,117,-1637,440770000,5.1572222222222219
2012-05-11,117,-1635,440770000,1.7441666666666669
2012-05-11,117,-1634,440770000,1.9947222222222223
2012-05-11,117,-1636,440770000,3.75375
2012-05-11,117,-1631,440770000,2.5443055555555554
2012-05-11,117,-1633,440770000,1.8287499999999999
2012-05-11,117,-1630,440770000,1.1333333333333333
2012-05-11,117,-1632,440770000,1.8026388888888889
2012-05-11,117,-172,440747000,3.0909722222222227
2012-05-11,629,-226,251164000,1.5595833333333333
2012-05-11,629,-225,251164000,2.3102777777777779
2012-05-11,629,-204,251360110,5.4429166666666671
2012-05-11,629,-203,251360110,2.32375
2012-05-11,629,-202,251360110,12.170138888888889
2012-05-11,629,-249,251482000,5.5902777777777777
2012-05-11,629,-250,251482000,7.2252777777777766
2012-05-11,629,-247,251141110,2.6601388888888886
2012-05-11,629,-246,251141110,1.965
2012-05-11,-395,1547,431070000,1.2954166666666664
2012-05-11,-395,1548,431070000,0.78388888888888908
2012-05-11,-395,-528,263564000,1.2179166666666665
2012-05-11,-395,-526,263564000,2.8601388888888888
2012-05-11,-395,-735,725004270,3.921388888888889
2012-05-11,118,-342,224259000,0.86638888888888888
2012-05-11,118,-346,224259000,0.93708333333333327
2012-05-11,118,-344,224259000,0.93958333333333333
2012-05-11,118,-341,224259000,0.73291666666666666
2012-05-11,118,-343,224259000,1.3781944444444445
2012-05-11,118,-345,224259000,0.76875
2012-05-11,118,-340,224259000,2.9491666666666667
2012-05-11,118,1785,432321000,1.7072222222222222
2012-05-11,118,1792,432321000,2.680277777777778
2012-05-11,118,1789,432321000,2.1391666666666667
2012-05-11,118,1786,432321000,1.3824999999999998
2012-05-11,118,1799,432321000,0.22902777777777777
2012-05-11,118,1788,432321000,2.2488888888888887
2012-05-11,118,1787,432321000,1.3636111111111111
2012-05-11,118,1790,432321000,1.11625
2012-05-11,118,1794,432321000,0.90416666666666679
2012-05-11,118,1795,432321000,0.75277777777777777
2012-05-11,118,-1800,432321000,0.18763888888888888
2012-05-11,118,1791,432321000,1.8408333333333333
2012-05-11,118,1793,432321000,1.6818055555555556
2012-05-11,630,-250,251029000,6.1361111111111111
2012-05-11,630,-251,251029000,1.0447222222222221
2012-05-11,630,-223,251164000,3.8626388888888883
2012-05-11,630,-226,251164000,1.5183333333333333
2012-05-11,630,-222,251164000,1.6223611111111111
2012-05-11,630,-221,251164000,12.769166666666669
2012-05-11,630,-217,251219110,1.4859722222222222
2012-05-11,630,-216,251219110,1.5494444444444446
2012-05-11,-394,-734,725005100,3.1177777777777775
2012-05-11,-394,-734,725000335,5.3941666666666661
2012-05-11,-394,-734,725007800,8.9170833333333341
2012-05-11,-394,-734,725000146,12.343055555555559
2012-05-11,-394,-528,263564000,2.2705555555555557
2012-05-11,-394,-734,725000690,1.8004166666666666
2012-05-11,119,-346,224259000,2.327638888888889
2012-05-11,119,-345,224259000,0.85763888888888884
2012-05-11,119,-343,224259000,2.399861111111111
2012-05-11,119,-1777,431254000,2.8119444444444448
2012-05-11,119,-1774,431254000,2.9348611111111111
2012-05-11,119,-1773,431254000,1.7908333333333333
2012-05-11,631,-243,251029000,2.2919444444444443
2012-05-11,631,-252,251029000,1.5780555555555558
2012-05-11,631,-257,251298110,5.58
2012-05-11,631,-255,251298110,2.28
2012-05-11,631,-243,251050110,3.0930555555555554
2012-05-11,631,-244,251050110,4.1616666666666671
2012-05-11,631,-204,251034000,1.5486111111111112
2012-05-11,631,-203,251034000,1.2650000000000001
2012-05-11,631,-216,251219110,2.3445833333333335
2012-05-11,631,-219,251219110,1.5841666666666665
2012-05-11,631,-217,251219110,2.276388888888889
2012-05-11,631,-218,251219110,7.95375
2012-05-11,-393,-734,725000288,0.75
2012-05-11,-393,-735,725004900,12.222361111111111
2012-05-11,-393,-734,725000335,4.4352777777777774
2012-05-11,-393,1546,431053000,2.0058333333333334
2012-05-11,-393,1549,431053000,2.1877777777777778
2012-05-11,-393,1548,431053000,1.0218055555555556
2012-05-11,-393,1551,431053000,1.7933333333333334
2012-05-11,-393,1547,431053000,2.7838888888888884
2012-05-11,-393,-734,725000146,9.3791666666666647
2012-05-11,-393,-528,263564000,3.5805555555555557
2012-05-11,-393,-734,725000690,3.5520833333333335
2012-05-11,120,-1772,431254000,0.83041666666666658
2012-05-11,120,-1778,431254000,3.07625
2012-05-11,120,-1771,431254000,1.1654166666666668
2012-05-11,376,-529,224099470,2.9915277777777778
2012-05-11,376,-530,224099470,3.4070833333333335
2012-05-11,632,-205,251423000,0.34652777777777777
2012-05-11,632,-206,251423000,1.8368055555555556
2012-05-11,632,-256,251298110,2.3283333333333331
2012-05-11,632,-258,251298110,8.7084722222222233
2012-05-11,632,-257,251298110,3.0831944444444446
2012-05-11,632,-190,251211110,2.2668055555555555
2012-05-11,632,-194,251211110,1.1641666666666668
2012-05-11,632,-192,251211110,3.096111111111111
2012-05-11,632,-193,251211110,2.2975000000000003
2012-05-11,632,-191,251211110,2.3591666666666669
2012-05-11,632,-176,251019110,1.5486111111111112
2012-05-11,632,-175,251019110,5.6375
2012-05-11,632,-244,251050110,0.76944444444444438
2012-05-11,632,-202,251034000,16.208611111111111
2012-05-11,632,-201,251034000,2.3127777777777778
2012-05-11,632,-204,251034000,2.3329166666666667
2012-05-11,632,-220,251219110,6.4027777777777777
2012-05-11,-392,-604,701000804,0.72416666666666663
2012-05-11,-392,-603,701000804,0.852638888888889
2012-05-11,-392,-740,725001320,3.8877777777777776
2012-05-11,-392,1553,431053000,2.4776388888888889
2012-05-11,-392,1555,431053000,2.3759722222222224
2012-05-11,121,-755,432448000,2.2677777777777779
2012-05-11,121,-754,432448000,5.0713888888888885
2012-05-11,121,-1528,431225000,0.85416666666666663
2012-05-11,121,-1529,431225000,0.22680555555555557
2012-05-11,377,-92,263477000,3.9250000000000003
2012-05-11,377,-1227,366808340,15.781250000000002
2012-05-11,377,-1228,366808340,2.6579166666666669
2012-05-11,377,-1227,367426120,2.0652777777777778
2012-05-11,377,-92,263407470,7.6077777777777786
2012-05-11,377,-527,224099470,0.81347222222222226
2012-05-11,633,-205,251423000,6.078333333333334
2012-05-11,633,-206,251423000,0.86097222222222225
2012-05-11,633,-258,251298110,0.78152777777777782
2012-05-11,633,-259,251298110,0.8633333333333334
2012-05-11,633,-262,251136110,3.3920833333333329
2012-05-11,633,-261,251136110,3.8861111111111111
2012-05-11,633,-245,251050110,0.81111111111111112
2012-05-11,633,-170,231181000,7.1748611111111114
2012-05-11,633,-163,251179000,1.5680555555555555
2012-05-11,-391,-602,701000804,1.8066666666666666
2012-05-11,-391,-603,701000804,1.4288888888888889
2012-05-11,122,-751,432448000,2.183472222222222
2012-05-11,122,-749,432448000,2.76
2012-05-11,122,-748,432448000,0.75430555555555556
2012-05-11,122,-753,432448000,1.7875
2012-05-11,122,-1532,431225000,1.2304166666666667
2012-05-11,122,-1533,431225000,0.86777777777777776
2012-05-11,122,-1529,431225000,1.6469444444444443
2012-05-11,378,-92,263477000,14.169305555555558
2012-05-11,378,109,247146830,5.8304166666666664
2012-05-11,378,111,247146830,10.553055555555556
2012-05-11,378,-92,263407470,8.2659722222222225
2012-05-11,378,-527,224099470,1.4227777777777777
2012-05-11,634,-161,251182110,1.5208333333333335
2012-05-11,634,-162,251182110,11.034722222222221
2012-05-11,634,-160,251182110,7.2084722222222233
2012-05-11,634,-163,251182110,3.8666666666666667
2012-05-11,634,-251,259284000,3.100138888888889
2012-05-11,634,-252,259284000,12.55263888888889
2012-05-11,634,-253,259284000,1.5783333333333334
2012-05-11,634,-254,259284000,6.3844444444444441
2012-05-11,634,-263,251136110,7.2290277777777776
2012-05-11,634,-261,251136110,5.2620833333333339
2012-05-11,634,-262,251136110,3.9098611111111117
2012-05-11,634,-245,251050110,0.80541666666666667
2012-05-11,634,-239,251226000,0.79027777777777775
2012-05-11,634,-385,273212110,0.8625
2012-05-11,634,-386,273212110,9.1905555555555551
2012-05-11,634,-382,273212110,1.5779166666666666
2012-05-11,634,-384,273212110,2.2844444444444445
2012-05-11,634,-380,273212110,7.4625
2012-05-11,634,-160,251179000,1.536111111111111
2012-05-11,634,-159,251179000,13.357777777777777
2012-05-11,634,-161,251179000,7.9447222222222225
2012-05-11,634,-202,251066110,1.6208333333333333
2012-05-11,634,-203,251066110,0.74305555555555558
2012-05-11,-390,-600,701000804,2.1862500000000002
2012-05-11,-390,-739,725001320,7.0622222222222231
2012-05-11,123,-748,432448000,0.959861111111111
2012-05-11,123,-747,432448000,1.7488888888888889
2012-05-11,123,-1529,431225000,1.0016666666666667
2012-05-11,123,-1535,431225000,3.4336111111111109
2012-05-11,379,-93,263407470,0.53166666666666673
2012-05-11,379,-92,263407470,1.115
2012-05-11,379,-531,224099470,1.6369444444444443
2012-05-11,635,-261,251029000,7.1894444444444447
2012-05-11,635,-215,251809110,0.48472222222222222
2012-05-11,635,-244,251050110,5.6306944444444449
2012-05-11,635,-245,251050110,0.79722222222222228
2012-05-11,635,-173,251086000,3.8319444444444448
2012-05-11,635,-171,251086000,1.5930555555555554
2012-05-11,635,-172,251086000,4.6858333333333331
2012-05-11,635,-173,251314110,1.8555555555555556
2012-05-11,635,-174,251314110,5.4306944444444438
2012-05-11,635,-178,251367110,6.4106944444444451
2012-05-11,-389,-740,725001320,0.96805555555555545
2012-05-11,124,-745,432448000,0.8880555555555556
2012-05-11,124,-744,432448000,0.33027777777777778
2012-05-11,124,-746,432448000,4.3034722222222221
2012-05-11,380,-531,224099470,0.80055555555555558
2012-05-11,636,-174,251065110,5.3794444444444451
2012-05-11,636,-173,251065110,11.829166666666666
2012-05-11,636,-175,251065110,6.4154166666666672
2012-05-11,636,-222,251244110,8.3641666666666659
2012-05-11,636,-223,251244110,5.2448611111111108
2012-05-11,636,-214,251809110,0.74486111111111108
2012-05-11,636,57,258524000,7.9398611111111119
2012-05-11,636,-156,231004000,3.8679166666666669
2012-05-11,636,-157,231004000,11.868194444444445
2012-05-11,636,-223,251538540,2.2898611111111111
2012-05-11,636,-224,251538540,4.2852777777777789
2012-05-11,636,-226,251014000,5.5827777777777783
2012-05-11,636,-225,251014000,7.2412500000000009
2012-05-11,636,-235,251269000,3.839722222222222
2012-05-11,636,-173,251086000,12.76125
2012-05-11,636,-174,251314110,4.205972222222222
2012-05-11,636,-174,251367110,7.1775
2012-05-11,636,-176,251367110,5.4325
2012-05-11,636,-177,251367110,3.8615277777777779
2012-05-11,-644,-615,259539000,12.042499999999999
2012-05-11,-644,-614,259539000,11.769166666666671
2012-05-11,-644,-615,725000291,5.1497222222222216
2012-05-11,-644,-615,432443000,5.1672222222222226
2012-05-11,125,-744,432448000,0.98444444444444446
2012-05-11,125,-1533,431225000,0.9226388888888889
2012-05-11,381,-532,224099470,3.7929166666666672
2012-05-11,381,-526,224099470,1.5898611111111112
2012-05-11,637,-367,331273000,6.3816666666666668
2012-05-11,637,-369,331273000,2.3945833333333333
2012-05-11,637,-370,331273000,1.1294444444444445
2012-05-11,637,-368,331273000,0.74736111111111114
2012-05-11,637,-368,261383000,1.5547222222222223
2012-05-11,637,-370,261383000,1.5019444444444443
2012-05-11,637,-158,231004000,7.9347222222222218
2012-05-11,637,-230,251269000,3.1306944444444444
2012-05-11,637,-141,251049110,1.5959722222222221
2012-05-11,637,-143,251049110,7.1413888888888888
2012-05-11,637,-232,251538110,7.1845833333333342
2012-05-11,637,-231,251538110,0.76291666666666658
2012-05-11,637,-152,231159000,3.8706944444444442
2012-05-11,126,-1535,431225000,1.7668055555555555
2012-05-11,126,-1538,431225000,2.1472222222222221
2012-05-11,126,-1534,431225000,2.00625
2012-05-11,126,-1536,431225000,2.1198611111111112
2012-05-11,382,-526,224099470,0.80805555555555553
2012-05-11,382,-527,224099470,0.74402777777777773
2012-05-11,638,-139,251054110,7.9709722222222226
2012-05-11,638,-364,331273000,2.32625
2012-05-11,638,-366,331273000,1.53625
2012-05-11,638,-365,261383000,7.577638888888889
2012-05-11,638,-367,261383000,1.56125
2012-05-11,638,-366,261383000,1.6119444444444446
2012-05-11,638,-139,251049110,0.75416666666666665
2012-05-11,638,-138,251049110,7.1736111111111107
2012-05-11,638,-139,251143110,12.735833333333332
2012-05-11,638,-153,231159000,3.8329166666666667
2012-05-11,638,-152,231159000,8.7901388888888885
2012-05-11,-642,-615,725000291,1.7808333333333333
2012-05-11,-642,-615,432443000,1.5213888888888891
2012-05-11,127,-1540,431225000,2.1319444444444442
2012-05-11,127,-1539,431225000,0.81416666666666671
2012-05-11,383,-500,224253000,1.6784722222222219
2012-05-11,383,-526,224099470,1.2369444444444446
2012-05-11,639,-364,331072000,1.5999999999999999
2012-05-11,639,-362,331072000,5.6123611111111105
2012-05-11,639,-363,331072000,2.270833333333333
2012-05-11,639,-265,251331110,1.5319444444444446
2012-05-11,639,-267,251331110,3.0990277777777777
2012-05-11,639,-266,251331110,1.5493055555555557
2012-05-11,639,-364,261383000,1.8670833333333334
2012-05-11,639,-363,261383000,1.2298611111111111
2012-05-11,639,-232,251030110,10.295416666666666
2012-05-11,639,-229,251226000,2.2983333333333333
2012-05-11,639,-135,251049110,1.5430555555555556
2012-05-11,639,-363,331277000,3.0770833333333334
2012-05-11,639,-153,231159000,7.1515277777777779
2012-05-11,639,-162,251088110,7.9611111111111112
2012-05-11,-385,-566,770576091,1.7675
2012-05-11,384,-499,224253000,3.2197222222222224
2012-05-11,384,-501,224253000,1.2590277777777779
2012-05-11,640,-363,331072000,0.75555555555555554
2012-05-11,640,-362,331072000,2.3083333333333331
2012-05-11,640,-137,251054110,7.9348611111111111
2012-05-11,640,-268,251331110,3.89
2012-05-11,640,-361,331273000,5.2845833333333339
2012-05-11,640,-362,261383000,6.7502777777777778
2012-05-11,640,-234,251030110,6.4356944444444446
2012-05-11,640,-132,251049110,1.5486111111111112
2012-05-11,640,-133,251049110,3.0944444444444446
2012-05-11,640,-256,251203000,1.5859722222222221
2012-05-11,640,-133,251143110,0.73625000000000007
2012-05-11,640,-134,251143110,2.1276388888888889
2012-05-11,640,-362,331277000,14.818055555555555
2012-05-11,640,-363,331277000,5.7498611111111106
2012-05-11,640,-153,251088110,3.8626388888888887
2012-05-11,-384,1553,431053000,3.2559722222222223
2012-05-11,-384,-566,770576091,4.0140277777777778
2012-05-11,385,-501,224253000,0.80569444444444449
2012-05-11,385,-500,224253000,0.72847222222222219
2012-05-11,385,-525,224099470,1.6790277777777778
2012-05-11,641,-361,331072000,2.7159722222222222
2012-05-11,641,-268,251331110,5.972777777777778
2012-05-11,641,-360,331273000,0.78736111111111107
2012-05-11,641,-148,251019110,6.3640277777777783
2012-05-11,641,-542,257009000,1.5583333333333333
2012-05-11,641,-541,257009000,13.306666666666667
2012-05-11,641,-539,257009000,1.51125
2012-05-11,641,-133,251178110,3.0945833333333335
2012-05-11,641,-153,251428000,0.82583333333333331
2012-05-11,641,-135,251143110,1.0604166666666668
2012-05-11,-383,-739,725001320,1.586111111111111
2012-05-11,-127,-1303,431802000,1.5483333333333333
2012-05-11,386,-501,224253000,2.0293055555555557
2012-05-11,642,-358,331072000,1.525
2012-05-11,642,-138,251054110,4.6375
2012-05-11,642,-359,331273000,2.2904166666666668
2012-05-11,642,-147,251019110,5.30625
2012-05-11,642,-539,257009000,7.2791666666666659
2012-05-11,642,-137,251178110,7.1593055555555551
2012-05-11,642,-517,331394000,7.2680555555555557
2012-05-11,-382,-1755,224256000,0.99166666666666659
2012-05-11,-382,-1757,224256000,3.1791666666666663
2012-05-11,-382,-738,725002560,4.7640277777777778
2012-05-11,-382,-739,725001320,0.34625
2012-05-11,-382,-738,725001320,0.81097222222222221
2012-05-11,-126,-1295,431802000,1.5641666666666667
2012-05-11,-126,-1303,431802000,1.7466666666666661
2012-05-11,-126,-1292,431802000,0.91194444444444445
2012-05-11,387,-500,224253000,1.7670833333333333
2012-05-11,387,-525,224099470,3.2541666666666664
2012-05-11,643,-245,251267110,1.6061111111111113
2012-05-11,643,-235,251160110,1.1188888888888888
2012-05-11,643,-234,251160110,9.51625
2012-05-11,643,-233,251160110,5.3748611111111106
2012-05-11,643,-146,251019110,5.5590277777777777
2012-05-11,643,-138,251178110,10.26125
2012-05-11,643,-139,251178110,3.1440277777777776
2012-05-11,643,-357,211272580,3.0756944444444443
2012-05-11,643,-353,211272580,0.78625
2012-05-11,643,-356,211272580,1.8144444444444443
2012-05-11,643,-354,211272580,0.79569444444444448
2012-05-11,643,-355,211272580,2.335
2012-05-11,643,-126,251097000,6.0873611111111119
2012-05-11,643,-139,251143110,2.3155555555555556
2012-05-11,643,-138,251143110,5.474444444444444
2012-05-11,643,-517,331394000,3.0893055555555553
2012-05-11,643,-270,251458000,0.81111111111111112
2012-05-11,643,-138,231180000,12.655416666666666
2012-05-11,643,-137,231180000,3.1206944444444447
2012-05-11,-381,-1755,224256000,1.3644444444444443
2012-05-11,-381,-1756,224256000,0.76125
2012-05-11,-381,-1757,224256000,0.96472222222222226
2012-05-11,-381,-737,725002560,4.5294444444444446
2012-05-11,-381,-738,725002560,3.1863888888888892
2012-05-11,-381,1482,503089600,0.77930555555555558
2012-05-11,-125,1579,432626000,2.3830555555555559
2012-05-11,-125,1578,432626000,1.5995833333333334
2012-05-11,-125,-1292,431802000,0.91291666666666671
2012-05-11,-125,-1303,431802000,2.1545833333333331
2012-05-11,388,-500,224253000,0.96486111111111117
2012-05-11,644,-241,251267110,5.5851388888888893
2012-05-11,644,-342,331208000,1.5549999999999997
2012-05-11,644,-356,211272580,1.5518055555555557
2012-05-11,644,-353,211272580,11.753611111111111
2012-05-11,644,-232,251763110,5.4558333333333335
2012-05-11,644,-233,251763110,3.822222222222222
2012-05-11,644,-127,251097000,3.8666666666666667
2012-05-11,644,-125,251097000,6.6493055555555554
2012-05-11,644,-126,251097000,3.141111111111111
2012-05-11,644,-270,251458000,8.6902777777777764
2012-05-11,644,-137,231180000,11.032222222222222
2012-05-11,-380,-1759,224256000,0.78986111111111112
2012-05-11,-380,-738,725000460,2.2438888888888888
2012-05-11,-380,-737,725000460,5.5848611111111115
2012-05-11,-380,-737,725002560,2.9770833333333333
2012-05-11,-380,-739,725002560,1.8677777777777775
2012-05-11,-124,1580,431253000,1.5052777777777777
2012-05-11,-124,1579,431253000,1.5775000000000001
2012-05-11,-124,1579,432626000,2.1336111111111111
2012-05-11,-124,-1296,431802000,0.85847222222222219
2012-05-11,389,-500,224253000,1.1661111111111111
2012-05-11,389,1177,200804300,0.23319444444444445
2012-05-11,389,1179,200804300,0.47069444444444442
2012-05-11,645,-269,251331110,7.6422222222222231
2012-05-11,645,-239,251267110,2.3304166666666668
2012-05-11,645,-241,251267110,2.2847222222222223
2012-05-11,645,-242,251267110,5.5806944444444442
2012-05-11,645,-343,331208000,6.4055555555555559
2012-05-11,645,-352,211272580,1.4945833333333334
2012-05-11,645,-126,251097000,1.5958333333333332
2012-05-11,-379,-1759,224256000,0.30347222222222225
2012-05-11,-379,-1760,224256000,0.36236111111111108
2012-05-11,-379,-738,725000460,10.139583333333333
2012-05-11,-379,-737,725000460,2.1552777777777776
2012-05-11,-379,-739,725002560,1.0488888888888888
2012-05-11,-123,1580,431253000,2.9738888888888888
2012-05-11,-123,1579,431253000,1.3666666666666667
2012-05-11,-123,1578,432626000,1.372638888888889
2012-05-11,-123,-1297,431802000,0.83305555555555544
2012-05-11,-123,-1303,431802000,1.6929166666666668
2012-05-11,390,-500,224253000,10.571527777777778
2012-05-11,646,-241,251267110,1.5919444444444442
2012-05-11,646,-240,251267110,1.5345833333333334
2012-05-11,646,-242,251267110,3.1415277777777777
2012-05-11,646,-243,251038000,4.5858333333333334
2012-05-11,646,-244,251038000,10.31
2012-05-11,646,-242,251038000,1.566527777777778
2012-05-11,646,-314,331208000,1.6233333333333335
2012-05-11,646,-241,251287110,1.1099999999999999
2012-05-11,646,-251,251039110,5.4529166666666669
2012-05-11,646,-246,251039110,2.3579166666666667
2012-05-11,646,-252,251039110,5.9588888888888887
2012-05-11,646,-250,251039110,10.66625
2012-05-11,-378,-1755,224256000,1.6202777777777779
2012-05-11,-378,-1754,224256000,1.4901388888888889
2012-05-11,-378,-1761,224256000,0.47736111111111112
2012-05-11,-378,-1760,224256000,0.36722222222222223
2012-05-11,-378,-738,725000460,3.3181944444444449
2012-05-11,-378,-739,725002560,3.5186111111111114
2012-05-11,-378,1579,431798000,1.2244444444444442
2012-05-11,-122,1579,431253000,0.86638888888888888
2012-05-11,-122,1578,432626000,0.85625
2012-05-11,-122,-1303,431802000,2.0126388888888891
2012-05-11,647,-139,251757110,0.79583333333333328
2012-05-11,647,-138,251757110,3.8568055555555558
2012-05-11,647,-241,251287110,0.75402777777777774
2012-05-11,647,-242,251287110,2.3512500000000003
2012-05-11,647,-242,251269000,0.80847222222222226
2012-05-11,647,-243,251309000,0.53236111111111106
2012-05-11,647,-242,251309000,8.2136111111111116
2012-05-11,647,-241,251309000,4.8015277777777783
2012-05-11,-377,-1757,224256000,3.2268055555555555
2012-05-11,-377,-1760,224256000,0.72791666666666666
2012-05-11,-377,1578,431798000,0.81666666666666665
2012-05-11,-377,1577,431798000,0.78888888888888886
2012-05-11,-377,1576,431798000,0.81805555555555554
2012-05-11,-121,1579,431253000,1.0975
2012-05-11,-121,1578,432626000,0.82305555555555554
2012-05-11,-121,-1297,431802000,0.93763888888888891
2012-05-11,392,-450,255501000,4.2888888888888888
2012-05-11,648,-351,331072000,5.2483333333333331
2012-05-11,648,-242,251018000,1.8824999999999998
2012-05-11,648,-243,251287110,3.0804166666666668
2012-05-11,648,-243,251159110,8.67361111111111
2012-05-11,648,-243,251370110,9.4665277777777774
2012-05-11,648,-242,251269000,0.78472222222222221
2012-05-11,648,-243,251230110,6.0615277777777781
2012-05-11,648,-243,251368110,7.9711111111111119
2012-05-11,648,-243,251197110,3.1277777777777778
2012-05-11,648,-242,251323110,1.5833333333333335
2012-05-11,648,-243,251290110,9.9805555555555561
2012-05-11,-376,-1759,224256000,6.1169444444444458
2012-05-11,-376,-1760,224256000,0.82375
2012-05-11,-376,1575,431798000,0.72597222222222224
2012-05-11,-376,1571,431798000,2.4954166666666664
2012-05-11,-376,1574,431798000,0.96902777777777793
2012-05-11,-376,1573,431798000,1.6948611111111109
2012-05-11,-376,1576,431798000,0.65138888888888891
2012-05-11,-376,1579,431798000,1.6027777777777776
2012-05-11,-376,1572,431798000,1.3229166666666667
2012-05-11,-120,1579,431253000,0.63472222222222219
2012-05-11,-120,1578,432626000,0.86472222222222228
2012-05-11,-120,-1303,431802000,1.8365277777777778
2012-05-11,-120,-1298,431802000,2.2406944444444443
2012-05-11,393,-451,255501000,2.452638888888889
2012-05-11,393,-449,255501000,1.838888888888889
2012-05-11,649,-350,331072000,1.5816666666666666
2012-05-11,649,75,257582600,9.4791666666666661
2012-05-11,649,-242,251018000,21.807638888888889
2012-05-11,649,-242,251801110,19.810833333333335
2012-05-11,649,-241,251480110,0.81791666666666674
2012-05-11,649,-242,251480110,0.77902777777777776
2012-05-11,649,-243,251159110,5.630694444444444
2012-05-11,649,-242,251159110,5.50125
2012-05-11,649,-242,251031110,20.94638888888889
2012-05-11,649,-241,251370110,1.5706944444444444
2012-05-11,649,-242,251370110,5.5138888888888893
2012-05-11,649,-242,251230110,13.437083333333334
2012-05-11,649,-241,251368110,1.5277777777777777
2012-05-11,649,-243,251368110,0.77194444444444454
2012-05-11,649,-242,251368110,11.100000000000001
2012-05-11,649,-242,251197110,4.122638888888889
2012-05-11,649,-243,251197110,2.3138888888888891
2012-05-11,649,-241,251197110,0.75416666666666665
2012-05-11,649,-242,251323110,15.38347222222222
2012-05-11,649,-243,251323110,1.550138888888889
2012-05-11,649,-241,251290110,2.3011111111111111
2012-05-11,649,-242,251290110,2.6879166666666667
2012-05-11,-375,1042,440989000,4.355
2012-05-11,-375,1568,431798000,2.3745833333333333
2012-05-11,-119,1580,431253000,1.3647222222222222
2012-05-11,-119,1578,432626000,1.3865277777777778
2012-05-11,-119,-1303,431802000,1.8440277777777778
2012-05-11,138,-188,228967000,1.7608333333333335
2012-05-11,394,-449,255501000,0.84402777777777782
2012-05-11,394,-448,255501000,1.2080555555555557
2012-05-11,394,-452,255501000,3.8195833333333336
2012-05-11,650,76,257582600,5.4876388888888883
2012-05-11,650,-241,251801110,3.8776388888888889
2012-05-11,650,-244,251287110,2.2752777777777777
2012-05-11,650,-241,251159110,1.5568055555555556
2012-05-11,650,-242,251159110,2.2931944444444445
2012-05-11,650,-241,251031110,2.7033333333333331
2012-05-11,650,-241,251370110,7.0695833333333331
2012-05-11,650,-241,251230110,4.1611111111111114
2012-05-11,650,-241,251368110,2.3043055555555556
2012-05-11,650,-241,251197110,13.320694444444444
2012-05-11,650,-241,251323110,4.3395833333333336
2012-05-11,650,-242,251323110,0.75444444444444447
2012-05-11,650,-241,251290110,8.6652777777777779
2012-05-11,-374,-738,725000199,0.76138888888888878
2012-05-11,-374,1041,440989000,4.1840277777777777
2012-05-11,-374,1040,440989000,5.6790277777777787
2012-05-11,-374,1043,440989000,7.4522222222222219
2012-05-11,-118,1579,431253000,1.6936111111111112
2012-05-11,-118,1578,432626000,1.6891666666666667
2012-05-11,-118,-1303,431802000,0.80652777777777784
2012-05-11,139,-188,228967000,10.632083333333332
2012-05-11,395,-510,224020000,3.2594444444444441
2012-05-11,395,-454,255501000,3.2613888888888889
2012-05-11,395,-450,255501000,1.2168055555555557
2012-05-11,395,-453,255501000,0.85694444444444451
2012-05-11,651,-238,251347110,0.85486111111111107
2012-05-11,-629,-613,440899000,22.847638888888881
2012-05-11,-629,-613,441699000,11.93138888888889
2012-05-11,-373,1042,440989000,1.242361111111111
2012-05-11,-373,1566,431798000,1.5779166666666669
2012-05-11,-373,1578,431798000,3.3254166666666665
2012-05-11,-373,1568,431798000,3.211527777777778
2012-05-11,-117,1579,431253000,0.53666666666666663
2012-05-11,-117,1578,431253000,0.72430555555555554
2012-05-11,-117,1577,432626000,3.5549999999999997
2012-05-11,-117,1576,432626000,0.93902777777777779
2012-05-11,-117,-1303,431802000,1.893888888888889
2012-05-11,396,-450,255501000,1.2315277777777778
2012-05-11,396,-451,255501000,1.1523611111111112
2012-05-11,396,-452,255501000,1.2441666666666666
2012-05-11,-116,1578,431253000,3.2015277777777778
2012-05-11,-116,1577,432626000,0.8816666666666666
2012-05-11,397,-511,224020000,1.6473611111111111
2012-05-11,653,-280,251062110,1.5776388888888888
2012-05-11,653,-238,251540110,7.54125
2012-05-11,653,-239,251540110,1.53875
2012-05-11,653,-114,251129000,2.3166666666666669
2012-05-11,-115,1577,431253000,5.2444444444444445
2012-05-11,-115,1578,431253000,0.94694444444444448
2012-05-11,-115,1576,432626000,1.86625
2012-05-11,-115,1575,432626000,1.7015277777777778
2012-05-11,398,-509,224020000,0.78055555555555556
2012-05-11,398,-510,224020000,1.2569444444444446
2012-05-11,654,-226,251598110,6.8993055555555554
2012-05-11,654,-224,251598110,3.4140277777777781
2012-05-11,654,-66,251507000,1.55375
2012-05-11,654,-281,251026000,1.586111111111111
2012-05-11,654,-280,251079000,1.5334722222222221
2012-05-11,654,-281,251079000,3.0886111111111112
2012-05-11,654,-281,251062110,1.5555555555555556
2012-05-11,654,-279,251062110,7.1361111111111111
2012-05-11,654,-115,251129000,1.5456944444444445
2012-05-11,654,-282,251047110,7.1513888888888886
2012-05-11,654,-281,251047110,3.9140277777777777
2012-05-11,654,-280,251036110,12.702916666666667
2012-05-11,-370,1626,431380000,2.3929166666666668
2012-05-11,-114,1575,432626000,1.6620833333333334
2012-05-11,399,-509,224020000,1.1479166666666667
2012-05-11,399,1423,273429800,6.450277777777778
2012-05-11,655,-64,251507000,1.5484722222222222
2012-05-11,655,-254,251351110,1.5347222222222223
2012-05-11,655,-255,251351110,4.6829166666666664
2012-05-11,655,-256,251351110,4.7191666666666663
2012-05-11,655,-281,251026000,7.9515277777777778
2012-05-11,655,-282,251026000,3.3270833333333334
2012-05-11,655,-280,251079000,6.3583333333333325
2012-05-11,655,-281,251079000,1.5652777777777778
2012-05-11,655,-282,251079000,6.3680555555555554
2012-05-11,655,-280,251062110,5.9215277777777784
2012-05-11,655,-282,251062110,1.5495833333333333
2012-05-11,655,-279,251062110,2.0355555555555553
2012-05-11,655,-281,251062110,1.5019444444444443
2012-05-11,655,-116,251129000,1.5359722222222221
2012-05-11,655,-283,251047110,0.7375
2012-05-11,655,-282,251047110,3.4377777777777778
2012-05-11,655,-281,251036110,4.662638888888889
2012-05-11,655,-280,251036110,1.5930555555555554
2012-05-11,-369,1625,431380000,1.7873611111111112
2012-05-11,400,-511,224020000,0.78902777777777777
2012-05-11,400,-509,224020000,1.6309722222222223
2012-05-11,656,-245,251257110,3.0930555555555554
2012-05-11,656,-252,251257110,1.5875
2012-05-11,656,-253,251351110,7.1533333333333333
2012-05-11,656,-256,251351110,5.585
2012-05-11,656,-255,251447110,0.78055555555555556
2012-05-11,656,-282,251026000,9.2533333333333339
2012-05-11,656,-281,251079000,1.5861111111111112
2012-05-11,656,-280,251079000,1.6106944444444444
2012-05-11,656,-282,251079000,1.5679166666666666
2012-05-11,656,-282,251062110,1.5570833333333334
2012-05-11,656,-280,251062110,0.79013888888888884
2012-05-11,656,-283,251047110,8.4051388888888887
2012-05-11,656,-281,251036110,3.6005555555555557
2012-05-11,656,-282,251036110,1.1325
2012-05-11,-368,1623,431380000,0.74541666666666662
2012-05-11,-368,1624,431380000,2.2391666666666667
2012-05-11,-368,216,432228000,0.46902777777777777
2012-05-11,401,-508,224020000,1.7490277777777778
2012-05-11,401,-511,224020000,2.4343055555555555
2012-05-11,401,1423,273429800,14.495416666666667
2012-05-11,401,1423,273825210,13.375555555555557
2012-05-11,657,-250,251257110,1.484861111111111
2012-05-11,657,-280,251026000,1.5168055555555555
2012-05-11,657,-63,231041000,1.5513888888888889
2012-05-11,657,-68,231041000,2.3345833333333332
2012-05-11,657,-66,231041000,1.5625
2012-05-11,657,-80,231041000,2.3054166666666669
2012-05-11,-367,1623,431380000,0.96194444444444449
2012-05-11,-367,1622,431380000,1.4061111111111111
2012-05-11,-367,1621,431380000,0.84152777777777787
2012-05-11,-367,-736,725000312,3.9290277777777778
2012-05-11,-367,215,432228000,0.76347222222222211
2012-05-11,402,-508,224020000,2.1515277777777775
2012-05-11,402,1422,273429800,1.3834722222222222
2012-05-11,402,1423,273825210,0.86388888888888893
2012-05-11,402,1422,273825210,6.4597222222222221
2012-05-11,-366,1621,431380000,0.72347222222222218
2012-05-11,-366,-735,725000312,3.1013888888888888
2012-05-11,-366,-736,725000312,1.79
2012-05-11,403,-508,224020000,1.8131944444444446
2012-05-11,403,1422,273429800,1.5390277777777777
2012-05-11,659,90,257225000,1.5720833333333335
2012-05-11,659,89,257225000,8.6888888888888882
2012-05-11,659,-269,251126110,2.2706944444444446
2012-05-11,659,-301,276388000,1.5877777777777777
2012-05-11,659,-302,276388000,6.4480555555555563
2012-05-11,659,-302,219257000,1.5227777777777778
2012-05-11,-365,1622,431380000,2.0541666666666667
2012-05-11,404,-510,224020000,2.4852777777777777
2012-05-11,404,-90,263432000,18.096805555555555
2012-05-11,404,-726,366231180,4.5630555555555556
2012-05-11,404,-727,366231180,0.44041666666666668
2012-05-11,660,-266,251126110,3.8695833333333334
2012-05-11,660,-265,251126110,6.416666666666667
2012-05-11,660,-267,251126110,1.5584722222222223
2012-05-11,660,-269,251126110,1.5709722222222222
2012-05-11,660,-301,276388000,3.0430555555555556
2012-05-11,660,-302,276388000,4.6263888888888882
2012-05-11,660,-302,219257000,6.20375
2012-05-11,660,-176,251376110,0.80819444444444444
2012-05-11,660,-177,251376110,2.3784722222222223
2012-05-11,660,-175,251376110,1.5468055555555555
2012-05-11,-364,1621,431380000,1.6134722222222218
2012-05-11,-364,224,432228000,3.1297222222222225
2012-05-11,405,-491,224170000,3.8009722222222222
2012-05-11,405,-492,224170000,2.4320833333333334
2012-05-11,405,-90,263432000,5.5302777777777772
2012-05-11,405,-726,367085280,13.481527777777778
2012-05-11,405,-725,367085280,7.2041666666666666
2012-05-11,661,95,259269000,0.79666666666666675
2012-05-11,661,93,259269000,2.4047222222222224
2012-05-11,661,94,259269000,10.960972222222223
2012-05-11,661,-303,276388000,6.76625
2012-05-11,661,-302,276388000,1.1531944444444444
2012-05-11,661,-302,219257000,15.933194444444442
2012-05-11,661,-261,251458000,1.5690277777777777
2012-05-11,661,-262,251458000,0.80555555555555558
2012-05-11,661,-262,251025110,5.2841666666666667
2012-05-11,661,-261,251025110,0.77208333333333334
2012-05-11,661,-229,251152110,0.788888888888889
2012-05-11,661,-230,251152110,1.8851388888888889
2012-05-11,661,-177,251802110,5.5679166666666671
2012-05-11,661,-178,251802110,8.7908333333333335
2012-05-11,661,-174,251386110,0.78222222222222215
2012-05-11,661,-173,251386110,1.5880555555555556
2012-05-11,661,-175,251386110,1.8736111111111111
2012-05-11,-363,227,432228000,1.5695833333333333
2012-05-11,-363,223,432228000,3.0769444444444445
2012-05-11,-107,-1087,431382000,4.9305555555555554
2012-05-11,406,-487,224170000,4.1443055555555555
2012-05-11,406,-726,367085280,0.763888888888889
2012-05-11,662,-260,251025110,0.82777777777777783
2012-05-11,662,-259,251025110,0.75569444444444445
2012-05-11,662,-179,251802110,1.4941666666666666
2012-05-11,662,-171,251386110,5.2677777777777779
2012-05-11,-362,1622,431380000,2.5006944444444446
2012-05-11,-362,1621,431380000,0.77736111111111106
2012-05-11,-362,371,224318000,3.8658333333333332
2012-05-11,-362,223,432228000,2.7416666666666667
2012-05-11,-362,226,432228000,0.91222222222222227
2012-05-11,407,-487,224170000,2.0102777777777776
2012-05-11,663,-166,251422110,6.8347222222222221
2012-05-11,663,-167,251422110,1.106111111111111
2012-05-11,663,-258,251025110,1.1169444444444445
2012-05-11,-361,229,432228000,1.7497222222222222
2012-05-11,-105,-1087,431382000,2.064861111111111
2012-05-11,408,-487,224170000,0.741111111111111
2012-05-11,408,-680,367143030,1.9969444444444446
2012-05-11,664,-249,251452000,1.1268055555555556
2012-05-11,664,121,259995000,2.1995833333333334
2012-05-11,664,-167,251422110,3.143472222222222
2012-05-11,664,-254,251025110,2.3441666666666667
2012-05-11,-360,372,224318000,3.0625
2012-05-11,-360,227,432228000,2.7416666666666667
2012-05-11,-104,-1085,432367000,3.0915277777777779
2012-05-11,-104,409,258051000,0.88402777777777775
2012-05-11,409,-487,224170000,2.0365277777777777
2012-05-11,409,-680,367143030,0.78194444444444444
2012-05-11,409,-679,367143030,11.445
2012-05-11,409,-678,367143030,9.1330555555555559
2012-05-11,665,-227,251793240,5.9833333333333334
2012-05-11,665,-250,251452000,5.5541666666666663
2012-05-11,665,-251,251174000,2.3543055555555554
2012-05-11,665,-251,251025110,2.3168055555555558
2012-05-11,-359,1630,431380000,3.237916666666667
2012-05-11,-103,-1086,432367000,1.9199999999999997
2012-05-11,-103,409,258051000,0.78625
2012-05-11,-103,410,258051000,1.9186111111111113
2012-05-11,-103,408,258051000,0.89902777777777776
2012-05-11,-103,-1087,431382000,1.8472222222222223
2012-05-11,410,-490,224170000,3.4229166666666666
2012-05-11,666,-139,251015000,0.78333333333333333
2012-05-11,666,-138,251015000,1.5419444444444443
2012-05-11,666,-248,251452000,6.0916666666666668
2012-05-11,666,-249,251452000,1.568888888888889
2012-05-11,666,-249,251174000,1.5318055555555556
2012-05-11,666,-247,251174000,1.5558333333333332
2012-05-11,666,-250,251174000,2.3055555555555554
2012-05-11,666,-249,251025110,7.058472222222222
2012-05-11,666,-250,251025110,1.5515277777777778
2012-05-11,-358,1631,431380000,1.5820833333333333
2012-05-11,-358,372,224318000,1.6059722222222221
2012-05-11,-102,-1086,432367000,4.6398611111111112
2012-05-11,-102,408,258051000,1.2306944444444445
2012-05-11,-102,-1087,431382000,0.78694444444444445
2012-05-11,411,-488,224170000,1.7634722222222221
2012-05-11,667,-240,251174000,0.76916666666666667
2012-05-11,667,-190,251145110,0.77902777777777776
2012-05-11,667,-201,251145110,1.5595833333333333
2012-05-11,667,-248,251025110,1.596111111111111
2012-05-11,-357,372,224318000,1.7633333333333332
2012-05-11,-101,-1086,432367000,0.46527777777777779
2012-05-11,-101,408,258051000,1.8958333333333335
2012-05-11,-101,-1087,431382000,0.92458333333333331
2012-05-11,412,-487,224170000,3.01875
2012-05-11,412,-437,224687000,4.0434722222222224
2012-05-11,412,-428,224687000,2.0426388888888889
2012-05-11,412,-429,224687000,1.05125
2012-05-11,668,-219,251174000,4.8
2012-05-11,668,-204,251145110,0.84263888888888894
2012-05-11,-356,-570,770576142,3.0936111111111111
2012-05-11,-356,-570,770576153,3.9420833333333336
2012-05-11,-356,-571,770576116,0.93472222222222223
2012-05-11,-356,-570,770576116,3.0688888888888886
2012-05-11,-356,-571,770576123,0.83305555555555544
2012-05-11,-356,-570,770576123,1.5959722222222221
2012-05-11,-100,-1086,432367000,2.2806944444444448
2012-05-11,-100,-1087,431382000,4.5734722222222226
2012-05-11,413,-426,224687000,3.44875
2012-05-11,413,-434,224687000,1.1926388888888888
2012-05-11,413,-432,224687000,2.4320833333333334
2012-05-11,413,-436,224687000,1.3273611111111112
2012-05-11,413,-433,224687000,1.1911111111111112
2012-05-11,413,-431,224687000,1.6445833333333333
2012-05-11,413,-435,224687000,4.9770833333333329
2012-05-11,669,-203,251145110,1.5018055555555556
2012-05-11,669,-204,251145110,0.8222222222222223
2012-05-11,-355,-570,770576142,1.6456944444444441
2012-05-11,-355,-569,770576142,6.5343055555555551
2012-05-11,-355,-570,770576153,1.6098611111111112
2012-05-11,-355,-569,770576153,3.9120833333333334
2012-05-11,-355,373,224318000,1.94625
2012-05-11,-355,-570,770576113,1.73875
2012-05-11,-355,-570,770576114,2.2419444444444445
2012-05-11,-355,-567,770576116,9.0902777777777786
2012-05-11,-355,-566,770576116,7.027916666666667
2012-05-11,-355,-570,770576123,4.0111111111111111
2012-05-11,-355,-566,770576123,3.1240277777777772
2012-05-11,-355,-567,770576123,9.6244444444444444
2012-05-11,-99,-1086,432367000,2.5727777777777776
2012-05-11,-99,408,258051000,1.8001388888888887
2012-05-11,-99,410,258051000,4.5541666666666671
2012-05-11,-99,-1087,431382000,1.1563888888888889
2012-05-11,670,-202,251145110,2.3776388888888889
2012-05-11,-354,-569,770576142,1.5911111111111109
2012-05-11,-354,-570,770576142,1.6733333333333333
2012-05-11,-354,-570,770576153,1.5973611111111112
2012-05-11,-354,-569,770576153,3.9709722222222226
2012-05-11,-354,373,224318000,1.78625
2012-05-11,-354,-569,770576113,0.34750000000000003
2012-05-11,-354,-570,770576113,0.77361111111111114
2012-05-11,-354,-565,770576116,1.0793055555555555
2012-05-11,-354,-566,770576116,0.54027777777777775
2012-05-11,-354,-564,770576116,1.5901388888888888
2012-05-11,-354,-564,770576123,1.5901388888888888
2012-05-11,-354,-565,770576123,1.048888888888889
2012-05-11,-354,-566,770576123,1.3538888888888889
2012-05-11,-98,-1281,432475000,2.6559722222222222
2012-05-11,-98,-1086,432367000,2.0883333333333334
2012-05-11,-98,408,258051000,1.8154166666666667
2012-05-11,-98,-1087,431382000,1.6218055555555555
2012-05-11,671,-200,251145110,3.1016666666666666
2012-05-11,-353,-559,770576131,3.02125
2012-05-11,-353,-570,770576142,4.1730555555555551
2012-05-11,-353,-568,770576142,0.540138888888889
2012-05-11,-353,-569,770576142,1.3647222222222224
2012-05-11,-353,-570,770576153,3.6095833333333331
2012-05-11,-353,-568,770576153,0.60125000000000006
2012-05-11,-353,-569,770576153,1.2886111111111109
2012-05-11,-353,373,224318000,1.67875
2012-05-11,-97,-1282,432475000,0.81416666666666671
2012-05-11,-97,-1086,432367000,2.3766666666666665
2012-05-11,-97,-1087,432367000,0.90569444444444436
2012-05-11,-97,408,258051000,1.8329166666666667
2012-05-11,-97,-1087,431382000,2.2140277777777779
2012-05-11,672,-200,251145110,2.3112500000000002
2012-05-11,-352,-568,770576142,2.4837499999999997
2012-05-11,-352,-569,770576142,0.43472222222222223
2012-05-11,-352,-568,770576153,1.8612499999999998
2012-05-11,-352,-569,770576153,1.0430555555555556
2012-05-11,-352,-569,701000648,0.86805555555555558
2012-05-11,-352,-551,770576102,0.78472222222222221
2012-05-11,-96,-1282,432475000,1.0808333333333331
2012-05-11,-96,-1086,432367000,3.1202777777777779
2012-05-11,-96,410,258051000,3.2006944444444447
2012-05-11,-96,-1087,431382000,1.4056944444444444
2012-05-11,-96,-1088,431382000,1.9175
2012-05-11,673,-229,251519000,0.75263888888888886
2012-05-11,673,-232,251519000,1.5404166666666668
2012-05-11,673,-231,251519000,5.6105555555555551
2012-05-11,673,-234,251519000,1.5513888888888889
2012-05-11,673,-235,251519000,1.4955555555555555
2012-05-11,673,-230,251519000,2.3597222222222225
2012-05-11,673,-228,251519000,2.6781944444444448
2012-05-11,673,-565,331155000,18.212361111111111
2012-05-11,673,-565,331165000,1.5875
2012-05-11,673,-564,331165000,1.84375
2012-05-11,673,-565,331142000,1.5679166666666666
2012-05-11,673,-226,251220110,1.9225
2012-05-11,673,-227,251220110,1.5181944444444446
2012-05-11,673,-229,251220110,3.8820833333333336
2012-05-11,673,-230,251220110,2.32625
2012-05-11,673,-201,251790000,1.8863888888888889
2012-05-11,673,-203,251790000,6.3970833333333337
2012-05-11,673,-200,251790000,2.302777777777778
2012-05-11,-351,374,224318000,1
2012-05-11,-351,345,263582000,0.74722222222222212
2012-05-11,-95,-1283,432475000,1.7998611111111109
2012-05-11,-95,129,441295000,11.880833333333333
2012-05-11,-95,409,258051000,1.8406944444444444
2012-05-11,162,-168,312060000,0.71777777777777785
2012-05-11,674,-565,331155000,5.3904166666666669
2012-05-11,674,-565,331165000,4.577638888888889
2012-05-11,674,-565,331142000,3.0322222222222219
2012-05-11,674,-224,251790000,1.6056944444444445
2012-05-11,674,-223,251790000,6.0429166666666667
2012-05-11,-350,374,224318000,0.81125
2012-05-11,-94,-1283,432475000,1.2738888888888888
2012-05-11,-94,-1280,432475000,2.2491666666666665
2012-05-11,-94,129,441295000,11.629027777777777
2012-05-11,-94,-1216,431490000,1.7802777777777781
2012-05-11,163,-168,312060000,3.2155555555555555
2012-05-11,163,-168,341060000,2.3495833333333334
2012-05-11,163,-168,273352910,2.6772222222222224
2012-05-11,-349,375,224318000,0.90680555555555553
2012-05-11,-93,-1280,432475000,0.94833333333333325
2012-05-11,-93,-1283,432475000,0.72569444444444453
2012-05-11,-93,129,441295000,0.95069444444444451
2012-05-11,-93,-1216,431490000,1.8676388888888886
2012-05-11,164,-168,341060000,0.71666666666666667
2012-05-11,164,-167,341060000,2.9851388888888888
2012-05-11,164,-169,341060000,1.6681944444444445
2012-05-11,164,-168,273352910,3.7015277777777778
2012-05-11,420,-667,316001449,1.1895833333333332
2012-05-11,420,-668,316001449,21.68875
2012-05-11,420,-665,316001451,5.36513888888889
2012-05-11,420,-667,316001451,10.589444444444446
2012-05-11,420,-666,316001451,8.882777777777779
2012-05-11,-348,375,224318000,0.4490277777777778
2012-05-11,-92,-1282,432475000,1.6719444444444445
2012-05-11,-92,-1217,431490000,3.3190277777777775
2012-05-11,165,-169,341060000,1.3044444444444445
2012-05-11,165,-167,341060000,1.7791666666666668
2012-05-11,421,-667,316001449,1.2286111111111111
2012-05-11,-347,375,224318000,0.67194444444444446
2012-05-11,-347,370,224696000,3.0644444444444447
2012-05-11,-347,-584,701000648,3.5522222222222224
2012-05-11,-91,-1282,432475000,1.78
2012-05-11,-91,-1280,432475000,0.83902777777777782
2012-05-11,-91,-1217,431490000,0.93180555555555555
2012-05-11,166,-167,341060000,3.2640277777777773
2012-05-11,-346,376,224318000,0.73888888888888893
2012-05-11,-346,369,224696000,1.5568055555555556
2012-05-11,-90,-1280,432475000,4.2776388888888892
2012-05-11,-90,-1283,432475000,0.93763888888888891
2012-05-11,-90,-1217,431490000,1.8123611111111111
2012-05-11,167,-168,312060000,1.2468055555555555
2012-05-11,167,-169,312060000,6.9461111111111107
2012-05-11,167,-168,341060000,0.92208333333333337
2012-05-11,679,135,259127000,1.5541666666666667
2012-05-11,-345,377,224318000,2.7802777777777772
2012-05-11,-345,376,224318000,0.82208333333333339
2012-05-11,-345,1309,503581000,1.5583333333333333
2012-05-11,-345,371,224696000,3.09
2012-05-11,-345,367,224696000,1.8266666666666667
2012-05-11,-89,-1282,432475000,0.86777777777777776
2012-05-11,-89,-1283,432475000,0.33791666666666664
2012-05-11,-89,-1217,431490000,2.5726388888888891
2012-05-11,168,-169,312060000,0.8419444444444445
2012-05-11,168,-167,312060000,1.671388888888889
2012-05-11,168,-168,312060000,4.3211111111111107
2012-05-11,168,-167,341060000,3.5884722222222223
2012-05-11,168,-169,273352910,3.3099999999999996
2012-05-11,168,-168,251745000,7.4684722222222222
2012-05-11,680,-545,331209000,3.0751388888888891
2012-05-11,680,-543,331209000,0.81666666666666665
2012-05-11,680,-546,331209000,1.5388888888888888
2012-05-11,680,-544,331209000,7.5043055555555558
2012-05-11,680,-544,331238000,6.837361111111111
2012-05-11,680,-543,331238000,1.1470833333333335
2012-05-11,680,135,259127000,1.5541666666666667
2012-05-11,-344,1310,503581000,2.549722222222222
2012-05-11,-344,370,224696000,0.7994444444444444
2012-05-11,-344,366,224696000,1.9826388888888888
2012-05-11,-88,-1282,432475000,1.701527777777778
2012-05-11,-88,-1330,431482000,2.6047222222222222
2012-05-11,-88,-1217,431490000,1.7829166666666667
2012-05-11,169,-168,312060000,2.9043055555555553
2012-05-11,169,-169,312060000,2.524861111111111
2012-05-11,169,-166,341060000,5.82375
2012-05-11,169,-169,273352910,0.99472222222222229
2012-05-11,169,-168,273352910,6.5090277777777779
2012-05-11,169,-168,251745000,3.4393055555555558
2012-05-11,681,-545,331209000,6.8270833333333334
2012-05-11,681,-539,331209000,1.5276388888888888
2012-05-11,681,-541,331238000,2.32125
2012-05-11,681,-542,331238000,1.5031944444444445
2012-05-11,-343,366,224696000,1.7605555555555554
2012-05-11,-87,-1330,431482000,3.7791666666666663
2012-05-11,-87,-1217,431490000,2.169861111111111
2012-05-11,170,-190,224452000,4.4516666666666662
2012-05-11,170,-168,273352910,0.91625
2012-05-11,170,-168,251745000,4.93375
2012-05-11,682,-547,331238000,6.3129166666666663
2012-05-11,682,-541,331238000,3.1243055555555559
2012-05-11,682,-544,331238000,0.81458333333333333
2012-05-11,682,-554,331224000,5.2576388888888888
2012-05-11,682,-552,331224000,6.20125
2012-05-11,682,-551,331224000,7.1527777777777777
2012-05-11,682,-553,331224000,5.0036111111111117
2012-05-11,682,-547,331074000,11.065138888888889
2012-05-11,682,-549,331074000,5.4562500000000007
2012-05-11,682,-548,331074000,7.1419444444444444
2012-05-11,-342,-515,431700260,0.95222222222222219
2012-05-11,-342,353,263582000,1.8519444444444444
2012-05-11,-342,1308,503581000,2.6444444444444444
2012-05-11,-86,-1330,431482000,1.1077777777777778
2012-05-11,-86,1625,440975000,1.3169444444444445
2012-05-11,-86,-1217,431490000,2.0783333333333331
2012-05-11,171,-190,224452000,1.7743055555555554
2012-05-11,171,-167,251745000,1.6380555555555554
2012-05-11,171,-168,251745000,2.9741666666666671
2012-05-11,-341,-514,431700260,1.4454166666666666
2012-05-11,-341,-513,431700260,1.7759722222222223
2012-05-11,-341,355,263582000,1.8959722222222224
2012-05-11,-341,353,263582000,0.76152777777777769
2012-05-11,-341,352,263582000,0.88180555555555562
2012-05-11,-341,1306,503581000,2.1218055555555555
2012-05-11,-341,366,224696000,1.7938888888888889
2012-05-11,-85,-1330,431482000,0.87222222222222223
2012-05-11,-85,-1217,431490000,2.0027777777777778
2012-05-11,172,-165,273259100,0.12777777777777777
2012-05-11,172,-190,224452000,1.3747222222222222
2012-05-11,684,114,259683000,3.1393055555555556
2012-05-11,-340,352,263582000,3.0113888888888889
2012-05-11,-340,1303,503581000,4.0868055555555562
2012-05-11,-340,1305,503581000,1.6805555555555556
2012-05-11,-340,368,224696000,1.6277777777777775
2012-05-11,-340,-513,431723000,0.47055555555555562
2012-05-11,-84,-1330,431482000,1.6593055555555554
2012-05-11,173,-190,224452000,1.7159722222222222
2012-05-11,429,-500,273354540,12.147083333333333
2012-05-11,429,-499,273354540,5.790972222222222
2012-05-11,685,121,259683000,1.588888888888889
2012-05-11,-339,-507,431700260,3.1016666666666666
2012-05-11,-339,-509,431700260,0.80958333333333332
2012-05-11,-339,405,225374000,0.81583333333333341
2012-05-11,-339,406,225374000,0.11694444444444443
2012-05-11,-339,1302,503581000,1.586111111111111
2012-05-11,-339,1304,503581000,1.2905555555555557
2012-05-11,-339,367,224696000,1.1941666666666666
2012-05-11,-339,365,224696000,1.7277777777777779
2012-05-11,-83,-1330,431482000,2.1934722222222218
2012-05-11,-83,-1217,431490000,1.8077777777777777
2012-05-11,-83,-1218,431490000,1.3315277777777776
2012-05-11,174,-191,224452000,0.93194444444444446
2012-05-11,430,-499,273354540,5.438194444444445
2012-05-11,430,56,227312050,0.4588888888888889
2012-05-11,430,55,227312050,2.3169444444444443
2012-05-11,-338,404,225374000,2.5297222222222224
2012-05-11,-338,1303,503581000,1.226388888888889
2012-05-11,-338,1302,503581000,1.2020833333333334
2012-05-11,-338,1301,503581000,1.2098611111111111
2012-05-11,-338,-509,431723000,1.7665277777777777
2012-05-11,-82,-1330,431482000,1.7325000000000002
2012-05-11,175,-190,224452000,1.3683333333333334
2012-05-11,431,1349,273359510,7.2591666666666663
2012-05-11,431,1461,273890710,2.6513888888888886
2012-05-11,431,1462,273890710,1.8111111111111111
2012-05-11,431,56,227312050,0.89083333333333337
2012-05-11,431,55,227312050,1.476388888888889
2012-05-11,-337,405,225374000,3.6581944444444443
2012-05-11,-337,349,263582000,3.8724999999999996
2012-05-11,-337,364,224696000,0.85125
2012-05-11,-337,-508,431723000,2.0844444444444443
2012-05-11,-81,-1785,440733000,2.5748611111111113
2012-05-11,-81,-1330,431482000,5.6266666666666669
2012-05-11,-81,-1292,432343000,2.6809722222222221
2012-05-11,-81,-1295,432343000,1.8184722222222223
2012-05-11,176,1566,431903000,5.3670833333333334
2012-05-11,176,1565,431903000,10.717222222222222
2012-05-11,176,1566,431487000,1.9815277777777776
2012-05-11,176,-190,224452000,0.84583333333333333
2012-05-11,432,53,228185900,2.6945833333333336
2012-05-11,432,49,228187700,0.79958333333333331
2012-05-11,432,1464,273890710,6.9004166666666666
2012-05-11,-336,406,225374000,1.8709722222222223
2012-05-11,-80,1613,529440000,3.4401388888888889
2012-05-11,-80,-1330,431482000,3.5372222222222227
2012-05-11,-80,-1331,431482000,0.65694444444444444
2012-05-11,-80,-1295,432343000,0.94180555555555556
2012-05-11,177,1565,431903000,3.7944444444444443
2012-05-11,177,1569,431487000,1.598611111111111
2012-05-11,177,-190,224452000,0.77763888888888888
2012-05-11,433,1465,273890710,1.6236111111111109
2012-05-11,-335,876,432405000,2.5398611111111111
2012-05-11,-335,406,225374000,3.8323611111111111
2012-05-11,-335,405,225374000,0.83874999999999988
2012-05-11,-335,-507,431723000,2.0206944444444446
2012-05-11,-79,-1295,432343000,0.93055555555555558
2012-05-11,178,1566,431903000,2.2584722222222222
2012-05-11,178,1567,431903000,1.6013888888888888
2012-05-11,178,1568,432507000,0.16999999999999998
2012-05-11,178,-191,224452000,2.6247222222222222
2012-05-11,434,1467,273890710,2.8638888888888889
2012-05-11,434,1470,273890710,3.8012499999999996
2012-05-11,434,-1246,367479750,7.5087499999999991
2012-05-11,434,-682,366739960,5.2497222222222222
2012-05-11,690,142,258120000,1.5606944444444446
2012-05-11,690,141,258120000,7.8820833333333322
2012-05-11,-334,875,432405000,1.8925
2012-05-11,-334,876,432405000,2.5436111111111108
2012-05-11,-334,405,225374000,0.8027777777777777
2012-05-11,-334,-506,431723000,3.12875
2012-05-11,-78,-1773,440733000,2.7
2012-05-11,-78,1643,440444000,2.2093055555555559
2012-05-11,-78,-1295,432343000,1.9918055555555556
2012-05-11,-78,-1357,431329000,3.2801388888888883
2012-05-11,435,-87,224093750,0.96736111111111112
2012-05-11,435,-86,224093750,2.1658333333333331
2012-05-11,435,1471,273890710,1.5973611111111112
2012-05-11,435,-1246,367479750,5.7044444444444444
2012-05-11,435,-681,366739960,14.590694444444443
2012-05-11,435,-683,366739960,3.819722222222222
2012-05-11,691,145,258120000,2.3511111111111109
2012-05-11,691,142,258120000,4.7151388888888892
2012-05-11,691,143,258120000,3.88375
2012-05-11,691,144,258120000,1.5816666666666666
2012-05-11,-333,873,432405000,0.9686111111111112
2012-05-11,-333,874,432405000,2.9959722222222225
2012-05-11,-333,406,225374000,4.2166666666666668
2012-05-11,-77,-1295,432343000,0.77402777777777776
2012-05-11,-77,-1357,431329000,0.87083333333333346
2012-05-11,180,-165,312189000,3.0806944444444446
2012-05-11,436,-86,224093750,0.50083333333333335
2012-05-11,436,-85,224093750,1.7177777777777778
2012-05-11,436,-84,224093750,0.44041666666666668
2012-05-11,436,1472,273890710,1.3066666666666666
2012-05-11,692,146,258545000,5.5538888888888893
2012-05-11,692,148,258545000,3.9031944444444449
2012-05-11,-332,873,432405000,0.92833333333333334
2012-05-11,-332,871,432405000,1.2740277777777778
2012-05-11,-332,870,432405000,0.81361111111111106
2012-05-11,-332,872,432405000,1.6884722222222222
2012-05-11,-76,-1793,440821000,1.6787500000000002
2012-05-11,-76,-1792,440821000,2.7454166666666668
2012-05-11,-76,-1790,440821000,1.6266666666666667
2012-05-11,-76,-1794,440821000,0.73458333333333337
2012-05-11,-76,-1785,440810000,0.94583333333333319
2012-05-11,-76,-1782,440810000,1.8706944444444444
2012-05-11,-76,-1791,440810000,0.9179166666666666
2012-05-11,-76,-1796,440810000,1.3720833333333333
2012-05-11,-76,-1784,440810000,0.79444444444444451
2012-05-11,-76,-1790,440810000,1.1848611111111111
2012-05-11,-76,-1787,440810000,1.716388888888889
2012-05-11,-76,-1771,440733000,1.0997222222222223
2012-05-11,-76,-1359,432454000,3.2886111111111105
2012-05-11,-76,-1295,432343000,1.7568055555555555
2012-05-11,-76,-1357,431329000,1.3256944444444445
2012-05-11,437,-83,224093750,0.27819444444444447
2012-05-11,437,-84,224093750,1.7559722222222223
2012-05-11,437,-19,224074890,6.16625
2012-05-11,437,-22,224004770,3.22625
2012-05-11,-331,870,432405000,0.8815277777777778
2012-05-11,-331,869,432405000,1.8884722222222223
2012-05-11,-331,863,431700210,1.8083333333333333
2012-05-11,-331,862,431700210,4.3336111111111109
2012-05-11,-331,-504,431723000,3.1348611111111109
2012-05-11,-75,-1793,440821000,1.7708333333333335
2012-05-11,-75,-1794,440821000,2.3111111111111113
2012-05-11,-75,-1792,440821000,1.432638888888889
2012-05-11,-75,-1796,440821000,1.5125000000000002
2012-05-11,-75,-1795,440821000,1.6600000000000001
2012-05-11,-75,-1795,440810000,2.2404166666666665
2012-05-11,-75,-1785,440810000,1.06
2012-05-11,-75,-1796,440810000,5.2018055555555565
2012-05-11,-75,-1359,432454000,1.2998611111111111
2012-05-11,-75,-1295,432343000,0.92069444444444437
2012-05-11,-75,-1291,432343000,2.2383333333333333
2012-05-11,-75,-1357,431329000,1.6748611111111111
2012-05-11,182,-189,224452000,2.84
2012-05-11,438,-84,224093750,0.96486111111111106
2012-05-11,438,-83,224093750,1.1020833333333333
2012-05-11,438,-82,224093750,1.306111111111111
2012-05-11,-330,866,432405000,3.3779166666666667
2012-05-11,-330,867,432405000,1.5869444444444447
2012-05-11,-330,858,431700210,0.79486111111111113
2012-05-11,-330,859,431700210,0.76111111111111107
2012-05-11,-330,860,431700210,1.9644444444444444
2012-05-11,-330,862,431700210,0.76083333333333336
2012-05-11,-74,-1795,440821000,2.5925
2012-05-11,-74,-1793,440821000,1.6541666666666666
2012-05-11,-74,-1783,440810000,1.1262500000000002
2012-05-11,-74,-1780,440810000,2.012777777777778
2012-05-11,-74,-1785,440810000,0.66944444444444451
2012-05-11,-74,-1782,440810000,0.9570833333333334
2012-05-11,-74,-1359,432454000,0.89888888888888885
2012-05-11,-74,-1291,432343000,0.44625000000000004
2012-05-11,-74,-1295,432343000,2.14875
2012-05-11,-74,-1357,431329000,0.87736111111111115
2012-05-11,439,-82,224093750,0.33375
2012-05-11,695,163,257555500,7.1152777777777771
2012-05-11,695,162,257555500,0.8041666666666667
2012-05-11,695,388,273445430,2.3137499999999998
2012-05-11,-329,859,431700210,2.235
2012-05-11,-329,857,431700210,1.2850000000000001
2012-05-11,-329,858,431700210,0.86944444444444446
2012-05-11,-73,-1794,440821000,1.9216666666666664
2012-05-11,-73,-1358,432454000,1.82375
2012-05-11,-73,-1359,432454000,1.6747222222222222
2012-05-11,-73,-1291,432343000,0.49458333333333337
2012-05-11,-73,-1295,432343000,0.84277777777777785
2012-05-11,-73,-1358,431329000,1.1043055555555557
2012-05-11,184,-189,224452000,3.8325
2012-05-11,440,-16,228110800,12.583611111111111
2012-05-11,696,387,273445430,1.58625
2012-05-11,696,178,257034840,3.1211111111111114
2012-05-11,-328,572,441769000,17.168888888888887
2012-05-11,-328,857,431700210,2.410416666666666
2012-05-11,-72,-1794,440821000,2.0254166666666666
2012-05-11,-72,-1359,432454000,3.2690277777777776
2012-05-11,-72,-1291,432343000,0.55541666666666667
2012-05-11,-72,-1295,432343000,0.86458333333333337
2012-05-11,-72,-1357,431329000,1.8002777777777779
2012-05-11,-72,-1358,431329000,1.8611111111111112
2012-05-11,441,1465,273413910,1.3720833333333333
2012-05-11,441,1465,273315480,6.1356944444444448
2012-05-11,697,386,273445430,1.5304166666666665
2012-05-11,697,431,273212000,7.9138888888888879
2012-05-11,697,430,273212000,6.297361111111111
2012-05-11,697,430,273292400,5.5931944444444444
2012-05-11,697,433,273292400,1.586111111111111
2012-05-11,697,438,273292400,3.0736111111111111
2012-05-11,697,437,273292400,7.1236111111111109
2012-05-11,697,436,273292400,1.6026388888888887
2012-05-11,697,430,273213100,7.962361111111111
2012-05-11,-327,573,441769000,1.2694444444444444
2012-05-11,-327,572,441769000,6.2920833333333333
2012-05-11,-327,857,431700210,1.175
2012-05-11,-71,-1358,432454000,1.8043055555555552
2012-05-11,-71,-1800,440590000,0.873611111111111
2012-05-11,-71,-1292,432343000,1.8345833333333332
2012-05-11,-71,-1291,432343000,2.7111111111111112
2012-05-11,-71,-1355,431329000,1.3245833333333334
2012-05-11,-71,-1358,431329000,0.93
2012-05-11,-71,-1357,431329000,2.7170833333333331
2012-05-11,442,1465,273315480,6.1634722222222216
2012-05-11,442,-20,224004770,3.22625
2012-05-11,698,430,273212000,3.9026388888888892
2012-05-11,698,431,273212000,7.1294444444444443
2012-05-11,698,436,273292400,1.5375
2012-05-11,698,437,273292400,1.5541666666666667
2012-05-11,698,432,273213100,1.5459722222222223
2012-05-11,698,435,273213100,1.5626388888888889
2012-05-11,698,434,273213100,3.0956944444444447
2012-05-11,698,433,273213100,0.77763888888888888
2012-05-11,698,172,273216200,1.6072222222222221
2012-05-11,698,172,273457870,1.5991666666666666
2012-05-11,-326,-738,725003670,3.4355555555555557
2012-05-11,-326,857,431700210,1.6191666666666669
2012-05-11,-70,-1360,432454000,1.8555555555555554
2012-05-11,-70,-1359,432454000,2.8075
2012-05-11,-70,-1785,440549000,1.685972222222222
2012-05-11,-70,-1786,440549000,1.8763888888888887
2012-05-11,-70,-1784,440549000,2.0295833333333331
2012-05-11,-70,-1799,440590000,0.80791666666666673
2012-05-11,-70,1763,520227000,2.1084722222222219
2012-05-11,-70,1764,520227000,1.6855555555555555
2012-05-11,-70,-1354,431329000,0.93777777777777782
2012-05-11,187,-189,224452000,3.90875
2012-05-11,187,726,419900150,14.867638888888889
2012-05-11,699,171,273447010,2.365277777777778
2012-05-11,699,167,273447010,3.1540277777777779
2012-05-11,699,168,273447010,5.5331944444444447
2012-05-11,699,170,273447010,3.9152777777777779
2012-05-11,699,166,273447010,1.5456944444444445
2012-05-11,699,169,273447010,3.9058333333333333
2012-05-11,699,437,273292400,1.5555555555555556
2012-05-11,699,169,273317270,6.3006944444444439
2012-05-11,699,170,273317270,1.5544444444444445
2012-05-11,699,166,273317270,1.53875
2012-05-11,699,168,273317270,6.346111111111111
2012-05-11,699,167,273317270,4.7
2012-05-11,699,169,273216200,7.8729166666666668
2012-05-11,699,166,273216200,4.7227777777777771
2012-05-11,699,170,273216200,1.5609722222222222
2012-05-11,699,172,273216200,1.53625
2012-05-11,699,170,273457870,3.1466666666666665
2012-05-11,699,169,273457870,3.1081944444444445
2012-05-11,699,168,273457870,7.8666666666666663
2012-05-11,699,167,273457870,7.9381944444444441
2012-05-11,699,171,273341920,2.3404166666666666
2012-05-11,699,167,273341920,2.3323611111111111
2012-05-11,699,168,273341920,7.1769444444444446
2012-05-11,699,170,273341920,3.108888888888889
2012-05-11,699,169,273341920,5.4984722222222224
2012-05-11,-325,372,224096840,3.8654166666666661
2012-05-11,-325,-739,725003670,1.2997222222222222
2012-05-11,-325,858,431700210,4.1197222222222249
2012-05-11,-69,-1789,440549000,1.4141666666666666
2012-05-11,-69,-1785,440549000,1.6954166666666666
2012-05-11,-69,-1791,440549000,1.8263888888888888
2012-05-11,-69,-1782,440549000,1.4694444444444446
2012-05-11,-69,-1787,440549000,1.6819444444444445
2012-05-11,-69,-1788,440549000,1.6626388888888888
2012-05-11,-69,-1790,440549000,4.0790277777777773
2012-05-11,-69,-1786,440549000,2.1569444444444446
2012-05-11,-69,-1743,440517000,1.8658333333333332
2012-05-11,-69,-1798,440590000,0.86486111111111119
2012-05-11,-69,1764,520227000,1.3841666666666665
2012-05-11,444,-15,228110800,6.027916666666667
2012-05-11,700,395,273429300,3.8486111111111114
2012-05-11,700,399,273294400,4.6563888888888894
2012-05-11,700,398,273294400,2.3386111111111112
2012-05-11,700,326,273298100,1.5527777777777778
2012-05-11,700,160,259128000,1.55125
2012-05-11,700,170,273216200,1.5876388888888888
2012-05-11,700,168,273216200,1.5565277777777777
2012-05-11,-68,-1360,432454000,0.81527777777777777
2012-05-11,-68,-1784,440549000,0.826388888888889
2012-05-11,-68,-1785,440549000,0.86805555555555558
2012-05-11,-68,-1782,440549000,0.63055555555555554
2012-05-11,-68,-1742,440517000,2.2447222222222223
2012-05-11,-68,-1741,440517000,3.2226388888888891
2012-05-11,-68,-1800,440590000,2.0073611111111109
2012-05-11,-68,-1798,440590000,0.2902777777777778
2012-05-11,-68,-1799,440590000,0.9473611111111111
2012-05-11,-68,1763,520227000,1.79125
2012-05-11,-68,1764,520227000,0.87944444444444436
2012-05-11,-68,-1354,431329000,0.82069444444444439
2012-05-11,189,-167,760000360,1.6652777777777774
2012-05-11,701,394,273429300,1.5474999999999999
2012-05-11,701,395,273429300,2.3569444444444443
2012-05-11,701,399,273294400,5.5793055555555551
2012-05-11,701,400,273294400,5.5262499999999992
2012-05-11,701,323,273298100,1.5458333333333334
2012-05-11,701,154,259128000,1.5555555555555556
2012-05-11,-323,376,224096840,2.6648611111111111
2012-05-11,-323,374,224096840,3.0116666666666667
2012-05-11,-323,370,224544160,1.5945833333333332
2012-05-11,-67,1599,440670000,4.0936111111111106
2012-05-11,-67,-1739,440517000,0.798888888888889
2012-05-11,-67,-1740,440517000,2.5608333333333335
2012-05-11,-67,-1782,441018000,1.0461111111111112
2012-05-11,-67,1796,440590000,2.0902777777777777
2012-05-11,-67,1794,440590000,2.6597222222222223
2012-05-11,-67,1797,440590000,1.7454166666666668
2012-05-11,-67,1798,440590000,1.6958333333333333
2012-05-11,-67,1799,440590000,1.8930555555555553
2012-05-11,-67,1795,440590000,1.5663888888888891
2012-05-11,-67,1764,520227000,0.76666666666666661
2012-05-11,-67,1765,520227000,0.88597222222222216
2012-05-11,-67,1762,520227000,1.6429166666666668
2012-05-11,-67,-1354,431329000,0.85986111111111108
2012-05-11,190,-167,760000360,1.2647222222222223
2012-05-11,702,394,273429300,1.5747222222222224
2012-05-11,702,397,273294400,2.3655555555555554
2012-05-11,702,399,273294400,2.2968055555555553
2012-05-11,702,398,273294400,1.6016666666666666
2012-05-11,702,402,273428300,1.557638888888889
2012-05-11,702,400,273428300,7.9068055555555556
2012-05-11,702,411,273428300,1.6222222222222222
2012-05-11,702,406,273428300,1.5559722222222223
2012-05-11,702,413,273428300,6.3725000000000005
2012-05-11,702,401,273428300,1.560138888888889
2012-05-11,702,408,273428300,1.49875
2012-05-11,702,403,273428300,1.5934722222222222
2012-05-11,702,393,273298000,6.3681944444444447
2012-05-11,702,394,273298000,4.6472222222222221
2012-05-11,702,395,273298000,1.5595833333333333
2012-05-11,702,396,273298000,1.5568055555555556
2012-05-11,702,207,257536600,3.2366666666666668
2012-05-11,702,148,259128000,1.5833333333333335
2012-05-11,-322,368,224544160,0.97166666666666679
2012-05-11,-322,370,224544160,1.83375
2012-05-11,-66,1599,440670000,1.7070833333333333
2012-05-11,-66,-1800,441072000,2.6790277777777778
2012-05-11,-66,1795,441072000,3.20625
2012-05-11,-66,1797,441072000,1.6763888888888889
2012-05-11,-66,1796,441072000,1.6638888888888888
2012-05-11,-66,-1798,441072000,2.0281944444444444
2012-05-11,-66,1794,441072000,2.2894444444444444
2012-05-11,-66,1798,441072000,2.8663888888888889
2012-05-11,-66,-1739,440517000,0.85291666666666666
2012-05-11,-66,-1738,440517000,1.2777777777777777
2012-05-11,-66,-1782,441018000,0.65555555555555556
2012-05-11,-66,1794,440590000,5.4262500000000005
2012-05-11,-66,1765,520227000,1.4101388888888888
2012-05-11,-66,1772,440781000,0.31125
2012-05-11,-66,1768,440781000,1.0993055555555555
2012-05-11,-66,1769,440781000,0.67055555555555557
2012-05-11,-66,1767,440781000,2.69625
2012-05-11,-66,1771,440781000,0.80499999999999994
2012-05-11,191,1559,431914000,2.2358333333333333
2012-05-11,703,406,273558300,11.050277777777778
2012-05-11,703,403,273429300,1.5958333333333332
2012-05-11,703,396,273429300,0.82375
2012-05-11,703,395,273429300,0.7665277777777777
2012-05-11,703,400,273429300,4.7633333333333336
2012-05-11,703,399,273429300,1.5894444444444444
2012-05-11,703,398,273298000,1.5750000000000002
2012-05-11,703,397,273298000,3.1876388888888889
2012-05-11,703,396,273298000,1.5456944444444445
2012-05-11,703,399,273298000,4.7623611111111108
2012-05-11,703,207,257489500,4.7706944444444446
2012-05-11,703,206,258553000,0.77638888888888891
2012-05-11,703,206,259225000,1.5833333333333333
2012-05-11,703,207,259225000,7.1234722222222215
2012-05-11,-321,378,224096840,2.711527777777778
2012-05-11,-321,371,224544160,1.9405555555555556
2012-05-11,-321,367,224544160,1.6104166666666666
2012-05-11,-65,1599,440670000,1.5280555555555555
2012-05-11,-65,-1800,441072000,0.90861111111111115
2012-05-11,-65,1798,441072000,0.95263888888888881
2012-05-11,-65,1799,441072000,1.7008333333333332
2012-05-11,-65,-1737,440517000,1.6704166666666667
2012-05-11,-65,-1736,440517000,1.7291666666666665
2012-05-11,-65,-1786,441018000,2.2911111111111113
2012-05-11,-65,-1784,441018000,2.1577777777777776
2012-05-11,-65,-1785,441018000,2.6123611111111109
2012-05-11,-65,-1787,441018000,3.9445833333333336
2012-05-11,-65,-1782,441018000,0.61402777777777773
2012-05-11,-65,1760,520227000,0.959861111111111
2012-05-11,-65,1765,520227000,1.8434722222222222
2012-05-11,-65,1766,520227000,1.6127777777777776
2012-05-11,-65,-1759,440963000,1.2441666666666666
2012-05-11,-65,1767,440781000,1.6836111111111109
2012-05-11,-65,-1354,431329000,0.65416666666666667
2012-05-11,704,-162,257524500,5.5426388888888889
2012-05-11,704,311,258247000,4.7555555555555555
2012-05-11,704,206,257489500,0.77180555555555552
2012-05-11,704,311,259558000,10.243472222222222
2012-05-11,704,310,259558000,1.6206944444444447
2012-05-11,704,206,258470000,4.7140277777777779
2012-05-11,704,206,258553000,1.5881944444444445
2012-05-11,704,209,259225000,10.258472222222222
2012-05-11,704,206,259225000,3.1333333333333333
2012-05-11,704,204,259225000,1.5402777777777779
2012-05-11,704,208,259225000,1.588888888888889
2012-05-11,-320,379,224096840,1.8745833333333333
2012-05-11,-320,885,432282000,2.5805555555555557
2012-05-11,-320,366,224544160,1.13
2012-05-11,-64,1779,440820000,0.94194444444444447
2012-05-11,-64,1599,440670000,3.1808333333333332
2012-05-11,-64,-1732,440595000,5.5002777777777778
2012-05-11,-64,-1724,440595000,5.8748611111111106
2012-05-11,-64,-1726,440595000,1.6502777777777777
2012-05-11,-64,-1727,440595000,9.4254166666666652
2012-05-11,-64,-1729,440595000,1.9747222222222223
2012-05-11,-64,-1735,440517000,1.8468055555555556
2012-05-11,-64,-1734,440517000,2.0163888888888888
2012-05-11,-64,-1782,441018000,1.51375
2012-05-11,-64,-1783,441018000,3.4301388888888891
2012-05-11,-64,1778,440239000,0.64152777777777781
2012-05-11,-64,1779,440239000,0.85569444444444442
2012-05-11,-64,1777,440239000,1.0111111111111111
2012-05-11,-64,1760,520227000,1.1170833333333334
2012-05-11,-64,-1759,440963000,0.834861111111111
2012-05-11,-64,1767,440781000,1.2473611111111111
2012-05-11,-64,-1354,431329000,0.91083333333333338
2012-05-11,193,1560,431914000,2.9343055555555555
2012-05-11,193,-170,760000360,2.07625
2012-05-11,705,-162,257524500,2.33875
2012-05-11,705,-163,257524500,8.7141666666666673
2012-05-11,705,310,258247000,12.57236111111111
2012-05-11,705,308,258247000,6.316527777777778
2012-05-11,705,206,257489500,1.57375
2012-05-11,705,307,259558000,3.0954166666666669
2012-05-11,705,202,258470000,1.5583333333333333
2012-05-11,705,197,259608000,18.895
2012-05-11,-319,-719,725000332,2.8140277777777776
2012-05-11,-319,883,432282000,2.5158333333333331
2012-05-11,-319,882,432282000,1.0525
2012-05-11,-319,884,432282000,1.7875
2012-05-11,-319,371,224544160,1.8504166666666668
2012-05-11,-319,367,224544160,1.0956944444444443
2012-05-11,-63,1778,440820000,2.0144444444444445
2012-05-11,-63,1777,440820000,1.8983333333333332
2012-05-11,-63,1599,440670000,2.6597222222222223
2012-05-11,-63,-1737,440933000,1.6476388888888889
2012-05-11,-63,-1738,440933000,1.7265277777777777
2012-05-11,-63,-1730,440517000,0.85305555555555557
2012-05-11,-63,-1728,440517000,1.74
2012-05-11,-63,-1731,440517000,1.2497222222222222
2012-05-11,-63,-1783,441018000,1.6565277777777774
2012-05-11,-63,1778,440239000,1.2772222222222223
2012-05-11,-63,-906,352419000,0.90819444444444442
2012-05-11,-63,-905,352419000,1.7195833333333332
2012-05-11,-63,-904,352419000,5.925
2012-05-11,-63,1769,440781000,1.28
2012-05-11,-63,1767,440781000,2.5726388888888891
2012-05-11,706,-162,257524500,3.8780555555555556
2012-05-11,706,216,257128000,1.5594444444444444
2012-05-11,706,204,257489500,1.5415277777777776
2012-05-11,706,204,259516000,1.55
2012-05-11,706,205,259516000,1.5570833333333334
2012-05-11,706,208,259516000,7.1883333333333335
2012-05-11,706,203,259516000,1.5734722222222222
2012-05-11,706,207,259516000,4.7291666666666661
2012-05-11,706,306,259558000,1.5691666666666668
2012-05-11,706,305,259558000,1.5672222222222221
2012-05-11,706,204,258470000,1.5819444444444444
2012-05-11,706,303,259963000,1.5305555555555554
2012-05-11,706,307,259963000,1.6294444444444445
2012-05-11,706,305,259963000,3.9829166666666671
2012-05-11,706,306,259963000,4.5738888888888889
2012-05-11,706,304,259963000,1.6016666666666666
2012-05-11,706,204,257198000,8.6640277777777772
2012-05-11,-574,-670,701006182,6.9840277777777784
2012-05-11,-574,-669,701006182,2.3005555555555555
2012-05-11,-574,-669,701000313,2.2486111111111109
2012-05-11,-574,-670,701000313,0.59958333333333336
2012-05-11,-318,379,224096840,0.93972222222222213
2012-05-11,-318,378,224096840,0.76319444444444451
2012-05-11,-318,-718,725000332,2.1443055555555555
2012-05-11,-318,879,432282000,0.95472222222222225
2012-05-11,-318,880,432282000,3.794861111111111
2012-05-11,-318,881,432282000,1.6604166666666664
2012-05-11,-318,882,432282000,0.94680555555555546
2012-05-11,-318,370,224544160,1.6054166666666667
2012-05-11,-318,369,224544160,0.90555555555555556
2012-05-11,-62,1777,440820000,2.5054166666666671
2012-05-11,-62,1599,440670000,1.9265277777777778
2012-05-11,-62,1598,440670000,0.40430555555555558
2012-05-11,-62,-1360,432454000,0.915138888888889
2012-05-11,-62,-1739,440933000,1.8930555555555557
2012-05-11,-62,-1737,440933000,2.1479166666666663
2012-05-11,-62,-1782,441018000,2.0430555555555556
2012-05-11,-62,1778,440239000,2.0244444444444447
2012-05-11,-62,-906,352419000,5.0876388888888888
2012-05-11,-62,-1757,440963000,2.5788888888888888
2012-05-11,-62,-1759,440963000,4.4641666666666673
2012-05-11,-62,1769,440781000,1.7415277777777778
2012-05-11,-62,1768,440781000,1.4002777777777777
2012-05-11,195,-928,654321,1.8833333333333333
2012-05-11,707,297,259637000,0.77916666666666667
2012-05-11,707,408,273558300,4.6499999999999995
2012-05-11,707,212,257489500,1.5863888888888888
2012-05-11,707,205,259516000,2.29875
2012-05-11,707,206,259516000,1.5377777777777779
2012-05-11,-573,-668,701006182,6.9211111111111112
2012-05-11,-573,-669,701006182,2.5366666666666666
2012-05-11,-573,-668,701000313,6.3556944444444445
2012-05-11,-317,878,432282000,0.87986111111111109
2012-05-11,-317,877,432282000,0.7008333333333332
2012-05-11,-317,876,432282000,1.1458333333333333
2012-05-11,-317,879,432282000,0.36625
2012-05-11,-317,369,224544160,3.0380555555555553
2012-05-11,-61,1777,440820000,0.92347222222222225
2012-05-11,-61,1601,440670000,1.7923611111111111
2012-05-11,-61,1600,440670000,1.5201388888888885
2012-05-11,-61,1599,440670000,1.5844444444444443
2012-05-11,-61,1598,440670000,0.94708333333333339
2012-05-11,-61,1602,440670000,2.411111111111111
2012-05-11,-61,-1360,432454000,0.92083333333333339
2012-05-11,-61,-1739,440933000,1.8273611111111112
2012-05-11,-61,-1738,440933000,0.8875
2012-05-11,-61,-1737,440933000,0.83208333333333329
2012-05-11,-61,-1781,441018000,1.7970833333333334
2012-05-11,-61,1778,440239000,1.8541666666666665
2012-05-11,-61,-1757,440963000,2.8981944444444445
2012-05-11,-61,1768,440781000,0.86944444444444446
2012-05-11,-61,-1354,431329000,1.8280555555555555
2012-05-11,196,-172,760000360,2.8493055555555551
2012-05-11,196,-928,654321,1.8194444444444444
2012-05-11,452,-497,316004000,2.3601388888888888
2012-05-11,452,-498,316004000,21.026666666666667
2012-05-11,708,296,259637000,1.5495833333333335
2012-05-11,708,409,273558300,7.125694444444445
2012-05-11,708,211,273555000,1.5638888888888889
2012-05-11,708,212,273555000,3.9331944444444447
2012-05-11,708,211,273433400,4.7222222222222223
2012-05-11,708,214,273433400,2.3666666666666667
2012-05-11,708,213,273433400,1.538888888888889
2012-05-11,708,212,273433400,5.55
2012-05-11,708,220,257489500,1.5720833333333333
2012-05-11,708,311,232555000,6.2304166666666667
2012-05-11,708,312,232555000,3.9748611111111112
2012-05-11,708,314,232555000,4.7638888888888893
2012-05-11,-316,377,224096840,0.71000000000000008
2012-05-11,-316,388,224022910,1.1218055555555555
2012-05-11,-316,389,224022910,2.7594444444444441
2012-05-11,-316,875,432282000,1.60625
2012-05-11,-316,874,432282000,0.89791666666666636
2012-05-11,-60,1776,440820000,2.0819444444444444
2012-05-11,-60,1763,529415000,1.6683333333333332
2012-05-11,-60,-1738,440933000,1.68875
2012-05-11,-60,1779,440239000,1.6458333333333333
2012-05-11,-60,1780,440239000,0.86208333333333331
2012-05-11,-60,-1757,440963000,1.65625
2012-05-11,-60,-1759,440963000,2.8656944444444443
2012-05-11,197,-926,654321,1.71375
2012-05-11,709,235,257587500,7.888472222222223
2012-05-11,709,218,273555000,6.3359722222222219
2012-05-11,709,213,273433400,4.7722222222222221
2012-05-11,709,221,257128000,1.5227777777777778
2012-05-11,709,222,257128000,9.4979166666666668
2012-05-11,709,222,257489500,5.527222222222222
2012-05-11,709,312,232555000,1.5609722222222222
2012-05-11,709,311,232555000,7.0994444444444449
2012-05-11,-315,387,224049460,0.79430555555555549
2012-05-11,-315,481,235007600,3.0490277777777774
2012-05-11,-315,488,235007600,0.75680555555555562
2012-05-11,-315,487,235007600,0.37041666666666667
2012-05-11,-315,484,235007600,4.8308333333333335
2012-05-11,-315,482,235007600,0.03888888888888889
2012-05-11,-315,385,224022910,0.96374999999999988
2012-05-11,-315,874,432282000,2.4944444444444445
2012-05-11,-315,369,224544160,3.8552777777777774
2012-05-11,-59,1776,440820000,1.7569444444444446
2012-05-11,-59,-1663,440787000,0.66680555555555565
2012-05-11,-59,-1738,440933000,1.3422222222222222
2012-05-11,-59,1780,440239000,0.89013888888888892
2012-05-11,-59,1779,440239000,1.2447222222222223
2012-05-11,-59,1778,440239000,0.90541666666666676
2012-05-11,-59,1757,520227000,0.25569444444444445
2012-05-11,-59,-1757,440963000,1.0693055555555555
2012-05-11,-59,-1759,440963000,1.7204166666666667
2012-05-11,198,-925,654321,6.9041666666666668
2012-05-11,710,285,259637000,3.9845833333333331
2012-05-11,710,287,259609000,1.57125
2012-05-11,710,285,257229000,3.1056944444444445
2012-05-11,710,240,257409500,7.9208333333333325
2012-05-11,-314,378,224049460,0.81097222222222221
2012-05-11,-314,387,224049460,1.1070833333333332
2012-05-11,-314,376,224096840,1.3223611111111111
2012-05-11,-314,487,235007600,1.1691666666666667
2012-05-11,-314,490,235007600,1.111388888888889
2012-05-11,-314,488,235007600,7.769861111111112
2012-05-11,-314,491,235007600,1.4758333333333333
2012-05-11,-314,386,224022910,3.9323611111111112
2012-05-11,-314,383,224022910,0.87680555555555562
2012-05-11,-58,1776,440820000,2.4109722222222221
2012-05-11,-58,-1665,440787000,1.1483333333333334
2012-05-11,-58,1764,529415000,0.9276388888888889
2012-05-11,-58,-1739,440933000,3.21875
2012-05-11,-58,1777,440239000,2.4938888888888888
2012-05-11,-58,1778,440239000,0.8208333333333333
2012-05-11,-58,1757,520227000,0.59736111111111112
2012-05-11,-58,-1758,440963000,3.9209722222222223
2012-05-11,-58,-1757,440963000,0.63027777777777771
2012-05-11,711,283,259637000,5.5684722222222227
2012-05-11,711,278,257855500,3.1116666666666668
2012-05-11,711,274,257855500,1.5987500000000001
2012-05-11,711,275,257855500,3.114583333333333
2012-05-11,711,272,257855500,0.7830555555555555
2012-05-11,711,250,259092000,1.55
2012-05-11,711,249,259092000,1.6195833333333334
2012-05-11,711,267,257067040,4.7583333333333329
2012-05-11,711,268,257067040,1.5797222222222222
2012-05-11,711,285,259241000,3.9875
2012-05-11,711,238,257587500,6.2508333333333326
2012-05-11,711,236,257587500,2.338888888888889
2012-05-11,711,237,257587500,8.72
2012-05-11,711,236,257523500,2.3943055555555555
2012-05-11,711,237,257523500,6.1763888888888889
2012-05-11,711,238,257523500,3.9361111111111109
2012-05-11,711,238,259102000,4.7693055555555555
2012-05-11,711,237,259102000,1.5665277777777777
2012-05-11,711,255,257445500,4.7319444444444443
2012-05-11,711,237,257576600,9.46486111111111
2012-05-11,711,242,257576600,1.5484722222222222
2012-05-11,711,236,257576600,1.5587499999999999
2012-05-11,711,240,257576600,3.9587499999999998
2012-05-11,711,238,257576600,6.2918055555555554
2012-05-11,711,239,257576600,1.5666666666666667
2012-05-11,711,281,259641000,1.6023611111111111
2012-05-11,711,282,259641000,7.78875
2012-05-11,711,283,259641000,3.149861111111111
2012-05-11,711,237,259203000,3.9679166666666665
2012-05-11,711,238,259203000,7.8558333333333339
2012-05-11,711,239,259203000,1.5570833333333334
2012-05-11,711,236,258371000,1.5602777777777779
2012-05-11,711,235,258371000,4.7623611111111108
2012-05-11,711,238,258371000,2.3668055555555556
2012-05-11,711,280,257229000,2.359861111111111
2012-05-11,711,283,257229000,2.3819444444444446
2012-05-11,711,281,257229000,1.5490277777777779
2012-05-11,711,282,257229000,14.236388888888888
2012-05-11,711,237,257409500,3.1331944444444444
2012-05-11,711,238,257409500,6.3030555555555559
2012-05-11,711,239,257409500,1.5251388888888888
2012-05-11,711,240,257409500,4.7552777777777777
2012-05-11,711,270,259478000,0.78180555555555553
2012-05-11,711,273,259478000,1.5240277777777778
2012-05-11,-569,-678,725011900,0.76944444444444438
2012-05-11,-569,-679,725011900,0.775
2012-05-11,-569,-681,725011900,1.565
2012-05-11,-569,-682,725011900,0.78583333333333338
2012-05-11,-313,378,224049460,3.0422222222222222
2012-05-11,-313,376,224096840,1.00625
2012-05-11,-313,491,235007600,1.5899999999999999
2012-05-11,-313,489,235007600,1.77375
2012-05-11,-57,1776,440820000,2.3002777777777776
2012-05-11,-57,-1665,440787000,0.8945833333333334
2012-05-11,-57,1764,529415000,1.1816666666666666
2012-05-11,-57,-1739,440933000,0.89430555555555546
2012-05-11,-57,1777,440239000,2.2766666666666664
2012-05-11,-57,1776,440239000,1.7458333333333331
2012-05-11,-57,1757,520227000,1.6820833333333334
2012-05-11,712,251,259092000,6.3244444444444445
2012-05-11,712,253,258371000,1.5751388888888889
2012-05-11,712,241,258371000,2.3620833333333335
2012-05-11,712,250,258371000,1.5722222222222222
2012-05-11,712,247,258371000,3.1179166666666664
2012-05-11,712,356,273517500,2.347777777777778
2012-05-11,712,355,273517500,4.7538888888888895
2012-05-11,712,357,273517500,2.3268055555555556
2012-05-11,712,354,273517500,2.3220833333333335
2012-05-11,-312,386,224049460,0.8522222222222221
2012-05-11,-312,375,224096840,2.0401388888888885
2012-05-11,-312,374,224096840,1.932361111111111
2012-05-11,-312,309,431782000,1.827638888888889
2012-05-11,-312,308,431782000,4.6545833333333331
2012-05-11,-56,92,432319000,3.5551388888888891
2012-05-11,-56,1776,440820000,4.0693055555555562
2012-05-11,-56,91,431154000,7.2601388888888891
2012-05-11,-56,1776,440239000,3.1286111111111108
2012-05-11,713,256,258371000,1.5680555555555555
2012-05-11,713,259,258371000,4.7583333333333329
2012-05-11,713,357,273517500,1.5445833333333332
2012-05-11,713,359,273517500,7.1791666666666671
2012-05-11,713,358,273517500,1.6258333333333335
2012-05-11,713,356,273517500,1.5438888888888889
2012-05-11,-567,-674,725000261,1.5625
2012-05-11,-567,-675,725000261,5.1279166666666658
2012-05-11,-567,-675,725011900,2.4055555555555554
2012-05-11,-567,-674,725011900,2.3020833333333335
2012-05-11,-311,401,263577600,1.7315277777777778
2012-05-11,-311,403,263577600,1.8241666666666667
2012-05-11,-311,386,224049460,2.342222222222222
2012-05-11,-311,380,224049460,3.0269444444444442
2012-05-11,-311,310,431782000,1.9168055555555554
2012-05-11,-311,383,224022910,2.6488888888888891
2012-05-11,-311,384,224022910,3.0129166666666669
2012-05-11,-311,362,224016000,0.88847222222222211
2012-05-11,-55,93,432319000,2.7405555555555554
2012-05-11,-55,94,432319000,0.9209722222222223
2012-05-11,-55,-1665,440787000,0.9029166666666667
2012-05-11,-55,93,431154000,1.2906944444444444
2012-05-11,-55,1763,529415000,1.8168055555555556
2012-05-11,458,-482,316002350,12.589166666666667
2012-05-11,-566,-673,725011900,0.82166666666666666
2012-05-11,-310,400,263577600,3.0727777777777776
2012-05-11,-310,405,263577600,1.8054166666666667
2012-05-11,-310,381,224049460,1.6318055555555557
2012-05-11,-310,310,431782000,1.7998611111111111
2012-05-11,-310,362,224016000,0.10152777777777777
2012-05-11,-310,363,224016000,2.7137499999999997
2012-05-11,-310,365,224016000,1.6223611111111111
2012-05-11,-310,367,224016000,2.0758333333333336
2012-05-11,-310,359,224016000,1.80125
2012-05-11,-310,368,224016000,1.4183333333333334
2012-05-11,-310,369,224016000,0.97222222222222221
2012-05-11,-54,95,432319000,1.1288888888888888
2012-05-11,-54,94,432319000,1.0045833333333334
2012-05-11,-54,-1665,440787000,0.98888888888888893
2012-05-11,-54,94,431154000,1.9406944444444443
2012-05-11,-54,93,431154000,1.7795833333333331
2012-05-11,-54,1600,441584000,1.1534722222222222
2012-05-11,203,-175,760000360,5.799027777777777
2012-05-11,715,328,258154000,1.5709722222222222
2012-05-11,715,329,258154000,1.6223611111111111
2012-05-11,715,327,258154000,4.6752777777777776
2012-05-11,715,306,258483000,3.1345833333333335
2012-05-11,-565,-672,725000261,1.57375
2012-05-11,-565,-672,725011900,0.23930555555555555
2012-05-11,-309,405,263577600,2.6716666666666669
2012-05-11,-309,382,224049460,1.8330555555555557
2012-05-11,-309,311,431782000,1.6872222222222222
2012-05-11,-309,359,224016000,1.8345833333333332
2012-05-11,-53,96,432319000,5.2787500000000005
2012-05-11,-53,-1665,440787000,1.8234722222222222
2012-05-11,-53,-1664,440787000,1.862638888888889
2012-05-11,-53,-1663,440787000,3.6208333333333331
2012-05-11,-53,94,431154000,0.8947222222222222
2012-05-11,-53,95,431154000,2.5976388888888891
2012-05-11,-53,1603,441584000,2.291666666666667
2012-05-11,-53,1600,441584000,3.673194444444444
2012-05-11,-53,1601,441584000,1.5747222222222224
2012-05-11,460,-17,227977000,6.9773611111111116
2012-05-11,716,329,258154000,1.5163888888888888
2012-05-11,716,330,258154000,3.9722222222222223
2012-05-11,716,328,258154000,6.3038888888888884
2012-05-11,716,327,258154000,3.9805555555555556
2012-05-11,716,307,258483000,1.5509722222222222
2012-05-11,716,306,258483000,7.1654166666666672
2012-05-11,-308,400,263577600,2.2808333333333333
2012-05-11,-52,1063,312021000,3.6431944444444442
2012-05-11,-52,97,432319000,1.63625
2012-05-11,-52,1763,529415000,1.6434722222222222
2012-05-11,-52,1601,441584000,1.5570833333333334
2012-05-11,-52,1603,441584000,2.1725000000000003
2012-05-11,-52,1600,441584000,2.144166666666667
2012-05-11,-52,1602,441584000,0.91944444444444451
2012-05-11,-52,1599,441584000,0.93625
2012-05-11,-52,1604,441584000,2.5845833333333332
2012-05-11,-52,1599,440886000,2.2255555555555553
2012-05-11,-52,1600,440886000,0.9209722222222223
2012-05-11,205,-171,257483500,1.4873611111111111
2012-05-11,461,-17,227977000,10.336388888888887
2012-05-11,461,-18,227977000,3.8875
2012-05-11,717,306,258483000,3.05
2012-05-11,717,307,258483000,1.5809722222222222
2012-05-11,-563,-669,725015600,1.2801388888888889
2012-05-11,-563,-668,725015600,0.79319444444444442
2012-05-11,-563,-669,725000261,1.5934722222222224
2012-05-11,-563,-668,725000261,4.2488888888888887
2012-05-11,-563,-699,725002350,0.5541666666666667
2012-05-11,-563,-700,725002350,0.20027777777777778
2012-05-11,-563,-668,725011900,0.74069444444444454
2012-05-11,-307,400,263577600,0.77875000000000016
2012-05-11,-307,382,224049460,1.9501388888888889
2012-05-11,-307,311,431782000,2.5027777777777773
2012-05-11,-307,312,431782000,2.5572222222222223
2012-05-11,-307,359,224016000,1.971111111111111
2012-05-11,-51,98,432319000,2.703611111111111
2012-05-11,-51,-1663,440787000,1.848611111111111
2012-05-11,-51,-1666,440787000,1.48625
2012-05-11,-51,96,431154000,3.0493055555555557
2012-05-11,-51,1763,529415000,1.8319444444444444
2012-05-11,-51,70,432444000,1.6066666666666667
2012-05-11,-51,74,432444000,2.1
2012-05-11,-51,1605,441584000,2.8998611111111114
2012-05-11,-51,1601,441584000,1.816527777777778
2012-05-11,-51,1598,440886000,2.4772222222222222
2012-05-11,-51,1599,440886000,4.0733333333333333
2012-05-11,206,-176,760000360,3.93375
2012-05-11,206,-171,258596000,11.5525
2012-05-11,206,-171,257483500,6.96125
2012-05-11,718,306,258483000,3.1394444444444445
2012-05-11,718,307,258483000,3.9818055555555558
2012-05-11,-562,-667,725015600,3.2683333333333335
2012-05-11,-562,-666,725000261,0.56055555555555558
2012-05-11,-562,-667,725000261,0.80625
2012-05-11,-562,-668,725000261,0.73291666666666666
2012-05-11,-562,-701,725002350,0.087638888888888891
2012-05-11,-562,-700,725002350,0.22805555555555557
2012-05-11,-306,400,263577600,0.77416666666666678
2012-05-11,-306,360,224016000,1.5956944444444443
2012-05-11,-50,1065,312021000,1.6944444444444444
2012-05-11,-50,98,432319000,2.1845833333333333
2012-05-11,-50,-1663,440787000,2.0204166666666667
2012-05-11,-50,-1664,440787000,1.6487500000000002
2012-05-11,-50,1763,529415000,1.3604166666666666
2012-05-11,-50,71,432444000,1.452638888888889
2012-05-11,-50,72,432444000,1.0140277777777778
2012-05-11,-50,73,432444000,0.98208333333333331
2012-05-11,-50,1597,440886000,4.8631944444444448
2012-05-11,-50,1596,440886000,1.695138888888889
2012-05-11,-50,1598,440886000,1.5369444444444444
2012-05-11,207,-170,258596000,12.873888888888889
2012-05-11,207,-170,257483500,11.310555555555556
2012-05-11,719,154,257563600,2.3634722222222222
2012-05-11,719,156,257563600,9.5300000000000011
2012-05-11,719,158,257563600,3.9894444444444446
2012-05-11,719,157,257563600,5.4486111111111111
2012-05-11,-561,-665,725015600,5.1355555555555563
2012-05-11,-561,-664,725015600,1.5499999999999998
2012-05-11,-561,-665,725000261,0.57263888888888892
2012-05-11,-561,-666,725000261,1.0274999999999999
2012-05-11,-561,-712,725002350,2.3555555555555552
2012-05-11,-561,-666,725011900,0.8026388888888889
2012-05-11,-561,-662,725002460,2.4879166666666666
2012-05-11,-49,-1666,440787000,2.5573611111111108
2012-05-11,-49,-1665,440787000,1.3963888888888889
2012-05-11,-49,1763,529415000,1.7373611111111109
2012-05-11,-49,1762,529415000,1.7891666666666666
2012-05-11,-49,72,432444000,0.76388888888888884
2012-05-11,-49,1596,440886000,4.1319444444444446
2012-05-11,-49,1599,440886000,1.8129166666666667
2012-05-11,464,-20,226004000,1.5640277777777778
2012-05-11,464,-19,226004000,5.6319444444444446
2012-05-11,720,163,259647000,1.5968055555555556
2012-05-11,720,166,259647000,2.3513888888888888
2012-05-11,720,161,259647000,1.5659722222222223
2012-05-11,720,178,259607000,3.9179166666666667
2012-05-11,720,179,259607000,3.1480555555555556
2012-05-11,-560,-664,725015600,1.5931944444444444
2012-05-11,-560,-665,725000261,1.7077777777777776
2012-05-11,-560,-713,725002350,5.6402777777777775
2012-05-11,-560,-665,725011900,0.773611111111111
2012-05-11,-560,-662,725002460,0.23194444444444443
2012-05-11,-304,402,263577600,0.7713888888888889
2012-05-11,-48,1065,312021000,2.9044444444444442
2012-05-11,-48,100,432319000,0.7925
2012-05-11,-48,99,432319000,1.5636111111111111
2012-05-11,-48,1762,529415000,2.1008333333333336
2012-05-11,-48,1763,529415000,0.82111111111111112
2012-05-11,-48,73,432444000,1.6354166666666667
2012-05-11,721,164,259647000,4.7484722222222224
2012-05-11,721,160,259647000,11.87402777777778
2012-05-11,721,162,259647000,1.5290277777777779
2012-05-11,721,227,257056600,6.2763888888888886
2012-05-11,721,157,257563600,2.330972222222222
2012-05-11,721,179,259607000,7.8974999999999991
2012-05-11,-559,-664,725015600,3.0027777777777778
2012-05-11,-559,-663,725011900,0.53583333333333338
2012-05-11,-559,-664,725011900,0.28347222222222224
2012-05-11,-47,100,432319000,2.9179166666666667
2012-05-11,-47,1724,441650000,0.13180555555555556
2012-05-11,-47,1725,441650000,0.74722222222222212
2012-05-11,-47,96,431154000,2.9734722222222225
2012-05-11,-47,1763,529415000,3.0808333333333331
2012-05-11,-47,72,432444000,1.6668055555555557
2012-05-11,722,226,257056600,6.3294444444444444
2012-05-11,722,180,259607000,4.6808333333333332
2012-05-11,-558,-663,725011900,1.0419444444444443
2012-05-11,-46,103,431316000,0.9775
2012-05-11,-46,102,431316000,1.59625
2012-05-11,-46,100,431316000,4.4881944444444439
2012-05-11,-46,1724,441650000,0.83763888888888882
2012-05-11,-46,96,431154000,1.4359722222222222
2012-05-11,-46,72,432444000,0.85708333333333331
2012-05-11,-46,1726,440731000,1.0416666666666667
2012-05-11,-46,106,431682000,0.67805555555555563
2012-05-11,-46,105,431682000,3.7266666666666666
2012-05-11,467,1393,273811100,11.076111111111111
2012-05-11,467,1394,273811100,10.999166666666667
2012-05-11,723,230,273517900,3.1363888888888889
2012-05-11,723,229,273517900,1.5333333333333332
2012-05-11,723,228,273517900,1.5681944444444444
2012-05-11,723,162,259457000,4.7054166666666664
2012-05-11,-557,-356,512027000,5.384444444444445
2012-05-11,-557,-355,512027000,3.2047222222222222
2012-05-11,-557,-357,512027000,2.3552777777777778
2012-05-11,-557,-660,725002460,9.46861111111111
2012-05-11,-45,101,431316000,1.5190277777777776
2012-05-11,-45,104,431316000,0.73083333333333333
2012-05-11,-45,96,431154000,1.4448611111111112
2012-05-11,-45,72,432444000,3.0687500000000005
2012-05-11,-45,1726,440731000,0.67222222222222228
2012-05-11,-45,106,431682000,1.4358333333333335
2012-05-11,-45,97,431927000,2.9115277777777777
2012-05-11,-45,98,431927000,2.3634722222222222
2012-05-11,724,228,273517900,7.125694444444445
2012-05-11,724,230,273517900,3.1706944444444445
2012-05-11,724,229,273517900,3.1431944444444446
2012-05-11,724,156,259457000,1.5656944444444445
2012-05-11,724,160,259457000,3.9563888888888887
2012-05-11,724,155,259457000,3.9884722222222222
2012-05-11,724,159,259457000,1.5783333333333331
2012-05-11,724,162,259457000,1.587361111111111
2012-05-11,724,157,259457000,1.547361111111111
2012-05-11,-556,-358,512027000,5.10375
2012-05-11,-556,-359,512027000,0.070416666666666669
2012-05-11,-556,-658,725000667,5.1469444444444443
2012-05-11,-44,-27,312864000,4.1977777777777776
2012-05-11,-44,104,431316000,0.92527777777777787
2012-05-11,-44,103,431316000,1.1376388888888889
2012-05-11,-44,1724,441650000,0.80402777777777779
2012-05-11,-44,96,431154000,1.615277777777778
2012-05-11,-44,72,432444000,2.0259722222222223
2012-05-11,-44,105,431682000,2.4151388888888889
2012-05-11,-44,101,431927000,0.8725
2012-05-11,-44,100,431927000,2.87875
2012-05-11,469,1518,273561700,4.7588888888888885
2012-05-11,725,240,259562000,3.1802777777777775
2012-05-11,725,241,259562000,3.1475
2012-05-11,725,238,259562000,1.5983333333333334
2012-05-11,725,239,259562000,5.5015277777777776
2012-05-11,725,229,273517900,1.5581944444444444
2012-05-11,-555,-658,725000667,3.1668055555555554
2012-05-11,-555,-659,725000667,1.5890277777777779
2012-05-11,-43,102,431316000,0.90125
2012-05-11,-43,103,431316000,3.61375
2012-05-11,-43,1725,441650000,1.3072222222222223
2012-05-11,-43,72,432444000,0.92833333333333334
2012-05-11,-43,1726,440731000,0.82333333333333336
2012-05-11,-43,105,431682000,0.91527777777777786
2012-05-11,-43,101,431927000,0.81277777777777782
2012-05-11,470,1518,273561700,6.4754166666666677
2012-05-11,470,1519,273565410,6.0754166666666674
2012-05-11,470,1520,273565410,11.862777777777778
2012-05-11,470,1520,273428220,0.9769444444444445
2012-05-11,470,1519,273428220,11.774166666666666
2012-05-11,726,241,259562000,1.5738888888888889
2012-05-11,726,239,259562000,1.5084722222222222
2012-05-11,726,240,259562000,3.1475
2012-05-11,-554,-661,725000667,3.1606944444444443
2012-05-11,-42,102,431316000,2.0886111111111112
2012-05-11,-42,101,431316000,0.69430555555555551
2012-05-11,-42,72,432444000,2.5773611111111108
2012-05-11,-42,105,431682000,0.72375
2012-05-11,-42,104,431682000,0.92180555555555554
2012-05-11,-42,99,431927000,3.1544444444444446
2012-05-11,-42,100,431927000,2.1404166666666669
2012-05-11,471,1520,273561700,11.02375
2012-05-11,471,1521,273561700,1.5141666666666667
2012-05-11,471,1520,273565410,0.77374999999999994
2012-05-11,471,1520,273428220,11.410555555555558
2012-05-11,-41,-28,312864000,8.1522222222222229
2012-05-11,-41,100,431316000,0.897361111111111
2012-05-11,-41,101,431316000,1.0880555555555556
2012-05-11,-41,71,432444000,4.6648611111111116
2012-05-11,-41,104,431682000,0.31847222222222227
2012-05-11,-41,103,431682000,0.8875
2012-05-11,-41,98,431927000,1.9983333333333331
2012-05-11,-41,-1706,440801000,2.5363888888888888
2012-05-11,-41,-1704,440801000,3.5183333333333335
2012-05-11,-41,-1705,440801000,3.7641666666666671
2012-05-11,-41,-1708,440801000,0.90847222222222213
2012-05-11,-41,-1712,440801000,1.5680555555555555
2012-05-11,-41,-1710,440801000,0.53875000000000006
2012-05-11,-41,-1711,440801000,0.6348611111111111
2012-05-11,-41,-1707,440801000,3.1055555555555556
2012-05-11,728,283,259519000,6.2195833333333326
2012-05-11,728,282,259519000,11.870833333333334
2012-05-11,-40,100,431316000,4.6822222222222223
2012-05-11,-40,1725,441650000,1.8027777777777778
2012-05-11,-40,1776,529413000,0.95597222222222222
2012-05-11,-40,1774,529413000,0.96986111111111117
2012-05-11,-40,1775,529413000,1.5004166666666667
2012-05-11,-40,-1568,440952000,0.91847222222222213
2012-05-11,-40,102,431682000,4.424027777777777
2012-05-11,-40,101,431682000,0.15833333333333333
2012-05-11,-40,97,431927000,2.607361111111111
2012-05-11,-40,-1704,440801000,0.93069444444444449
2012-05-11,-40,-1703,440801000,1.0848611111111111
2012-05-11,-40,-1707,440801000,1.8473611111111112
2012-05-11,-40,-1708,440801000,0.55125
2012-05-11,473,-22,227001250,2.0472222222222225
2012-05-11,473,-1231,366918910,0.39416666666666667
2012-05-11,-39,-1653,440574000,1.3723611111111111
2012-05-11,-39,-1744,440646000,1.8395833333333333
2012-05-11,-39,1774,529413000,0.87111111111111106
2012-05-11,-39,101,431682000,2.3168055555555553
2012-05-11,-39,96,431927000,3.6118055555555557
2012-05-11,-39,97,431927000,1.1095833333333334
2012-05-11,474,-1232,366918910,5.4316666666666666
2012-05-11,730,315,273427000,3.1736111111111112
2012-05-11,730,318,273427000,0.78472222222222221
2012-05-11,730,314,273427000,1.5583333333333333
2012-05-11,730,313,273427000,1.598611111111111
2012-05-11,730,319,273427000,1.5694444444444444
2012-05-11,730,312,273427000,1.5638888888888889
2012-05-11,730,298,257466000,1.5904166666666666
2012-05-11,-550,-376,665111117,3.0055555555555555
2012-05-11,-550,-378,665111117,1.5791666666666666
2012-05-11,-550,-377,665111117,5.6736111111111107
2012-05-11,-38,-1651,440574000,1.8138888888888889
2012-05-11,-38,-1654,440574000,0.82361111111111107
2012-05-11,-38,1787,529414000,1.641388888888889
2012-05-11,-38,1789,529414000,0.96569444444444452
2012-05-11,-38,-1745,440646000,3.7337499999999997
2012-05-11,-38,1776,529413000,2.211527777777778
2012-05-11,-38,1774,529413000,1.2252777777777779
2012-05-11,-38,100,431682000,5.5733333333333341
2012-05-11,475,-34,228813000,3.5381944444444446
2012-05-11,475,-35,228813000,0.99791666666666667
2012-05-11,731,312,273427000,2.286111111111111
2012-05-11,731,298,257466000,4.7102777777777778
2012-05-11,-549,-384,740382000,4.3594444444444447
2012-05-11,-549,-386,740382000,5.9812499999999993
2012-05-11,-549,-387,740382000,3.806111111111111
2012-05-11,-549,-379,665111117,6.7313888888888886
2012-05-11,-37,-1651,440574000,1.9697222222222222
2012-05-11,-37,-1654,440574000,0.60013888888888889
2012-05-11,-37,98,431100750,3.0002777777777778
2012-05-11,-37,1726,441650000,1.1086111111111112
2012-05-11,-37,1786,529414000,1.7805555555555554
2012-05-11,-37,1788,529414000,1.085
2012-05-11,-37,1783,529414000,0.90972222222222221
2012-05-11,-37,1782,529414000,1.1625
2012-05-11,-37,-1745,440646000,1.6838888888888888
2012-05-11,-37,1774,529413000,1.7909722222222222
2012-05-11,-37,1776,529413000,0.87222222222222223
2012-05-11,-37,-1726,440503000,0.99597222222222226
2012-05-11,732,299,257466000,1.5676388888888888
2012-05-11,732,298,257466000,4.6156944444444452
2012-05-11,-548,-388,740382000,3.9558333333333335
2012-05-11,-548,-385,665111117,2.461527777777778
2012-05-11,-36,-1658,440574000,3.2956944444444445
2012-05-11,-36,-1656,440574000,1.4683333333333333
2012-05-11,-36,-1652,440574000,1.66375
2012-05-11,-36,-1655,440574000,1.1079166666666667
2012-05-11,-36,-1657,440574000,1.6624999999999999
2012-05-11,-36,97,431100750,1.3831944444444444
2012-05-11,-36,96,431100750,1.5209722222222222
2012-05-11,-36,1779,529414000,0.997361111111111
2012-05-11,-36,1780,529414000,0.66111111111111109
2012-05-11,-36,1786,529414000,0.987638888888889
2012-05-11,-36,1785,529414000,2.1370833333333334
2012-05-11,-36,-1745,440646000,2.1222222222222222
2012-05-11,-36,1776,529413000,2.32875
2012-05-11,-36,1774,529413000,1.7123611111111112
2012-05-11,-36,-1725,440503000,1.7040277777777779
2012-05-11,-36,-1724,440503000,1.4279166666666665
2012-05-11,-36,-1723,440503000,0.9075
2012-05-11,-36,-1726,440503000,2.3720833333333333
2012-05-11,-36,-1722,440503000,2.4686111111111111
2012-05-11,477,1396,273420800,5.1438888888888892
2012-05-11,477,1395,273420800,12.28125
2012-05-11,733,299,257466000,3.1715277777777779
2012-05-11,733,298,257466000,5.5540277777777778
2012-05-11,-35,-1656,440574000,2.5283333333333333
2012-05-11,-35,-1654,440574000,2.0183333333333335
2012-05-11,-35,-1653,440574000,1.8372222222222221
2012-05-11,-35,-1655,440574000,1.6676388888888889
2012-05-11,-35,96,431100750,1.7268055555555555
2012-05-11,-35,95,431100750,1.5479166666666666
2012-05-11,-35,1785,529414000,0.84999999999999987
2012-05-11,-35,-1745,440646000,2.9484722222222222
2012-05-11,-35,1772,529413000,1.986388888888889
2012-05-11,-35,1776,529413000,1.6595833333333334
2012-05-11,-35,1769,529413000,0.86402777777777773
2012-05-11,-35,-1731,441251000,0.21416666666666667
2012-05-11,-35,-1730,441251000,1.1456944444444446
2012-05-11,-35,-1568,440952000,0.5526388888888889
2012-05-11,-35,-1722,440503000,2.131388888888889
2012-05-11,478,1398,273420800,5.4338888888888883
2012-05-11,478,1397,273420800,5.3455555555555554
2012-05-11,-546,-633,701068000,6.7148611111111114
2012-05-11,-290,433,224197150,0.95819444444444446
2012-05-11,-290,434,224197150,1.7197222222222224
2012-05-11,-34,95,431100750,0.83319444444444446
2012-05-11,-34,1783,529414000,1.7152777777777777
2012-05-11,-34,1785,529414000,1.074861111111111
2012-05-11,-34,-1745,440646000,2.5754166666666665
2012-05-11,-34,-1744,440646000,0.9125
2012-05-11,-34,1769,529413000,0.80680555555555566
2012-05-11,-34,-1722,441251000,0.1476388888888889
2012-05-11,-34,-1723,441251000,2.5486111111111107
2012-05-11,-34,-1733,441251000,0.65402777777777776
2012-05-11,-34,-1731,441251000,0.69847222222222227
2012-05-11,-34,-1568,440952000,0.65833333333333344
2012-05-11,-34,-1722,440503000,1.7251388888888888
2012-05-11,479,1545,273829010,6.7426388888888891
2012-05-11,479,1544,273825010,1.6206944444444447
2012-05-11,479,1545,273825010,5.374027777777779
2012-05-11,479,1546,273825010,14.786249999999999
2012-05-11,-545,-394,740382000,0.24458333333333332
2012-05-11,-545,-633,701068000,1.5540277777777778
2012-05-11,-289,433,224197150,1.930277777777778
2012-05-11,-289,432,224197150,1.8001388888888887
2012-05-11,-33,95,431100750,0.30680555555555555
2012-05-11,-33,94,431100750,0.99486111111111108
2012-05-11,-33,1780,529414000,1.2620833333333334
2012-05-11,-33,1781,529414000,1.3706944444444442
2012-05-11,-33,1782,529414000,1.3170833333333334
2012-05-11,-33,1779,529414000,3.158611111111111
2012-05-11,-33,-1744,440646000,2.3455555555555558
2012-05-11,-33,1771,529413000,1.8697222222222221
2012-05-11,-33,-1723,441251000,1.8040277777777778
2012-05-11,-33,-1724,441251000,0.90277777777777779
2012-05-11,-33,-1568,440952000,0.99791666666666667
2012-05-11,-33,-1720,440503000,1.1393055555555556
2012-05-11,-33,-1716,440503000,0.99305555555555547
2012-05-11,-33,-1717,440503000,0.65972222222222221
2012-05-11,-33,-1721,440503000,2.5713888888888881
2012-05-11,480,1547,273829010,3.814027777777778
2012-05-11,480,1546,273829010,0.8043055555555555
2012-05-11,480,1544,273826010,5.6845833333333333
2012-05-11,480,1544,273825010,1.0422222222222222
2012-05-11,480,1546,273825010,0.74027777777777781
2012-05-11,736,178,259666000,2.3956944444444446
2012-05-11,-544,-633,701068000,3.0163888888888888
2012-05-11,-544,-635,701068000,2.6465277777777776
2012-05-11,-544,-636,701068000,0.60944444444444457
2012-05-11,-288,425,224197150,3.0616666666666665
2012-05-11,-288,429,224197150,3.0348611111111112
2012-05-11,-288,426,224197150,4.0448611111111106
2012-05-11,-288,431,224197150,1.7501388888888889
2012-05-11,-32,93,431100750,5.1301388888888892
2012-05-11,-32,-1744,440646000,3.0954166666666665
2012-05-11,-32,-1745,440646000,2.6041666666666665
2012-05-11,-32,1769,529413000,0.86958333333333337
2012-05-11,-32,-1723,441251000,1.6388888888888888
2012-05-11,-32,-1725,441251000,3.1297222222222221
2012-05-11,-32,-1724,441251000,2.8805555555555555
2012-05-11,-32,-1571,440952000,1.8502777777777779
2012-05-11,-32,-1719,440503000,0.44333333333333336
2012-05-11,-32,-1718,440503000,0.70805555555555555
2012-05-11,481,1400,273815110,5.97625
2012-05-11,481,1544,273829010,11.216111111111111
2012-05-11,481,1545,273829010,0.73916666666666664
2012-05-11,481,1543,273829010,0.80180555555555566
2012-05-11,481,1545,273828010,1.5874999999999997
2012-05-11,481,1544,273828010,7.18611111111111
2012-05-11,481,1545,273826010,2.3676388888888891
2012-05-11,481,1544,273826010,0.77305555555555561
2012-05-11,481,-476,273513700,4.9870833333333335
2012-05-11,481,-475,273513700,6.52486111111111
2012-05-11,481,-472,273513700,5.2801388888888887
2012-05-11,481,-478,273513700,0.81125
2012-05-11,481,-477,273513700,5.7659722222222225
2012-05-11,481,1544,273825010,0.53166666666666673
2012-05-11,737,198,258057000,1.5347222222222223
2012-05-11,737,182,258067000,1.5652777777777778
2012-05-11,737,177,258067000,3.9762500000000003
2012-05-11,737,181,258067000,2.3275
2012-05-11,737,179,258067000,1.5416666666666665
2012-05-11,737,189,258067000,1.5763888888888888
2012-05-11,737,186,258067000,1.5265277777777777
2012-05-11,737,195,273213500,1.6008333333333336
2012-05-11,737,197,273213500,2.3054166666666664
2012-05-11,737,192,273213500,3.9294444444444441
2012-05-11,737,196,273213500,1.5569444444444445
2012-05-11,737,193,273213500,3.1361111111111111
2012-05-11,737,191,273213500,3.1944444444444442
2012-05-11,737,194,273213500,1.5222222222222221
2012-05-11,737,178,259485000,1.5972222222222223
2012-05-11,737,184,259485000,4.6595833333333339
2012-05-11,737,190,259485000,1.5972222222222223
2012-05-11,737,181,259485000,3.0630555555555556
2012-05-11,737,186,259485000,1.5786111111111112
2012-05-11,737,187,259485000,1.6304166666666666
2012-05-11,737,175,259485000,1.57375
2012-05-11,737,179,259666000,3.1766666666666667
2012-05-11,737,181,259666000,4.7694444444444439
2012-05-11,737,183,259666000,2.3529166666666663
2012-05-11,737,180,259666000,3.8916666666666666
2012-05-11,737,177,259666000,2.3247222222222224
2012-05-11,737,183,234023000,1.5402777777777779
2012-05-11,737,199,234023000,1.5443055555555556
2012-05-11,737,195,234023000,2.290972222222222
2012-05-11,737,194,234023000,0.81263888888888891
2012-05-11,737,192,234023000,1.6436111111111114
2012-05-11,737,193,234023000,1.5904166666666666
2012-05-11,737,196,234023000,1.5679166666666666
2012-05-11,737,197,259365000,1.5540277777777778
2012-05-11,737,193,259365000,1.5499999999999998
2012-05-11,737,195,259365000,1.6277777777777778
2012-05-11,737,186,259365000,3.1930555555555555
2012-05-11,737,196,259365000,3.1180555555555554
2012-05-11,-287,425,224197150,0.80569444444444438
2012-05-11,-31,92,431100750,0.77763888888888888
2012-05-11,-31,91,431100750,1.5975000000000001
2012-05-11,-31,1770,529413000,0.90402777777777776
2012-05-11,-31,1769,529413000,0.29291666666666666
2012-05-11,-31,-1723,441251000,2.3393055555555557
2012-05-11,-31,-1576,440952000,1.3995833333333334
2012-05-11,-31,-1570,440952000,1.7547222222222221
2012-05-11,-31,-1574,440952000,1.7287499999999998
2012-05-11,-31,-1573,440952000,1.6908333333333334
2012-05-11,-31,-1572,440952000,2.0295833333333335
2012-05-11,-31,-1575,440952000,4.1097222222222225
2012-05-11,-31,-1568,440952000,1.8115277777777776
2012-05-11,-31,-1569,440952000,1.8670833333333332
2012-05-11,-31,-1575,440045000,3.2841666666666667
2012-05-11,-31,-1692,441645000,4.6233333333333331
2012-05-11,-31,-1691,441645000,1.3009722222222222
2012-05-11,-31,-1721,440503000,1.89625
2012-05-11,-31,-1719,440503000,0.89569444444444446
2012-05-11,482,1400,273815110,5.370972222222222
2012-05-11,482,1544,273828010,0.6025
2012-05-11,482,1545,273828010,0.2348611111111111
2012-05-11,738,196,258057000,3.18625
2012-05-11,738,199,258057000,1.6244444444444444
2012-05-11,738,203,258057000,1.5694444444444446
2012-05-11,738,202,258057000,1.5523611111111113
2012-05-11,738,201,258057000,4.7209722222222226
2012-05-11,738,198,258057000,1.56
2012-05-11,738,200,258057000,7.9115277777777768
2012-05-11,738,177,258067000,4.0154166666666669
2012-05-11,738,178,258067000,1.5333333333333332
2012-05-11,738,195,258067000,3.1888888888888891
2012-05-11,738,192,258067000,4.7583333333333329
2012-05-11,738,199,273213500,1.6326388888888888
2012-05-11,738,198,273213500,3.1916666666666664
2012-05-11,738,195,273213500,1.5595833333333333
2012-05-11,738,193,259485000,5.5373611111111112
2012-05-11,738,178,259666000,4.7194444444444441
2012-05-11,738,202,259365000,1.526388888888889
2012-05-11,738,199,259365000,2.3961111111111109
2012-05-11,738,200,259365000,2.3763888888888887
2012-05-11,738,196,259365000,3.1930555555555555
2012-05-11,738,198,259365000,3.1208333333333336
2012-05-11,738,167,273840320,4.0013888888888891
2012-05-11,738,196,259158000,3.1984722222222222
2012-05-11,-542,-636,701068000,1.5434722222222221
2012-05-11,-30,-1559,440298000,3.351805555555555
2012-05-11,-30,1746,440808000,2.89375
2012-05-11,-30,1745,440808000,5.0631944444444441
2012-05-11,-30,1747,440808000,0.89652777777777781
2012-05-11,-30,90,431100750,4.6827777777777779
2012-05-11,-30,91,431100750,0.24041666666666667
2012-05-11,-30,-1544,440654000,0.94166666666666665
2012-05-11,-30,-1545,440654000,3.2155555555555555
2012-05-11,-30,-1575,440045000,2.23125
2012-05-11,-30,-1691,441645000,1.4316666666666666
2012-05-11,483,1400,273815110,5.534305555555556
2012-05-11,483,1543,273828010,0.7697222222222222
2012-05-11,483,1403,273828800,5.3843055555555557
2012-05-11,483,1402,273828800,1.1926388888888888
2012-05-11,739,170,273312270,4.791666666666667
2012-05-11,739,169,273354820,1.5929166666666665
2012-05-11,739,161,273840320,3.9819444444444443
2012-05-11,739,170,259691000,1.5890277777777779
2012-05-11,739,171,259691000,1.5277777777777777
2012-05-11,739,169,259691000,4.7543055555555558
2012-05-11,-541,-637,701068000,1.0113888888888889
2012-05-11,-541,-638,701068000,1.8722222222222222
2012-05-11,-541,-639,701068000,0.55791666666666673
2012-05-11,-29,-1559,440298000,2.1936111111111112
2012-05-11,-29,-1558,440298000,5.434444444444444
2012-05-11,-29,1748,440808000,7.4595833333333337
2012-05-11,-29,1746,440808000,2.0818055555555555
2012-05-11,-29,1747,440808000,5.2884722222222225
2012-05-11,-29,-1740,440765000,0.92180555555555554
2012-05-11,-29,-1741,440765000,1.5402777777777779
2012-05-11,-29,-1739,440765000,0.87208333333333332
2012-05-11,-29,-1742,440765000,2.6091666666666669
2012-05-11,-29,-1545,440654000,2.2793055555555553
2012-05-11,-29,-1544,440654000,0.73763888888888884
2012-05-11,-29,-1575,440045000,0.90736111111111106
2012-05-11,-29,-1690,441645000,1.6425000000000003
2012-05-11,-29,-1689,441645000,0.8775
2012-05-11,484,1542,273828010,3.9336111111111114
2012-05-11,484,1541,273828010,9.7856944444444451
2012-05-11,740,169,273312270,7.1323611111111109
2012-05-11,740,168,273312270,3.095
2012-05-11,740,169,273552400,3.1834722222222225
2012-05-11,740,169,273550400,1.5499999999999998
2012-05-11,740,168,273354820,2.3365277777777775
2012-05-11,740,349,259707000,1.5668055555555553
2012-05-11,740,347,259707000,3.1836111111111114
2012-05-11,740,170,273297800,0.7680555555555556
2012-05-11,740,169,273523100,2.3718055555555555
2012-05-11,740,171,273523100,3.1855555555555553
2012-05-11,740,168,273523100,0.81611111111111112
2012-05-11,740,169,273840320,3.9568055555555555
2012-05-11,740,169,273430750,0.80569444444444438
2012-05-11,740,168,273430750,3.1901388888888889
2012-05-11,740,167,259691000,1.5483333333333333
2012-05-11,740,168,259691000,3.1541666666666668
2012-05-11,740,169,259691000,3.13625
2012-05-11,-540,-638,701000629,3.875
2012-05-11,-28,-1558,440298000,3.8152777777777778
2012-05-11,-28,-1557,440298000,0.85708333333333331
2012-05-11,-28,-1740,440765000,1.21625
2012-05-11,-28,-1742,440765000,2.7416666666666667
2012-05-11,-28,-1738,440765000,0.85638888888888887
2012-05-11,-28,-1737,440765000,1.7029166666666666
2012-05-11,-28,-1741,440765000,0.17833333333333334
2012-05-11,-28,-1739,440765000,1.8331944444444446
2012-05-11,-28,-1548,440654000,0.90833333333333333
2012-05-11,-28,-1547,440654000,0.62222222222222223
2012-05-11,-28,-1544,440654000,0.87208333333333332
2012-05-11,-28,-1545,440654000,2.5569444444444445
2012-05-11,-28,-1546,440654000,0.56652777777777785
2012-05-11,-28,-1574,440045000,2.5112499999999995
2012-05-11,-28,-1689,441645000,1.1530555555555555
2012-05-11,741,168,273312270,3.1772222222222224
2012-05-11,741,168,273552400,1.6
2012-05-11,741,164,273552400,1.6363888888888889
2012-05-11,741,169,273552400,3.1848611111111111
2012-05-11,741,167,273817400,3.1555555555555554
2012-05-11,741,168,273550400,3.1372222222222224
2012-05-11,741,167,273550400,1.5904166666666666
2012-05-11,741,347,259707000,1.5997222222222223
2012-05-11,741,169,273523100,4.7801388888888887
2012-05-11,741,168,273523100,6.2458333333333336
2012-05-11,741,168,273840320,3.1136111111111107
2012-05-11,741,167,273840320,2.348611111111111
2012-05-11,741,168,273421520,1.5504166666666666
2012-05-11,741,171,273421520,7.05
2012-05-11,741,167,273421520,10.274722222222222
2012-05-11,741,169,273430750,4.0018055555555554
2012-05-11,741,167,273430750,1.5790277777777777
2012-05-11,741,170,259691000,4.7901388888888885
2012-05-11,-539,-642,701024000,4.5929166666666665
2012-05-11,-539,-640,701000823,0.76944444444444438
2012-05-11,-539,-639,701000823,0.799861111111111
2012-05-11,-539,-640,701000629,2.3820833333333331
2012-05-11,-539,-639,701000629,0.97944444444444434
2012-05-11,-27,-1557,440298000,5.08625
2012-05-11,-27,-1742,440765000,1.7916666666666665
2012-05-11,-27,-1454,441038000,1.9577777777777778
2012-05-11,-27,-1453,441038000,3.1320833333333331
2012-05-11,-27,-1545,440654000,1.6969444444444446
2012-05-11,-27,-1573,440045000,1.3897222222222221
2012-05-11,-27,-1689,441645000,1.8123611111111111
2012-05-11,742,167,273312270,2.3333333333333335
2012-05-11,742,163,273552400,1.5206944444444446
2012-05-11,742,167,273552400,1.5750000000000002
2012-05-11,742,201,257258000,0.80222222222222228
2012-05-11,742,200,257258000,0.82277777777777783
2012-05-11,742,167,273817400,3.1820833333333334
2012-05-11,742,165,273817400,2.43375
2012-05-11,742,166,273817400,0.83319444444444446
2012-05-11,742,228,258376000,1.57375
2012-05-11,742,167,273354820,11.79125
2012-05-11,742,168,273316960,3.1558333333333333
2012-05-11,742,167,273316960,3.935972222222222
2012-05-11,742,165,273316960,1.6041666666666665
2012-05-11,742,166,273316960,1.5086111111111111
2012-05-11,742,166,273811080,3.1580555555555554
2012-05-11,742,165,273811080,3.973611111111111
2012-05-11,742,167,273811080,6.3695833333333338
2012-05-11,742,166,273297800,0.79819444444444443
2012-05-11,742,167,273297800,0.76944444444444449
2012-05-11,742,166,273523100,1.5547222222222223
2012-05-11,742,167,273293500,3.0815277777777781
2012-05-11,742,167,273840320,1.5329166666666667
2012-05-11,742,167,273421520,4.7501388888888894
2012-05-11,742,168,273430750,3.13375
2012-05-11,742,169,259691000,3.1844444444444444
2012-05-11,-538,-641,701024000,9.9543055555555569
2012-05-11,-538,-362,665111119,6.4666666666666668
2012-05-11,-538,-639,701000823,6.049027777777777
2012-05-11,-538,-640,701000823,1.8
2012-05-11,-538,-640,701000629,1.0962499999999997
2012-05-11,-538,-639,701000629,2.402916666666667
2012-05-11,-538,-641,701000629,0.51347222222222222
2012-05-11,-26,-1556,440298000,1.5856944444444445
2012-05-11,-26,-1557,440298000,0.58611111111111114
2012-05-11,-26,-1342,431869000,0.41263888888888889
2012-05-11,-26,1729,441650000,0.8975
2012-05-11,-26,-1723,440604000,2.5152777777777775
2012-05-11,-26,-1722,440604000,6.4194444444444443
2012-05-11,-26,-1725,440604000,3.3402777777777777
2012-05-11,-26,-1726,440741000,1.1143055555555557
2012-05-11,-26,-1458,441038000,1.7840277777777778
2012-05-11,-26,-1460,441038000,2.1679166666666667
2012-05-11,-26,-1454,441038000,0.84763888888888883
2012-05-11,-26,-1456,441038000,3.6469444444444443
2012-05-11,-26,-1459,441038000,0.97263888888888894
2012-05-11,-26,-1461,441038000,3.2808333333333337
2012-05-11,-26,-1457,441038000,1.8670833333333332
2012-05-11,-26,-1455,441038000,2.2873611111111112
2012-05-11,-26,-1548,440654000,1.8584722222222219
2012-05-11,-26,-1547,440654000,1.753611111111111
2012-05-11,-26,-1549,440654000,1.9044444444444446
2012-05-11,-26,-1546,440654000,1.8555555555555556
2012-05-11,-26,-1545,440654000,2.0268055555555557
2012-05-11,-26,-1573,440045000,1.7856944444444445
2012-05-11,-26,-1689,441645000,1.7473611111111111
2012-05-11,743,166,273552400,1.5555555555555556
2012-05-11,743,163,273552400,1.5598611111111111
2012-05-11,743,164,273552400,3.1043055555555554
2012-05-11,743,222,224905000,3.11125
2012-05-11,743,164,273817400,1.5123611111111113
2012-05-11,743,165,273817400,7.7677777777777779
2012-05-11,743,166,273817400,4.737222222222222
2012-05-11,743,200,257543500,1.5818055555555555
2012-05-11,743,222,224871000,1.5805555555555555
2012-05-11,743,165,273316960,2.3537500000000002
2012-05-11,743,164,273316960,0.79569444444444448
2012-05-11,743,167,273316960,4.7490277777777781
2012-05-11,743,166,273316960,2.3738888888888887
2012-05-11,743,222,225318000,1.5444444444444443
2012-05-11,743,164,273811080,1.5416666666666667
2012-05-11,743,166,273811080,2.3544444444444443
2012-05-11,743,165,273811080,4.6695833333333336
2012-05-11,743,165,273523100,1.5593055555555555
2012-05-11,743,193,259438000,2.362222222222222
2012-05-11,743,198,259438000,1.5720833333333335
2012-05-11,743,167,273293500,1.6554166666666665
2012-05-11,743,172,273293500,3.1916666666666669
2012-05-11,743,166,273293500,3.0593055555555555
2012-05-11,743,169,273293500,1.5944444444444446
2012-05-11,743,174,273293500,1.5694444444444444
2012-05-11,743,165,273293500,1.5647222222222221
2012-05-11,743,165,273840320,1.5652777777777778
2012-05-11,-537,-361,665111119,7.4937500000000012
2012-05-11,-537,-360,665111119,0.23194444444444445
2012-05-11,-537,-384,725004140,0.25041666666666668
2012-05-11,-537,-385,725004140,0.86819444444444449
2012-05-11,-537,-640,701000823,5.6722222222222225
2012-05-11,-537,-640,701000629,1.5545833333333334
2012-05-11,-25,-1726,440927000,1.8916666666666668
2012-05-11,-25,-1727,440927000,1.96625
2012-05-11,-25,-1343,431869000,0.48875
2012-05-11,-25,-1342,431869000,0.37097222222222226
2012-05-11,-25,-1726,440741000,2.6333333333333337
2012-05-11,-25,-1571,440045000,1.732361111111111
2012-05-11,-25,-1570,440045000,1.9818055555555554
2012-05-11,-25,-1685,441645000,0.9852777777777777
2012-05-11,-25,-1689,441645000,1.7204166666666665
2012-05-11,-25,-1684,441645000,1.1625
2012-05-11,-25,-1681,441645000,0.93930555555555562
2012-05-11,-25,-1682,441645000,0.68055555555555558
2012-05-11,488,1552,273341320,1.5694444444444446
2012-05-11,488,1551,273341320,11.664305555555556
2012-05-11,488,-109,225378000,11.547222222222222
2012-05-11,744,163,273552400,3.1218055555555555
2012-05-11,744,165,273552400,1.5930555555555554
2012-05-11,744,192,257258000,2.3305555555555557
2012-05-11,744,222,224905000,3.1458333333333335
2012-05-11,744,220,224905000,1.5526388888888889
2012-05-11,744,221,224905000,4.7445833333333329
2012-05-11,744,223,224871000,1.5997222222222223
2012-05-11,744,230,224871000,1.5209722222222222
2012-05-11,744,221,224871000,3.108194444444444
2012-05-11,744,226,224871000,4.7266666666666666
2012-05-11,744,228,224871000,1.6079166666666667
2012-05-11,744,165,273316960,3.129027777777778
2012-05-11,744,223,225318000,3.2001388888888891
2012-05-11,744,222,225318000,7.084305555555555
2012-05-11,744,221,225318000,6.2529166666666667
2012-05-11,744,163,273811080,1.5816666666666666
2012-05-11,744,163,273297800,3.1248611111111115
2012-05-11,744,164,273523100,1.5505555555555555
2012-05-11,744,170,273293500,4.7351388888888888
2012-05-11,744,166,273293500,1.5870833333333334
2012-05-11,744,172,273293500,1.5656944444444445
2012-05-11,744,164,273840320,1.587361111111111
2012-05-11,744,300,273211900,0.78055555555555556
2012-05-11,744,304,273211900,0.78611111111111109
2012-05-11,744,302,273211900,1.5555555555555556
2012-05-11,-536,-639,701000629,5.1316666666666668
2012-05-11,-536,-745,725000896,5.6669444444444439
2012-05-11,-280,28,224438000,2.87375
2012-05-11,-280,29,224438000,1.6204166666666668
2012-05-11,-280,24,224438000,2.7697222222222222
2012-05-11,-24,-1727,441536000,3.7086111111111109
2012-05-11,-24,-1727,440927000,1.7134722222222223
2012-05-11,-24,1729,441650000,0.94694444444444437
2012-05-11,-24,-1725,440604000,9.5155555555555562
2012-05-11,-24,1729,440731000,0.35097222222222224
2012-05-11,-24,-1726,440741000,1.6733333333333333
2012-05-11,-24,-1457,441038000,1.8429166666666665
2012-05-11,-24,-1569,440045000,1.7741666666666667
2012-05-11,-24,-1689,441645000,1.9643055555555555
2012-05-11,-24,-1688,441645000,1.808472222222222
2012-05-11,489,-1268,316005998,11.977916666666667
2012-05-11,489,-1267,316005998,3.1106944444444444
2012-05-11,489,-1267,316002160,17.259583333333332
2012-05-11,489,-1268,316002160,1.9245833333333333
2012-05-11,489,1550,273341320,0.76402777777777775
2012-05-11,489,1551,273341320,10.099027777777778
2012-05-11,489,-107,225378000,6.515138888888889
2012-05-11,489,-1267,316012260,0.8058333333333334
2012-05-11,745,221,224905000,4.7270833333333329
2012-05-11,745,223,224905000,1.5658333333333334
2012-05-11,745,221,224871000,3.0934722222222222
2012-05-11,745,223,225318000,2.3945833333333333
2012-05-11,745,222,225318000,3.16
2012-05-11,745,164,273523100,1.5830555555555557
2012-05-11,-535,-639,701000629,0.78055555555555556
2012-05-11,-279,27,224438000,0.95277777777777783
2012-05-11,-279,24,224438000,3.9931944444444443
2012-05-11,-279,26,224438000,0.78611111111111109
2012-05-11,-279,23,224438000,1.2447222222222223
2012-05-11,-23,-1726,441536000,2.7098611111111111
2012-05-11,-23,-1729,440927000,1.8055555555555554
2012-05-11,-23,-1728,440927000,1.27875
2012-05-11,-23,-1727,440927000,1.7345833333333334
2012-05-11,-23,-1730,440927000,1.5152777777777779
2012-05-11,-23,-1724,440927000,1.1495833333333334
2012-05-11,-23,-1343,431869000,0.81125
2012-05-11,-23,-1725,440604000,3.4884722222222222
2012-05-11,-23,-1726,440741000,2.8025
2012-05-11,-23,-1568,440045000,1.3147222222222221
2012-05-11,-23,-1569,440045000,0.87472222222222229
2012-05-11,490,-1269,316005998,1.5511111111111111
2012-05-11,490,-1266,316002160,4.9659722222222227
2012-05-11,490,-1268,316012260,6.0306944444444444
2012-05-11,490,-1269,316012260,1.1972222222222222
2012-05-11,490,-1270,316012260,7.2513888888888891
2012-05-11,746,176,257258000,2.3655555555555559
2012-05-11,746,184,257258000,0.7894444444444445
2012-05-11,746,220,224871000,1.5541666666666667
2012-05-11,746,222,224871000,3.2016666666666667
2012-05-11,746,221,224871000,1.6486111111111112
2012-05-11,746,189,259438000,0.78194444444444444
2012-05-11,746,172,273212600,1.5611111111111111
2012-05-11,746,173,273212600,1.5430555555555556
2012-05-11,746,170,273212600,1.5556944444444445
2012-05-11,746,171,273212600,1.6052777777777778
2012-05-11,-534,-638,701000823,5.1426388888888894
2012-05-11,-534,-638,701000629,4.3841666666666672
2012-05-11,-22,-1729,441536000,7.2944444444444443
2012-05-11,-22,-1728,441536000,2.7498611111111111
2012-05-11,-22,-1726,441536000,3.6733333333333333
2012-05-11,-22,-1742,440778000,1.3823611111111109
2012-05-11,-22,-1732,440927000,0.47680555555555559
2012-05-11,-22,-1730,440927000,2.7309722222222224
2012-05-11,-22,-1731,440927000,1.4118055555555555
2012-05-11,-22,-1723,440927000,0.29194444444444445
2012-05-11,-22,-1343,431869000,0.86388888888888893
2012-05-11,-22,-1344,431869000,1.8433333333333333
2012-05-11,-22,-1726,440741000,1.2209722222222221
2012-05-11,-22,-1560,440792000,0.99041666666666672
2012-05-11,-22,-1559,440792000,2.1497222222222225
2012-05-11,-22,-1568,440045000,1.5563888888888888
2012-05-11,-22,-1570,440045000,0.84111111111111114
2012-05-11,491,1411,273892700,5.6208333333333336
2012-05-11,491,1556,273821310,6.7831944444444439
2012-05-11,747,184,257258000,1.6077777777777778
2012-05-11,747,181,257258000,2.4027777777777777
2012-05-11,747,185,259438000,3.1902777777777778
2012-05-11,747,178,259438000,3.1861111111111109
2012-05-11,747,188,259438000,0.83638888888888885
2012-05-11,747,173,273212600,3.18875
2012-05-11,747,170,273212600,4.7044444444444444
2012-05-11,747,168,273212600,1.5208333333333335
2012-05-11,747,171,273212600,3.2109722222222223
2012-05-11,747,172,273212600,3.16125
2012-05-11,747,177,273212600,1.5777777777777779
2012-05-11,-277,23,224438000,1.0140277777777778
2012-05-11,-277,22,224438000,0.97208333333333341
2012-05-11,-21,-1565,440992000,0.607638888888889
2012-05-11,-21,-1564,440992000,0.85777777777777775
2012-05-11,-21,-1566,440992000,0.92194444444444446
2012-05-11,-21,-1563,440992000,1.2415277777777778
2012-05-11,-21,-1730,441536000,4.5708333333333337
2012-05-11,-21,-1743,440778000,1.9488888888888889
2012-05-11,-21,-1741,440778000,0.90166666666666673
2012-05-11,-21,-1744,440778000,0.69041666666666668
2012-05-11,-21,-1747,440778000,0.78722222222222227
2012-05-11,-21,-1749,440778000,2.3793055555555553
2012-05-11,-21,-1748,440778000,1.6398611111111112
2012-05-11,-21,-1742,440778000,1.6308333333333334
2012-05-11,-21,-1732,440927000,3.6369444444444445
2012-05-11,-21,-1531,440617000,1.8427777777777778
2012-05-11,-21,-1532,440617000,0.92486111111111113
2012-05-11,-21,-1721,440669000,1.3970833333333332
2012-05-11,-21,-1722,440669000,0.92472222222222222
2012-05-11,-21,-1724,440669000,1.8252777777777778
2012-05-11,-21,-1344,431869000,1.5805555555555557
2012-05-11,-21,-1728,440741000,2.1616666666666666
2012-05-11,-21,-1727,440741000,1.5456944444444445
2012-05-11,-21,-1725,440741000,0.80569444444444449
2012-05-11,-21,-1726,440741000,3.9065277777777778
2012-05-11,-21,-1730,440741000,3.2634722222222226
2012-05-11,-21,-1729,440741000,2.6915277777777775
2012-05-11,-21,-1536,440504000,2.0298611111111109
2012-05-11,-21,-1538,440504000,1.7650000000000001
2012-05-11,-21,-1533,440504000,3.8480555555555553
2012-05-11,-21,-1537,440504000,0.91208333333333336
2012-05-11,-21,-1534,440504000,1.8104166666666668
2012-05-11,-21,-1535,440504000,3.3236111111111111
2012-05-11,-21,-1540,440504000,1.903888888888889
2012-05-11,-21,-1560,440792000,0.56375
2012-05-11,-21,-1561,440792000,0.8225
2012-05-11,-21,-1562,440792000,0.87347222222222232
2012-05-11,-21,-1564,440792000,1.6723611111111112
2012-05-11,-21,-1559,440792000,0.29500000000000004
2012-05-11,-21,-1569,440045000,0.87861111111111112
2012-05-11,492,-521,316010000,4.6352777777777785
2012-05-11,492,-520,316010000,9.6218055555555555
2012-05-11,492,-519,316010000,9.1009722222222216
2012-05-11,492,1410,273892700,12.330833333333334
2012-05-11,492,-1271,316005998,3.07
2012-05-11,492,-1272,316005998,6.7834722222222226
2012-05-11,492,1556,273821310,4.5915277777777774
2012-05-11,492,1415,273812100,5.6430555555555557
2012-05-11,748,431,231107000,3.854166666666667
2012-05-11,748,430,231107000,1.5598611111111111
2012-05-11,-276,24,224438000,3.0851388888888889
2012-05-11,-276,25,224438000,1.8537499999999998
2012-05-11,-20,-1561,440992000,1.9041666666666668
2012-05-11,-20,-1566,440992000,0.17347222222222222
2012-05-11,-20,-1568,440992000,1.6055555555555556
2012-05-11,-20,-1747,440778000,0.92986111111111114
2012-05-11,-20,-1745,440778000,2.6456944444444446
2012-05-11,-20,-1744,440778000,1.9040277777777779
2012-05-11,-20,-1746,440778000,2.0948611111111113
2012-05-11,-20,-1570,440788000,3.3584722222222223
2012-05-11,-20,-1561,440788000,0.95236111111111121
2012-05-11,-20,-1564,440788000,2.0259722222222223
2012-05-11,-20,-1562,440788000,1.6834722222222223
2012-05-11,-20,-1569,440788000,0.87652777777777779
2012-05-11,-20,-1566,440788000,1.7516666666666667
2012-05-11,-20,-1559,440788000,1.8523611111111111
2012-05-11,-20,-1568,440788000,1.3006944444444444
2012-05-11,-20,-1560,440788000,0.99194444444444452
2012-05-11,-20,-1563,440788000,1.8651388888888889
2012-05-11,-20,-1567,440788000,1.7368055555555555
2012-05-11,-20,-1538,440617000,1.6844444444444444
2012-05-11,-20,-1539,440617000,0.92638888888888893
2012-05-11,-20,-1534,440617000,0.75722222222222213
2012-05-11,-20,-1533,440617000,1.7229166666666667
2012-05-11,-20,-1537,440617000,1.7690277777777776
2012-05-11,-20,-1532,440617000,2.7490277777777776
2012-05-11,-20,-1536,440617000,1.1208333333333336
2012-05-11,-20,-1535,440617000,1.9162499999999998
2012-05-11,-20,-1722,440669000,3.3534722222222224
2012-05-11,-20,-1723,440669000,4.7741666666666669
2012-05-11,-20,-1724,440669000,1.7023611111111112
2012-05-11,-20,-1721,440669000,0.97555555555555562
2012-05-11,-20,-1727,440669000,1.1476388888888889
2012-05-11,-20,-1726,440669000,0.9752777777777778
2012-05-11,-20,-1725,440669000,3.4997222222222222
2012-05-11,-20,-1720,440669000,3.2998611111111105
2012-05-11,-20,-1566,441680000,1.9137499999999998
2012-05-11,-20,-1567,441680000,3.483888888888889
2012-05-11,-20,-1562,441680000,2.4486111111111111
2012-05-11,-20,-1565,441680000,2.6541666666666668
2012-05-11,-20,-1568,441680000,1.7295833333333333
2012-05-11,-20,-1564,441680000,2.5204166666666667
2012-05-11,-20,-1561,441680000,0.97486111111111118
2012-05-11,-20,-1563,441680000,2.4923611111111112
2012-05-11,-20,-1569,441680000,1.3565277777777778
2012-05-11,-20,-1570,441680000,1.40125
2012-05-11,-20,-1747,440900000,1.6400000000000001
2012-05-11,-20,-1746,440900000,2.035
2012-05-11,-20,-1748,440900000,1.7805555555555554
2012-05-11,-20,-1725,440846000,2.7580555555555555
2012-05-11,-20,-1539,440504000,1.84625
2012-05-11,-20,-1541,440504000,0.92138888888888892
2012-05-11,-20,-1537,440504000,0.92902777777777779
2012-05-11,-20,1718,538060015,0.93888888888888888
2012-05-11,-20,-1746,440246000,1.8833333333333333
2012-05-11,-20,-1747,440246000,1.7526388888888889
2012-05-11,-20,-1748,440246000,4.015138888888889
2012-05-11,493,1410,273892700,10.865694444444443
2012-05-11,493,1558,273821310,1.5665277777777775
2012-05-11,493,1415,273812100,0.77513888888888882
2012-05-11,749,431,231107000,5.5680555555555555
2012-05-11,-275,25,224438000,2.1438888888888887
2012-05-11,-275,24,224438000,1.5916666666666668
2012-05-11,-19,-1565,440992000,2.12375
2012-05-11,-19,-1564,440992000,1.7723611111111111
2012-05-11,-19,-1568,440992000,0.90569444444444436
2012-05-11,-19,-1570,440992000,3.3273611111111112
2012-05-11,-19,-1563,440992000,1.7536111111111112
2012-05-11,-19,-1569,440992000,2.1959722222222222
2012-05-11,-19,-1566,440992000,1.6856944444444444
2012-05-11,-19,-1567,440992000,0.82930555555555552
2012-05-11,-19,-1562,440992000,1.8450000000000002
2012-05-11,-19,-1571,441062000,2.5041666666666664
2012-05-11,-19,-1570,441680000,2.7612500000000004
2012-05-11,-19,-1557,440773000,0.91263888888888889
2012-05-11,-19,-1554,440773000,2.8234722222222222
2012-05-11,-19,-1556,440773000,2.2
2012-05-11,-19,-1555,440773000,2.5805555555555557
2012-05-11,-19,-1553,440773000,1.8655555555555554
2012-05-11,-19,-1550,440773000,2.490277777777778
2012-05-11,-19,-1552,440773000,2.5590277777777777
2012-05-11,-19,-1749,440900000,2.12
2012-05-11,-19,-1748,440900000,1.1581944444444445
2012-05-11,-19,-1746,440900000,0.89861111111111114
2012-05-11,-19,-1745,440900000,0.98055555555555562
2012-05-11,-19,-1747,440281000,2.0463888888888886
2012-05-11,-19,-1748,440281000,1.6680555555555556
2012-05-11,-19,-1746,440281000,3.5279166666666666
2012-05-11,-19,-1722,440846000,2.0391666666666666
2012-05-11,-19,-1719,440846000,3.4588888888888887
2012-05-11,-19,-1541,440504000,1.1730555555555555
2012-05-11,-19,-1569,440792000,2.4275
2012-05-11,-19,-1563,440792000,0.92347222222222214
2012-05-11,-19,-1565,440792000,1.6873611111111111
2012-05-11,-19,-1560,440792000,1.8612499999999998
2012-05-11,-19,-1566,440792000,1.7331944444444445
2012-05-11,-19,-1568,440792000,1.7418055555555556
2012-05-11,-19,-1561,440792000,1.7495833333333333
2012-05-11,-19,-1567,440792000,1.3431944444444444
2012-05-11,-19,-1564,440792000,1.1183333333333334
2012-05-11,-19,-1562,440792000,1.8497222222222223
2012-05-11,-19,-1753,440246000,2.2430555555555554
2012-05-11,-19,-1749,440246000,2.973611111111111
2012-05-11,-19,-1750,440246000,0.93486111111111114
2012-05-11,-19,-1754,440246000,3.7162499999999996
2012-05-11,238,-161,242974000,3.3776388888888889
2012-05-11,494,1560,273821310,0.58305555555555555
2012-05-11,494,1561,273821310,0.21680555555555556
2012-05-11,494,1415,273812100,0.7763888888888888
2012-05-11,750,431,231107000,0.81680555555555556
2012-05-11,-18,-1557,440788000,1.2445833333333334
2012-05-11,-18,-1554,440788000,0.83444444444444443
2012-05-11,-18,-1556,440788000,0.8731944444444445
2012-05-11,-18,-1566,441062000,1.6788888888888889
2012-05-11,-18,-1560,441062000,1.903888888888889
2012-05-11,-18,-1568,441062000,1.75
2012-05-11,-18,-1562,441062000,1.6991666666666667
2012-05-11,-18,-1561,441062000,1.891111111111111
2012-05-11,-18,-1570,441062000,1.69125
2012-05-11,-18,-1564,441062000,1.7756944444444445
2012-05-11,-18,-1569,441062000,1.3234722222222222
2012-05-11,-18,-1565,441062000,2.125
2012-05-11,-18,-1565,440656000,1.6876388888888889
2012-05-11,-18,-1558,440656000,1.7390277777777778
2012-05-11,-18,-1569,440656000,2.4923611111111112
2012-05-11,-18,-1568,440656000,1.6855555555555555
2012-05-11,-18,-1562,440656000,2.7156944444444444
2012-05-11,-18,-1561,440656000,3.0411111111111113
2012-05-11,-18,-1564,440656000,3.7356944444444444
2012-05-11,-18,-1567,440656000,1.3430555555555554
2012-05-11,-18,-1566,440656000,1.7361111111111109
2012-05-11,-18,-1560,440656000,1.9658333333333335
2012-05-11,-18,-1749,440900000,1.8702777777777779
2012-05-11,-18,-1752,440900000,1.7330555555555556
2012-05-11,-18,-1750,440900000,2.3513888888888888
2012-05-11,-18,-1751,440900000,1.4368055555555554
2012-05-11,-18,-1753,440900000,4.1636111111111118
2012-05-11,-18,-1752,440281000,5.1176388888888891
2012-05-11,-18,-1748,440281000,2.0805555555555557
2012-05-11,-18,-1749,440281000,2.8022222222222224
2012-05-11,-18,-1750,440281000,2.6984722222222222
2012-05-11,-18,-1751,440281000,1.4426388888888888
2012-05-11,-18,-1753,440281000,0.84236111111111112
2012-05-11,-18,-1728,440846000,2.7716666666666665
2012-05-11,-18,-1556,440280000,1.9395833333333334
2012-05-11,-18,-1571,440236000,5.5206944444444455
2012-05-11,-18,-1750,440246000,0.77666666666666673
2012-05-11,-18,-1752,440246000,2.327638888888889
2012-05-11,-18,-1749,440246000,0.87305555555555547
2012-05-11,-18,-1751,440246000,2.3755555555555556
2012-05-11,239,-161,242974000,3.6233333333333331
2012-05-11,239,-161,265485000,3.3944444444444444
2012-05-11,239,-162,265485000,3.3036111111111111
2012-05-11,495,-113,224117000,9.1354166666666679
2012-05-11,495,1563,273821310,1.5638888888888889
2012-05-11,495,1561,273821310,3.9254166666666666
2012-05-11,495,1562,273821310,4.87625
2012-05-11,495,1415,273812100,4.0270833333333336
2012-05-11,751,387,231835000,0.78916666666666668
2012-05-11,751,391,231835000,0.77625
2012-05-11,751,389,231835000,3.1915277777777775
2012-05-11,-17,-1554,440788000,0.87902777777777774
2012-05-11,-17,1731,441650000,0.5230555555555555
2012-05-11,-17,-1556,440986000,1.3258333333333334
2012-05-11,-17,-1751,440900000,1.0081944444444444
2012-05-11,-17,-1750,440900000,0.69416666666666671
2012-05-11,-17,-1751,440281000,0.79347222222222225
2012-05-11,-17,-1750,440281000,0.93486111111111114
2012-05-11,-17,-1730,440846000,1.8138888888888891
2012-05-11,-17,-1731,440846000,1.9788888888888889
2012-05-11,-17,-1732,440846000,1.5955555555555556
2012-05-11,-17,-1735,440846000,4.237222222222222
2012-05-11,-17,-1729,440846000,1.826111111111111
2012-05-11,-17,-1733,440846000,3.6891666666666665
2012-05-11,-17,-1557,440280000,1.826111111111111
2012-05-11,-17,-1556,440280000,1.7552777777777777
2012-05-11,-17,-1542,440504000,0.61236111111111113
2012-05-11,-17,-1555,440802000,1.8277777777777779
2012-05-11,-17,-1563,440236000,1.9083333333333332
2012-05-11,-17,-1564,440236000,1.6772222222222222
2012-05-11,-17,-1561,440236000,1.8236111111111111
2012-05-11,-17,-1567,440236000,2.04625
2012-05-11,-17,-1565,440236000,1.8598611111111112
2012-05-11,-17,-1569,440236000,1.7341666666666669
2012-05-11,-17,-1568,440236000,1.6888888888888889
2012-05-11,-17,-1566,576363000,1.1055555555555556
2012-05-11,-17,-1564,576363000,1.8622222222222224
2012-05-11,-17,-1570,576363000,2.2295833333333333
2012-05-11,-17,-1567,576363000,1.6916666666666664
2012-05-11,-17,-1565,576363000,0.92055555555555557
2012-05-11,-17,-1568,576363000,1.7345833333333334
2012-05-11,-17,-1563,576363000,1.7827777777777778
2012-05-11,-17,-1562,576363000,1.8238888888888889
2012-05-11,-17,-1560,576363000,1.9051388888888892
2012-05-11,-17,-1571,576363000,3.28625
2012-05-11,240,-162,242974000,1.8544444444444443
2012-05-11,240,-162,265485000,1.2338888888888888
2012-05-11,496,-109,244563000,11.807083333333333
2012-05-11,496,1416,273812100,6.3975
2012-05-11,496,1415,273812100,4.596111111111111
2012-05-11,496,1417,273812100,6.7855555555555558
2012-05-11,752,393,231835000,1.5472222222222223
2012-05-11,752,395,231835000,1.5654166666666667
2012-05-11,752,391,231835000,1.5570833333333334
2012-05-11,-16,-1559,440807000,1.935
2012-05-11,-16,-1565,440656000,1.665
2012-05-11,-16,-1556,440986000,0.8584722222222223
2012-05-11,-16,-1553,440986000,1.8090277777777777
2012-05-11,-16,-1555,440280000,1.8419444444444446
2012-05-11,-16,-1542,440504000,1.1019444444444444
2012-05-11,-16,-1554,440802000,1.8576388888888888
2012-05-11,-16,-1556,440802000,1.3397222222222223
2012-05-11,241,-162,242974000,2.08
2012-05-11,241,-162,265485000,1.8970833333333332
2012-05-11,241,-161,265485000,4.6652777777777779
2012-05-11,497,-111,224117000,8.0844444444444434
2012-05-11,497,-112,224117000,5.7455555555555557
2012-05-11,497,1555,273842400,0.74986111111111109
2012-05-11,497,1557,273842400,11.825416666666667
2012-05-11,497,1554,273842400,5.5976388888888895
2012-05-11,753,394,259659000,0.77916666666666667
2012-05-11,-15,541,416121600,1.8497222222222223
2012-05-11,-15,540,416121600,0.92236111111111119
2012-05-11,-15,542,416121600,1.5083333333333333
2012-05-11,-15,-1554,440788000,1.67625
2012-05-11,-15,-1559,440807000,2.6662500000000002
2012-05-11,-15,-1560,441062000,1.2411111111111111
2012-05-11,-15,-1557,440280000,0.91402777777777777
2012-05-11,-15,-1555,440280000,2.0319444444444446
2012-05-11,-15,-1554,440802000,1.7488888888888887
2012-05-11,-15,-1556,440802000,0.84305555555555556
2012-05-11,-15,-1556,440055000,10.081527777777778
2012-05-11,-15,-1561,440236000,1.3280555555555555
2012-05-11,-15,-1560,576363000,1.2352777777777777
2012-05-11,498,-69,227391000,6.4988888888888887
2012-05-11,498,1416,273568800,1.5347222222222223
2012-05-11,498,-110,244563000,2.4195833333333336
2012-05-11,-526,-642,701045000,5.6309722222222218
2012-05-11,-526,-641,701031000,4.8468055555555551
2012-05-11,-14,540,416121600,0.79180555555555565
2012-05-11,-14,539,416121600,3.8409722222222222
2012-05-11,-14,-1544,440617000,1.098611111111111
2012-05-11,-14,-1547,440617000,0.93916666666666671
2012-05-11,-14,-1546,440617000,0.72875
2012-05-11,-14,-1558,440807000,1.7608333333333333
2012-05-11,-14,-1559,440807000,0.90708333333333335
2012-05-11,-14,-1560,441062000,0.86166666666666669
2012-05-11,-14,-1556,440986000,0.83347222222222217
2012-05-11,-14,-1553,440986000,1.9102777777777775
2012-05-11,-14,-1555,440280000,1.6901388888888889
2012-05-11,-14,-1557,440280000,0.62083333333333335
2012-05-11,-14,-1542,440504000,1.6708333333333334
2012-05-11,-14,-1554,440802000,1.8423611111111109
2012-05-11,-14,-1556,440055000,1.846111111111111
2012-05-11,-14,-1561,440236000,0.8552777777777778
2012-05-11,-14,-1560,576363000,0.85986111111111119
2012-05-11,243,-162,242974000,6.3561111111111108
2012-05-11,243,-161,242926000,2.6984722222222217
2012-05-11,243,-162,265485000,2.7956944444444445
2012-05-11,499,-110,211238930,6.5195833333333333
2012-05-11,499,1415,273568800,16.41513888888889
2012-05-11,499,-110,244563000,1.9990277777777778
2012-05-11,-525,-640,701045000,1.6501388888888888
2012-05-11,-525,-641,701045000,5.6501388888888888
2012-05-11,-525,-639,701045000,1.6276388888888889
2012-05-11,-525,-658,701000517,0.82624999999999993
2012-05-11,-525,-637,701000929,3.9841666666666669
2012-05-11,-13,541,416121600,1.7765277777777779
2012-05-11,-13,539,416121600,1.3236111111111111
2012-05-11,-13,-1558,440807000,1.2550000000000001
2012-05-11,-13,-1553,440986000,3.5531944444444443
2012-05-11,-13,-1556,440986000,0.86527777777777781
2012-05-11,-13,-1557,440280000,0.56513888888888886
2012-05-11,-13,-1556,440802000,1.0154166666666669
2012-05-11,-13,-1554,440802000,1.1655555555555555
2012-05-11,-13,-1556,440055000,1.8797222222222223
2012-05-11,-13,-1562,440236000,0.93138888888888882
2012-05-11,-13,-1560,576363000,0.60736111111111113
2012-05-11,244,-162,242974000,3.9255555555555555
2012-05-11,244,-161,312433000,3.075277777777778
2012-05-11,244,-161,265485000,3.1754166666666666
2012-05-11,500,-111,244563000,0.8025000000000001
2012-05-11,-524,-638,701045000,4.5651388888888889
2012-05-11,-524,-637,701045000,4.5515277777777783
2012-05-11,-524,-757,725002300,6.4674999999999994
2012-05-11,-524,-637,701000929,2.3831944444444444
2012-05-11,-524,-636,701000929,3.2434722222222221
2012-05-11,-12,539,416121600,1.7598611111111111
2012-05-11,-12,541,416121600,1.8722222222222222
2012-05-11,-12,-1559,440807000,2.9365277777777781
2012-05-11,-12,-1558,440807000,4.2504166666666672
2012-05-11,-12,-1560,441062000,0.83
2012-05-11,-12,-1555,440280000,1.7347222222222223
2012-05-11,-12,-1557,440280000,0.82083333333333341
2012-05-11,-12,-1554,440802000,0.86652777777777779
2012-05-11,-12,-1556,440802000,0.7055555555555556
2012-05-11,-12,-1556,440055000,5.3481944444444443
2012-05-11,-12,-1562,440236000,0.73597222222222225
2012-05-11,-12,-1561,440236000,1.6959722222222222
2012-05-11,-12,-1560,576363000,1.0905555555555555
2012-05-11,245,-160,265485000,3.1076388888888893
2012-05-11,757,153,273425330,1.5918055555555557
2012-05-11,-523,-759,725002300,4.2654166666666669
2012-05-11,-523,-757,725002300,0.82652777777777775
2012-05-11,-523,-758,725002300,8.1830555555555566
2012-05-11,-523,-638,701031000,4.3865277777777782
2012-05-11,-523,-638,701000927,5.6584722222222217
2012-05-11,-11,540,416121600,0.94486111111111115
2012-05-11,-11,541,416121600,0.97972222222222227
2012-05-11,-11,-1559,440807000,0.85944444444444446
2012-05-11,-11,-1562,441062000,1.6716666666666666
2012-05-11,-11,-1560,441062000,0.87125
2012-05-11,-11,-1556,440986000,1.6598611111111112
2012-05-11,-11,-1553,440986000,2.0405555555555557
2012-05-11,-11,796,422223000,2.768472222222222
2012-05-11,-11,-1556,440280000,1.7381944444444444
2012-05-11,-11,-1557,440280000,0.89597222222222217
2012-05-11,-11,-1554,440802000,1.6929166666666666
2012-05-11,-11,-1560,576363000,0.74597222222222226
2012-05-11,-11,-1561,576363000,0.92194444444444446
2012-05-11,246,-159,230990000,0.925
2012-05-11,246,-162,242926000,5.4840277777777775
2012-05-11,246,-161,242926000,8.3484722222222221
2012-05-11,246,-160,265485000,0.74680555555555561
2012-05-11,758,392,258576000,1.5597222222222222
2012-05-11,758,394,258576000,1.6251388888888889
2012-05-11,-522,-759,725002300,4.3943055555555555
2012-05-11,-522,-638,701031000,1.5636111111111113
2012-05-11,-522,-637,701000927,0.79027777777777786
2012-05-11,-522,-637,701000929,0.20166666666666666
2012-05-11,-10,-1559,440807000,1.735
2012-05-11,-10,-1554,440986000,1.7247222222222223
2012-05-11,-10,-1553,440986000,1.6601388888888888
2012-05-11,-10,-1557,440986000,4.1868055555555559
2012-05-11,-10,797,422223000,3.0748611111111108
2012-05-11,-10,-1556,440280000,1.3524999999999998
2012-05-11,-10,-1557,440280000,4.0829166666666667
2012-05-11,-10,-1556,440802000,2.09625
2012-05-11,-10,-1555,440802000,1.7348611111111112
2012-05-11,-10,-1557,440802000,4.1816666666666666
2012-05-11,247,-160,242045000,3.6365277777777778
2012-05-11,247,-161,312433000,5.1890277777777776
2012-05-11,247,-160,230990000,1.7180555555555552
2012-05-11,759,391,258576000,1.537638888888889
2012-05-11,-521,-638,701031000,4.0129166666666665
2012-05-11,-521,-637,701000929,0.84680555555555559
2012-05-11,-265,458,660002300,1.8138888888888889
2012-05-11,-265,459,660002300,1.7694444444444444
2012-05-11,-9,-1559,440807000,1.6740277777777779
2012-05-11,-9,-1555,440986000,0.92097222222222219
2012-05-11,-9,-1556,440986000,0.44777777777777777
2012-05-11,-9,799,422223000,1.7881944444444444
2012-05-11,-9,796,422223000,2.9593055555555559
2012-05-11,-9,797,422223000,2.8748611111111115
2012-05-11,-9,-1556,440802000,0.90972222222222221
2012-05-11,-9,7,431873000,2.1865277777777776
2012-05-11,248,-161,312433000,7.7544444444444451
2012-05-11,248,-160,312433000,0.78638888888888892
2012-05-11,248,-161,312506000,7.5529166666666665
2012-05-11,248,-160,312506000,1.2697222222222222
2012-05-11,248,-159,230990000,0.78472222222222221
2012-05-11,248,-160,230990000,3.02
2012-05-11,504,-110,228301600,23.637638888888887
2012-05-11,760,151,273425330,1.5606944444444444
2012-05-11,-264,461,660002300,5.994305555555556
2012-05-11,-8,-1560,440807000,0.82069444444444439
2012-05-11,-8,-1559,440807000,0.56375000000000008
2012-05-11,-8,8,431873000,1.848611111111111
2012-05-11,249,-161,312433000,3.6068055555555549
2012-05-11,249,-160,312433000,1.7519444444444445
2012-05-11,249,-161,312506000,1.3629166666666666
2012-05-11,249,-159,230990000,3.0604166666666668
2012-05-11,249,-160,230990000,2.5583333333333336
2012-05-11,505,-1288,316001025,2.0590277777777777
2012-05-11,505,-111,228301600,7.7358333333333338
2012-05-11,505,1563,273897300,4.865
2012-05-11,505,1565,273897300,1.293611111111111
2012-05-11,505,-1288,316009852,3.8141666666666665
2012-05-11,505,4,245325000,5.8838888888888894
2012-05-11,505,5,245325000,3.4834722222222227
2012-05-11,505,7,245325000,1.5202777777777778
2012-05-11,505,6,245325000,3.9698611111111117
2012-05-11,-263,460,660002300,1.9095833333333334
2012-05-11,-7,-9,227370000,2.1323611111111109
2012-05-11,-7,3,227370000,2.8797222222222221
2012-05-11,-7,-7,227370000,2.0573611111111112
2012-05-11,-7,-12,227370000,1.5572222222222223
2012-05-11,-7,-13,227370000,6.7680555555555557
2012-05-11,-7,-4,227370000,1.8447222222222224
2012-05-11,-7,-1,227370000,1.6997222222222224
2012-05-11,-7,1,227370000,2.7861111111111114
2012-05-11,-7,-1561,440807000,1.5844444444444445
2012-05-11,-7,-1560,440807000,0.88347222222222221
2012-05-11,-7,8,431873000,3.1106944444444444
2012-05-11,-7,5,431873000,3.3884722222222217
2012-05-11,-7,7,431873000,0.91263888888888889
2012-05-11,-7,6,431873000,3.0308333333333333
2012-05-11,250,-160,312433000,1.5597222222222222
2012-05-11,250,-159,312506000,3.0690277777777775
2012-05-11,250,-156,312506000,1.6123611111111111
2012-05-11,506,-1289,316001025,0.74027777777777781
2012-05-11,506,-1290,316001025,3.8201388888888883
2012-05-11,506,-1288,316001025,0.78805555555555551
2012-05-11,506,1575,273877000,9.6809722222222234
2012-05-11,506,1575,273897300,3.955972222222222
2012-05-11,506,1556,273457250,5.6891666666666669
2012-05-11,506,-1291,316009852,1.9994444444444444
2012-05-11,506,-110,228301700,7.2862500000000008
2012-05-11,-518,-637,701031000,5.394166666666667
2012-05-11,-518,708,503556000,5.4070833333333335
2012-05-11,-518,709,503556000,8.7591666666666672
2012-05-11,-518,710,503556000,0.054583333333333345
2012-05-11,-262,462,660002300,1.6872222222222222
2012-05-11,-6,3,227370000,3.5734722222222222
2012-05-11,-6,10,431873000,1.7850000000000001
2012-05-11,-6,8,431873000,3.6568055555555556
2012-05-11,-6,11,431873000,0.747361111111111
2012-05-11,-6,9,431873000,3.7863888888888892
2012-05-11,251,-159,312506000,1.3606944444444444
2012-05-11,251,-158,230990000,6.0119444444444436
2012-05-11,507,1450,273846020,8.2205555555555563
2012-05-11,507,1576,273877000,7.1416666666666675
2012-05-11,507,1575,273877000,5.6790277777777778
2012-05-11,507,1578,273895200,3.9258333333333333
2012-05-11,507,1576,273895200,1.6798611111111112
2012-05-11,507,1577,273895200,0.79819444444444443
2012-05-11,507,1573,273897300,1.7249999999999999
2012-05-11,507,1575,273897300,2.9994444444444444
2012-05-11,507,1574,273897300,3.774861111111111
2012-05-11,507,1557,273457250,5.9747222222222227
2012-05-11,507,1556,273457250,0.8025
2012-05-11,507,1450,273435250,14.932083333333331
2012-05-11,507,-1294,316009852,7.5294444444444446
2012-05-11,507,-1295,316009852,4.6556944444444444
2012-05-11,507,-1293,316009852,1.2698611111111111
2012-05-11,507,-112,228301700,6.4498611111111117
2012-05-11,507,-111,228301700,9.8819444444444446
2012-05-11,507,1575,273339120,5.1731944444444444
2012-05-11,507,3,235001841,0.80944444444444441
2012-05-11,507,4,235001841,6.1147222222222224
2012-05-11,763,147,257530500,1.6251388888888889
2012-05-11,763,157,259375000,1.5652777777777778
2012-05-11,763,150,273425330,1.5958333333333332
2012-05-11,-517,708,503556000,4.9184722222222224
2012-05-11,-517,709,503556000,3.0991666666666666
2012-05-11,-261,464,660002300,0.80277777777777781
2012-05-11,508,1450,273846020,7.7236111111111105
2012-05-11,508,1576,273877000,1.4141666666666666
2012-05-11,508,1577,273895200,10.513749999999998
2012-05-11,508,1576,273895200,0.77222222222222225
2012-05-11,508,1580,273895200,4.8858333333333333
2012-05-11,508,-1297,316005448,2.3281944444444447
2012-05-11,508,-1296,316005448,2.3526388888888889
2012-05-11,508,-1295,316005448,2.3559722222222224
2012-05-11,508,1575,273897300,5.1768055555555561
2012-05-11,508,1575,273847910,0.33152777777777781
2012-05-11,508,1576,273847910,0.74708333333333343
2012-05-11,508,1450,273435250,9.1604166666666664
2012-05-11,508,-1295,316009852,5.6968055555555566
2012-05-11,508,1577,273339120,5.5227777777777778
2012-05-11,508,1576,273339120,6.216388888888889
2012-05-11,508,1575,273339120,0.7863888888888888
2012-05-11,764,148,257530500,3.8918055555555551
2012-05-11,764,145,259375000,4.6358333333333333
2012-05-11,764,150,259375000,0.8043055555555555
2012-05-11,764,151,259375000,0.79027777777777775
2012-05-11,764,152,259375000,1.526388888888889
2012-05-11,764,146,273425330,3.8945833333333333
2012-05-11,764,149,273425330,0.80569444444444438
2012-05-11,764,147,273425330,3.9345833333333333
2012-05-11,764,145,273539800,2.3466666666666667
2012-05-11,764,146,273539800,3.9275
2012-05-11,764,142,273539800,1.6166666666666667
2012-05-11,-260,465,660002300,1.9474999999999998
2012-05-11,-260,466,660002300,3.8355555555555556
2012-05-11,509,1450,273846020,1.7184722222222224
2012-05-11,509,1447,273846020,5.6388888888888893
2012-05-11,509,1580,273895200,1.2375
2012-05-11,765,149,257530500,1.6208333333333331
2012-05-11,765,145,259375000,1.6431944444444444
2012-05-11,765,143,273425330,1.5913888888888887
2012-05-11,765,144,273425330,1.5420833333333333
2012-05-11,765,141,273539800,3.1793055555555556
2012-05-11,765,138,273539800,4.7575
2012-05-11,765,142,273539800,1.578611111111111
2012-05-11,765,139,273539800,1.5277777777777777
2012-05-11,-259,467,660002300,0.972361111111111
2012-05-11,510,1563,273822210,1.5823611111111111
2012-05-11,510,1578,273442270,0.72722222222222221
2012-05-11,510,1576,273339120,4.8500000000000005
2012-05-11,766,152,257530500,3.9749999999999996
2012-05-11,766,151,257530500,3.9375
2012-05-11,766,145,259375000,1.6027777777777779
2012-05-11,766,151,259375000,1.5793055555555555
2012-05-11,766,136,273539800,1.544861111111111
2012-05-11,766,141,273539800,1.59625
2012-05-11,766,135,273539800,1.5293055555555557
2012-05-11,511,1453,273445180,0.77513888888888882
2012-05-11,511,1452,273445180,6.318194444444444
2012-05-11,511,1451,273345710,1.5931944444444444
2012-05-11,511,1452,273345710,10.996666666666666
2012-05-11,511,1578,273442270,1.6370833333333334
2012-05-11,511,1579,273442270,19.540555555555557
2012-05-11,511,1578,273339120,0.776388888888889
2012-05-11,511,1577,273339120,0.78902777777777777
2012-05-11,767,150,257530500,1.5609722222222222
2012-05-11,767,149,257530500,1.6
2012-05-11,767,150,259375000,1.6081944444444445
2012-05-11,767,146,259375000,1.5195833333333333
2012-05-11,767,147,259375000,1.5665277777777777
2012-05-11,767,148,259375000,1.5763888888888888
2012-05-11,767,149,259375000,3.2112499999999997
2012-05-11,-513,-761,725000285,7.2566666666666668
2012-05-11,-1,1765,538060005,1.6388888888888888
2012-05-11,-1,1764,538060005,1.5756944444444445
2012-05-11,-1,1766,538060005,1.7140277777777775
