date,lat_bin,lon_bin,mmsi,fishing_hours
2012-11-06,0,1496,441675000,1.9790277777777778
2012-11-06,0,1495,441675000,2.7731944444444445
2012-11-06,512,-64,250240000,5.9993055555555559
2012-11-06,512,-62,250002435,3.2266666666666666
2012-11-06,512,23,227322630,1.69375
2012-11-06,512,21,227573000,2.4020833333333336
2012-11-06,512,23,227300110,4.9155555555555548
2012-11-06,512,-61,235076636,4.7841666666666667
2012-11-06,512,-92,250451000,10.265138888888888
2012-11-06,512,-65,250000699,1.4002777777777777
2012-11-06,512,-64,250000699,0.24069444444444443
2012-11-06,512,-66,250000699,1.700277777777778
2012-11-06,512,-60,227336000,2.3522222222222227
2012-11-06,512,-66,250000466,0.61402777777777784
2012-11-06,512,-67,250000466,0.74277777777777776
2012-11-06,512,-64,250000466,2.9272222222222219
2012-11-06,512,-69,250000466,0.82
2012-11-06,512,-65,250000466,0.78513888888888883
2012-11-06,512,-63,250000466,3.413472222222222
2012-11-06,512,-63,250001491,3.4255555555555555
2012-11-06,512,-62,250001491,19.975416666666668
2012-11-06,512,17,246054000,2.9019444444444447
2012-11-06,512,18,246054000,0.61652777777777779
2012-11-06,512,21,227318640,3.9605555555555552
2012-11-06,512,22,227318640,2.294861111111111
2012-11-06,512,-61,250126460,23.758194444444445
2012-11-06,512,28,205296000,2.9277777777777776
2012-11-06,512,27,205296000,1.2491666666666665
2012-11-06,512,1790,368526000,10.677777777777777
2012-11-06,512,-63,228228800,4.4344444444444449
2012-11-06,512,-66,250001093,9.9130555555555553
2012-11-06,512,-62,250001093,5.7804166666666665
2012-11-06,512,-1291,316014803,1.7856944444444445
2012-11-06,512,-1292,316014803,1.4502777777777776
2012-11-06,512,22,228131800,3.2002777777777784
2012-11-06,512,1580,273842400,2.3490277777777777
2012-11-06,512,23,227323360,3.2901388888888889
2012-11-06,512,-63,250001121,9.82777777777778
2012-11-06,512,-93,250000868,2.5420833333333333
2012-11-06,512,-61,250000626,5.8651388888888887
2012-11-06,512,1453,273357560,6.3840277777777779
2012-11-06,512,23,227320060,6.1868055555555568
2012-11-06,768,135,273550600,1.5618055555555554
2012-11-06,768,139,273550600,1.557638888888889
2012-11-06,768,136,273550600,2.3963888888888887
2012-11-06,768,287,273817400,1.5777777777777779
2012-11-06,768,288,273817400,3.1968055555555557
2012-11-06,768,137,273550400,3.9388888888888887
2012-11-06,768,136,273550400,2.3819444444444446
2012-11-06,768,624,273435580,1.5651388888888889
2012-11-06,768,626,273435580,2.390138888888889
2012-11-06,768,629,273435580,1.6225
2012-11-06,768,628,273435580,3.9454166666666666
2012-11-06,257,-1455,431225000,0.76527777777777772
2012-11-06,513,-62,250002435,17.555277777777782
2012-11-06,513,-61,250002435,8.18763888888889
2012-11-06,513,-62,250000908,1.9931944444444445
2012-11-06,513,-61,250000908,11.091388888888888
2012-11-06,513,-60,250000908,15.554166666666665
2012-11-06,513,-62,250000141,4.427083333333333
2012-11-06,513,-61,235076636,4.5966666666666658
2012-11-06,513,-78,250001702,1.1290277777777777
2012-11-06,513,-77,250001702,0.81833333333333336
2012-11-06,513,-79,250001702,3.6661111111111113
2012-11-06,513,-65,250000699,2.9868055555555557
2012-11-06,513,-64,250000699,4.0959722222222217
2012-11-06,513,-63,250000699,3.5502777777777781
2012-11-06,513,-64,250440000,9.7148611111111123
2012-11-06,513,-63,250440000,6.0484722222222231
2012-11-06,513,-60,227336000,2.1820833333333334
2012-11-06,513,-61,250000199,12.123194444444444
2012-11-06,513,-69,250000466,0.78527777777777774
2012-11-06,513,-64,250000466,2.2615277777777778
2012-11-06,513,-63,250000466,9.7723611111111115
2012-11-06,513,-61,250001491,6.6913888888888886
2012-11-06,513,-61,250470000,12.800833333333333
2012-11-06,513,30,205296000,1.7893055555555555
2012-11-06,513,29,205296000,3.0018055555555558
2012-11-06,513,28,205296000,1.0419444444444443
2012-11-06,513,-63,250101900,5.104166666666667
2012-11-06,513,-64,250101900,3.4606944444444445
2012-11-06,513,-60,235058829,0.950138888888889
2012-11-06,513,-61,250350000,2.9854166666666666
2012-11-06,513,-62,250350000,3.4661111111111111
2012-11-06,513,1790,368526000,4.9134722222222216
2012-11-06,513,-64,250001093,3.4726388888888891
2012-11-06,513,-63,250001093,6.0024999999999995
2012-11-06,513,-63,250242000,0.28194444444444444
2012-11-06,513,-1291,316014803,1.8054166666666669
2012-11-06,513,-63,250001121,4.8573611111111115
2012-11-06,513,-62,250001121,0.65041666666666664
2012-11-06,513,-92,250000868,5.931805555555556
2012-11-06,513,-93,250000868,1.711111111111111
2012-11-06,513,-91,250000868,1.4918055555555554
2012-11-06,513,-61,250000626,4.884722222222222
2012-11-06,513,-62,250002427,5.3587500000000006
2012-11-06,769,134,273550600,1.5415277777777778
2012-11-06,769,136,273550600,2.3865277777777778
2012-11-06,769,227,259647000,2.3927777777777779
2012-11-06,769,288,273817400,3.1293055555555558
2012-11-06,769,285,273817400,2.3897222222222223
2012-11-06,769,286,273817400,3.125
2012-11-06,769,287,261383000,3.1494444444444447
2012-11-06,769,285,261383000,1.4719444444444445
2012-11-06,769,285,231042000,1.6055555555555556
2012-11-06,769,284,231042000,3.145833333333333
2012-11-06,-255,-446,401081889,1.3277777777777777
2012-11-06,258,-1457,431225000,0.8290277777777777
2012-11-06,258,-1456,431225000,1.6138888888888889
2012-11-06,258,-1458,431225000,0.89569444444444435
2012-11-06,514,-61,250240000,15.754305555555556
2012-11-06,514,-61,250002435,6.4822222222222212
2012-11-06,514,1561,273896200,13.06375
2012-11-06,514,1560,273896200,3.3530555555555557
2012-11-06,514,-61,250000141,5.9259722222222218
2012-11-06,514,-60,235076636,5.8831944444444435
2012-11-06,514,1584,273895200,2.024861111111111
2012-11-06,514,-116,228301600,13.384305555555555
2012-11-06,514,-66,250103600,6.6494444444444447
2012-11-06,514,41,244750903,6.0075
2012-11-06,514,-65,250440000,2.0202777777777778
2012-11-06,514,-60,227336000,1.6769444444444443
2012-11-06,514,-62,250002504,12.827499999999999
2012-11-06,514,-61,250001491,3.6893055555555554
2012-11-06,514,41,246097000,1.0423611111111111
2012-11-06,514,-64,250470000,23.504861111111111
2012-11-06,514,-61,250001269,19.58625
2012-11-06,514,-147,232006270,19.055416666666666
2012-11-06,514,30,205296000,1.7169444444444442
2012-11-06,514,31,205296000,7.3025000000000011
2012-11-06,514,40,244750739,0.20458333333333334
2012-11-06,514,31,245571000,3.0034722222222223
2012-11-06,514,10,235000760,13.327638888888893
2012-11-06,514,11,235000760,9.2129166666666666
2012-11-06,514,-63,250001093,1.6672222222222222
2012-11-06,514,-65,250105800,2.628333333333333
2012-11-06,514,-63,250106580,24.733611111111113
2012-11-06,514,-62,250001121,1.6391666666666664
2012-11-06,514,-66,250103800,5.5751388888888886
2012-11-06,514,-65,250103800,1.1606944444444445
2012-11-06,514,-61,250002427,11.747083333333332
2012-11-06,770,230,259647000,2.3791666666666664
2012-11-06,770,229,259647000,1.5594444444444444
2012-11-06,770,228,259647000,1.5923611111111111
2012-11-06,770,231,259647000,1.585
2012-11-06,770,307,273555500,1.5818055555555555
2012-11-06,770,282,273817400,1.5538888888888889
2012-11-06,770,283,273817400,1.5581944444444444
2012-11-06,770,284,273817400,1.6305555555555555
2012-11-06,770,281,273817400,2.3505555555555557
2012-11-06,770,284,261383000,12.677361111111111
2012-11-06,770,285,261383000,1.5958333333333332
2012-11-06,770,286,231042000,3.9722222222222223
2012-11-06,770,283,231042000,1.600138888888889
2012-11-06,770,285,231042000,4.7265277777777772
2012-11-06,770,283,273430750,3.1569444444444446
2012-11-06,770,286,259937000,1.5597222222222222
2012-11-06,-254,662,263577600,0.98152777777777778
2012-11-06,-254,371,224142870,4.2606944444444448
2012-11-06,-254,-446,401081889,1.5398611111111111
2012-11-06,-254,372,224049530,3.8343055555555559
2012-11-06,3,1498,416237500,2.4648611111111109
2012-11-06,3,1499,416237500,1.91375
2012-11-06,259,1199,412442139,10.482361111111111
2012-11-06,259,-1459,431225000,3.8663888888888889
2012-11-06,515,1581,273446920,1.6836111111111109
2012-11-06,515,34,245706000,5.519166666666667
2012-11-06,515,32,245706000,6.0511111111111111
2012-11-06,515,33,245706000,2.3593055555555558
2012-11-06,515,-102,250442000,0.65555555555555556
2012-11-06,515,-104,250442000,1.3259722222222221
2012-11-06,515,1585,273895200,4.6248611111111115
2012-11-06,515,-63,250002504,18.159583333333334
2012-11-06,515,-56,205243000,10.108055555555556
2012-11-06,515,1786,368526000,6.511388888888888
2012-11-06,515,33,245571000,1.1052777777777778
2012-11-06,515,31,245571000,0.88291666666666668
2012-11-06,515,32,245571000,18.868055555555561
2012-11-06,515,-65,250103800,8.1223611111111111
2012-11-06,771,290,258410000,3.1483333333333334
2012-11-06,771,281,258186000,1.5918055555555557
2012-11-06,771,284,258186000,1.5959722222222221
2012-11-06,771,235,259647000,3.9558333333333335
2012-11-06,771,230,259647000,1.5643055555555554
2012-11-06,771,232,259647000,3.1266666666666665
2012-11-06,771,305,273555500,3.1361111111111111
2012-11-06,771,308,273555500,1.5597222222222222
2012-11-06,771,303,273555500,3.1481944444444445
2012-11-06,771,302,273555500,6.3140277777777776
2012-11-06,771,288,273817400,1.5209722222222222
2012-11-06,771,286,273817400,1.5644444444444443
2012-11-06,771,283,261383000,4.7058333333333326
2012-11-06,771,286,258247000,3.1708333333333334
2012-11-06,771,285,258247000,3.1638888888888888
2012-11-06,771,303,273811080,10.325972222222223
2012-11-06,771,305,273811080,3.1306944444444444
2012-11-06,771,304,273811080,6.2529166666666667
2012-11-06,771,302,273811080,1.5791666666666666
2012-11-06,771,306,273811080,2.3126388888888889
2012-11-06,771,283,231042000,3.0747222222222224
2012-11-06,771,287,231042000,2.3180555555555555
2012-11-06,771,285,231042000,2.3541666666666665
2012-11-06,771,282,231042000,1.5777777777777777
2012-11-06,771,285,273430750,1.5711111111111111
2012-11-06,771,284,273430750,1.5843055555555556
2012-11-06,-509,-623,740368000,6.1254166666666663
2012-11-06,-509,-624,740368000,2.7304166666666667
2012-11-06,-253,662,263577600,0.80333333333333334
2012-11-06,-253,663,263577600,1.6516666666666666
2012-11-06,-253,-446,401081889,1.7679166666666666
2012-11-06,4,1500,431155000,0.91402777777777777
2012-11-06,4,1748,440935000,3.5768055555555556
2012-11-06,4,1753,440935000,1.4666666666666668
2012-11-06,4,1750,440935000,1.3884722222222221
2012-11-06,4,1756,440935000,1.9576388888888889
2012-11-06,4,1751,440935000,2.6350000000000002
2012-11-06,4,1754,440935000,3.6694444444444443
2012-11-06,4,1752,440935000,1.725138888888889
2012-11-06,4,1749,440935000,2.0386111111111109
2012-11-06,4,1757,440935000,1.75875
2012-11-06,4,1570,431595000,0.8875
2012-11-06,260,1198,412443906,1.8227777777777778
2012-11-06,260,1201,412442371,0.71944444444444444
2012-11-06,260,1200,412442371,8.80875
2012-11-06,260,1197,412441607,0.72833333333333328
2012-11-06,260,1199,412441619,6.8361111111111121
2012-11-06,260,1198,412441215,2.7855555555555558
2012-11-06,260,1199,412441023,3.3884722222222221
2012-11-06,260,1197,412753360,0.2076388888888889
2012-11-06,516,-116,227829000,12.563055555555556
2012-11-06,516,-117,227829000,7.4631944444444436
2012-11-06,516,1582,273446920,4.9106944444444443
2012-11-06,516,-103,250442000,7.5468055555555562
2012-11-06,516,-104,250442000,3.0037499999999997
2012-11-06,516,-102,250442000,1.6959722222222224
2012-11-06,516,37,244031000,3.6070833333333336
2012-11-06,516,-1303,316001821,3.4059722222222222
2012-11-06,516,-62,228236600,6.2094444444444443
2012-11-06,516,34,32126816,8.8445833333333326
2012-11-06,516,-148,232006270,9.7280555555555566
2012-11-06,516,36,245731000,1.0374999999999999
2012-11-06,516,-62,228228800,2.0944444444444446
2012-11-06,516,-75,250392000,8.3206944444444453
2012-11-06,516,-76,250392000,1.5861111111111112
2012-11-06,516,-108,250001143,5.1356944444444448
2012-11-06,772,286,258410000,3.1625
2012-11-06,772,285,258410000,3.1598611111111112
2012-11-06,772,282,258410000,3.1651388888888889
2012-11-06,772,285,258186000,1.57375
2012-11-06,772,305,273555500,1.5597222222222222
2012-11-06,772,283,273213100,3.1455555555555552
2012-11-06,772,285,273213100,3.0847222222222221
2012-11-06,772,288,273213100,2.3459722222222221
2012-11-06,772,284,273213100,3.1030555555555557
2012-11-06,772,281,231042000,1.5848611111111111
2012-11-06,772,285,273430750,1.5758333333333332
2012-11-06,772,288,273430750,6.3588888888888881
2012-11-06,772,286,273430750,1.5573611111111112
2012-11-06,772,289,273430750,1.5547222222222221
2012-11-06,772,287,273430750,1.5543055555555556
2012-11-06,-508,-570,440528000,5.6808333333333341
2012-11-06,-252,665,263577600,3.3031944444444443
2012-11-06,-252,373,224142870,1.5879166666666666
2012-11-06,-252,-446,401081889,0.87208333333333332
2012-11-06,-252,374,224049530,1.5826388888888889
2012-11-06,5,1498,432438000,1.1469444444444445
2012-11-06,261,1200,412441347,1.3868055555555556
2012-11-06,261,1199,412441619,2.4738888888888888
2012-11-06,261,1200,412441192,0.84847222222222229
2012-11-06,261,1198,412441215,20.244861111111106
2012-11-06,261,1197,412441215,0.47333333333333333
2012-11-06,261,1200,412441479,10.130833333333333
2012-11-06,261,1199,412441749,1.0869444444444445
2012-11-06,261,1200,412441749,3.6776388888888891
2012-11-06,261,1198,412752280,0.62347222222222221
2012-11-06,261,-1464,431225000,3.6486111111111112
2012-11-06,261,1201,412441521,3.922361111111111
2012-11-06,261,1197,412441015,15.775833333333335
2012-11-06,261,1198,412443891,1.0772222222222223
2012-11-06,517,-67,250000917,0.12513888888888888
2012-11-06,517,-68,250000917,1.1926388888888888
2012-11-06,517,-1787,367444760,1.5891666666666664
2012-11-06,517,-1308,316001821,4.068194444444444
2012-11-06,517,-1310,316001821,5.7913888888888891
2012-11-06,517,1585,273895200,7.274861111111111
2012-11-06,517,1586,273895200,10.3
2012-11-06,517,-107,250116400,7.0440277777777771
2012-11-06,517,-106,250116400,1.4902777777777776
2012-11-06,517,-61,228236600,1.4461111111111111
2012-11-06,517,-62,228236600,6.3608333333333329
2012-11-06,517,36,245106000,1.0966666666666667
2012-11-06,517,37,245106000,13.632777777777775
2012-11-06,517,36,245703000,0.74152777777777779
2012-11-06,517,-118,224615000,6.6384722222222221
2012-11-06,517,35,245617000,0.20791666666666669
2012-11-06,517,36,245617000,2.5649999999999995
2012-11-06,517,37,245617000,0.62180555555555561
2012-11-06,517,-140,228168600,16.138333333333335
2012-11-06,517,-139,228168600,25.666805555555555
2012-11-06,517,38,245731000,7.97736111111111
2012-11-06,517,36,245731000,1.8683333333333334
2012-11-06,517,35,245731000,0.31958333333333333
2012-11-06,517,37,245731000,10.577777777777778
2012-11-06,517,-76,250392000,3.2075
2012-11-06,517,-77,250392000,11.715277777777777
2012-11-06,517,-108,250001143,2.245138888888889
2012-11-06,773,284,258410000,3.1459722222222224
2012-11-06,773,285,258410000,3.1148611111111109
2012-11-06,773,283,258410000,1.5588888888888888
2012-11-06,773,283,273213100,1.5958333333333332
2012-11-06,773,285,273213100,3.1819444444444445
2012-11-06,773,284,273213100,7.1558333333333337
2012-11-06,773,283,273430750,1.5652777777777778
2012-11-06,773,286,273430750,1.5545833333333334
2012-11-06,773,287,273430750,1.5502777777777779
2012-11-06,-507,-572,440528000,2.605
2012-11-06,-507,-571,440528000,1.5958333333333332
2012-11-06,-507,701,635000300,1.6929166666666666
2012-11-06,-507,702,635000300,1.5013888888888889
2012-11-06,-251,657,224288000,0.8026388888888889
2012-11-06,-251,659,263577600,2.6222222222222222
2012-11-06,-251,666,263577600,0.9343055555555555
2012-11-06,-251,660,263577600,3.336666666666666
2012-11-06,-251,375,224049530,1.5452777777777778
2012-11-06,-251,635,224696000,3.4522222222222223
2012-11-06,-251,634,224696000,3.987222222222222
2012-11-06,-251,629,224696000,0.65916666666666657
2012-11-06,-251,628,224696000,0.86916666666666664
2012-11-06,-251,636,224696000,0.93597222222222221
2012-11-06,-251,637,224696000,0.7976388888888889
2012-11-06,6,1723,441812000,1.6845833333333333
2012-11-06,6,1756,440935000,1.6405555555555555
2012-11-06,6,1700,431686000,0.066388888888888886
2012-11-06,6,-1039,730019000,0.79472222222222222
2012-11-06,6,-1040,730019000,0.30402777777777779
2012-11-06,6,1567,431595000,0.97666666666666657
2012-11-06,6,1566,431595000,3.3291666666666666
2012-11-06,262,1200,412441347,1.0548611111111112
2012-11-06,262,1199,412441366,1.9493055555555556
2012-11-06,262,1200,412441749,5.9300000000000006
2012-11-06,262,1196,413800409,1.7783333333333331
2012-11-06,262,1198,412443891,0.93777777777777782
2012-11-06,262,1199,902913019,4.6794444444444441
2012-11-06,262,1200,902913019,0.21777777777777779
2012-11-06,518,39,245247000,0.44208333333333333
2012-11-06,518,38,245247000,0.87902777777777785
2012-11-06,518,37,245247000,1.9580555555555557
2012-11-06,518,-1788,367444760,3.385
2012-11-06,518,-1790,367444760,11.014027777777775
2012-11-06,518,-1787,367444760,0.81541666666666668
2012-11-06,518,-1308,316001821,0.81138888888888883
2012-11-06,518,-117,228301600,11.7625
2012-11-06,518,-108,250116400,8.2495833333333337
2012-11-06,518,39,245470000,2.7399999999999998
2012-11-06,518,38,245470000,3.7672222222222227
2012-11-06,518,-110,250000958,0.9738888888888888
2012-11-06,518,-71,250002513,1.751527777777778
2012-11-06,518,-72,250002513,0.33486111111111111
2012-11-06,518,37,245703000,7.5519444444444437
2012-11-06,518,38,245703000,0.69027777777777777
2012-11-06,518,36,245703000,6.8484722222222221
2012-11-06,518,39,245617000,1.91125
2012-11-06,518,38,245617000,6.1952777777777781
2012-11-06,518,37,245617000,5.5383333333333331
2012-11-06,518,42,244780400,1.0929166666666665
2012-11-06,518,43,244780400,0.20944444444444443
2012-11-06,518,-139,227536000,23.566527777777779
2012-11-06,518,37,245445000,0.91013888888888894
2012-11-06,518,38,245445000,2.3623611111111109
2012-11-06,518,39,245445000,0.49416666666666664
2012-11-06,518,37,244670362,3.462499999999999
2012-11-06,518,36,244670362,0.64541666666666675
2012-11-06,518,39,244670362,1.4147222222222222
2012-11-06,518,38,244670362,4.0684722222222218
2012-11-06,518,1533,273352930,3.78625
2012-11-06,518,-110,250001143,2.8941666666666666
2012-11-06,518,-108,250001143,2.8944444444444444
2012-11-06,518,-109,250001143,7.8451388888888891
2012-11-06,518,40,246635000,1.3273611111111112
2012-11-06,518,39,246635000,0.20569444444444446
2012-11-06,518,-60,227915000,16.19222222222222
2012-11-06,518,-61,227915000,0.74375
2012-11-06,518,-62,227915000,14.01277777777778
2012-11-06,774,283,258410000,3.134722222222222
2012-11-06,-506,-765,725004140,1.1412499999999999
2012-11-06,-506,-764,725004140,5.6948611111111109
2012-11-06,-506,-572,440528000,3.395
2012-11-06,-506,699,635000300,1.8488888888888892
2012-11-06,-506,700,635000300,0.002638888888888889
2012-11-06,-250,657,224288000,4.0538888888888893
2012-11-06,-250,666,263577600,3.4540277777777777
2012-11-06,-250,374,224142870,1.51125
2012-11-06,-250,632,224696000,1.7966666666666666
2012-11-06,-250,637,224696000,0.88347222222222221
2012-11-06,-250,628,224696000,0.93430555555555539
2012-11-06,-250,634,224696000,1.68125
2012-11-06,-250,635,224696000,3.1543055555555553
2012-11-06,7,1723,441812000,2.0129166666666665
2012-11-06,7,-1036,730019000,1.3497222222222223
2012-11-06,7,-1037,730019000,2.73875
2012-11-06,263,1200,412441171,4.575
2012-11-06,263,1199,412441192,4.5261111111111116
2012-11-06,263,1198,412449704,0.51125
2012-11-06,263,-1457,431225000,4.2636111111111115
2012-11-06,263,-1462,431225000,1.4752777777777779
2012-11-06,263,-1460,431225000,1.5809722222222222
2012-11-06,263,1200,412441293,2.4143055555555555
2012-11-06,263,1199,412442078,0.2088888888888889
2012-11-06,519,-73,250000135,2.2713888888888891
2012-11-06,519,-74,250000135,0.20972222222222223
2012-11-06,519,-72,250000135,1.658611111111111
2012-11-06,519,-70,250000135,1.0230555555555556
2012-11-06,519,-71,250000135,1.037361111111111
2012-11-06,519,-139,227978000,11.795555555555556
2012-11-06,519,37,245247000,4.9859722222222214
2012-11-06,519,39,245247000,6.1933333333333334
2012-11-06,519,38,245247000,2.3452777777777776
2012-11-06,519,-117,228301600,11.055555555555555
2012-11-06,519,-109,250116400,2.6295833333333336
2012-11-06,519,-74,250000956,2.0726388888888887
2012-11-06,519,-73,250000956,0.61763888888888885
2012-11-06,519,-110,250000958,6.6666666666666661
2012-11-06,519,-72,250002513,0.71111111111111114
2012-11-06,519,-71,250002513,5.2909722222222211
2012-11-06,519,41,244780400,1.9024999999999999
2012-11-06,519,1436,273898610,4.6077777777777778
2012-11-06,519,1437,273898610,1.22375
2012-11-06,519,-143,224020340,19.029861111111114
2012-11-06,519,-75,250267000,0.63763888888888887
2012-11-06,519,-74,250267000,3.6038888888888891
2012-11-06,519,-119,224816000,19.060972222222222
2012-11-06,519,-139,227536000,12.596805555555555
2012-11-06,519,39,245445000,0.46416666666666667
2012-11-06,519,-73,250000527,0.61625
2012-11-06,519,-74,250000527,4.3209722222222213
2012-11-06,519,39,244670362,7.36875
2012-11-06,519,-119,224133790,1.6345833333333333
2012-11-06,519,-67,250489000,0.89041666666666663
2012-11-06,519,1753,367170270,4.6386111111111124
2012-11-06,519,1754,367170270,4.9668055555555553
2012-11-06,519,1531,273352930,4.1779166666666665
2012-11-06,519,1533,273352930,2.4002777777777782
2012-11-06,519,-110,250001143,7.0995833333333334
2012-11-06,519,-62,227915000,0.79722222222222217
2012-11-06,-505,-576,224967000,1.6275
2012-11-06,-505,-575,224967000,2.716388888888889
2012-11-06,-505,-763,725004140,1.057361111111111
2012-11-06,-505,-767,725004140,11.853333333333333
2012-11-06,-505,-764,725004140,2.105
2012-11-06,-505,-575,440528000,4.3643055555555552
2012-11-06,-249,654,224288000,6.0411111111111122
2012-11-06,-249,657,263577600,1.4568055555555555
2012-11-06,-249,659,263577600,1.546111111111111
2012-11-06,-249,375,224142870,3.6358333333333333
2012-11-06,-249,377,224049530,1.8977777777777776
2012-11-06,-249,376,224049530,2.5408333333333335
2012-11-06,-249,629,224696000,1.6543055555555555
2012-11-06,-249,634,224696000,1.4752777777777777
2012-11-06,-249,632,224696000,1.8333333333333333
2012-11-06,-249,685,224130000,1.0068055555555555
2012-11-06,8,1722,441812000,3.1291666666666664
2012-11-06,8,-1035,730019000,2.4769444444444444
2012-11-06,8,-1036,730019000,0.90819444444444453
2012-11-06,264,1196,412441861,0.5774999999999999
2012-11-06,264,1197,412441861,1.5502777777777779
2012-11-06,264,1199,900018840,1.8468055555555556
2012-11-06,264,1197,412441789,0.23944444444444446
2012-11-06,520,-111,227107100,2.7681944444444446
2012-11-06,520,-1314,316001821,0.096666666666666665
2012-11-06,520,-1315,316001821,0.89277777777777789
2012-11-06,520,-75,250108470,4.5544444444444441
2012-11-06,520,-74,250000956,0.41041666666666665
2012-11-06,520,-104,250269000,0.37194444444444447
2012-11-06,520,-120,224615000,13.161527777777778
2012-11-06,520,-148,232326000,6.6719444444444447
2012-11-06,520,1437,273898610,21.142777777777777
2012-11-06,520,-143,224020340,11.214722222222221
2012-11-06,520,1586,273848700,10.843472222222223
2012-11-06,520,1587,273848700,4.9201388888888893
2012-11-06,520,-120,224816000,5.2831944444444447
2012-11-06,520,-120,224133790,13.488888888888891
2012-11-06,520,33,245794000,0.77430555555555558
2012-11-06,520,32,245794000,11.296527777777779
2012-11-06,520,1754,367170270,1.0831944444444443
2012-11-06,776,108,273517900,4.6604166666666664
2012-11-06,776,107,273517900,1.6016666666666666
2012-11-06,776,113,273517900,1.5804166666666668
2012-11-06,776,116,273517900,1.5736111111111111
2012-11-06,776,112,273517900,3.1712499999999997
2012-11-06,776,111,273517900,1.5568055555555556
2012-11-06,776,114,273517900,3.1468055555555559
2012-11-06,776,110,273517900,1.5666666666666667
2012-11-06,776,115,273517900,1.5652777777777778
2012-11-06,-504,-575,224967000,0.78041666666666665
2012-11-06,-504,-577,224967000,2.6797222222222219
2012-11-06,-504,-576,224967000,9.943194444444444
2012-11-06,-504,-576,224369000,6.1418055555555551
2012-11-06,-504,-767,725004140,1.5415277777777778
2012-11-06,-504,-576,440528000,6.77125
2012-11-06,-504,-766,725000591,4.9511111111111115
2012-11-06,-504,-765,725000591,1.558472222222222
2012-11-06,-248,651,224288000,0.75472222222222207
2012-11-06,-248,652,224288000,0.80555555555555558
2012-11-06,-248,662,263577600,3.9956944444444442
2012-11-06,-248,685,224130000,0.8569444444444444
2012-11-06,9,1724,441812000,1.7781944444444444
2012-11-06,9,1721,441812000,2.341388888888889
2012-11-06,9,1755,440935000,1.0027777777777778
2012-11-06,9,1754,440935000,0.93847222222222215
2012-11-06,9,1506,432845000,8.0830555555555552
2012-11-06,521,-1316,316001821,5.6805555555555554
2012-11-06,521,-137,227380000,9.1608333333333327
2012-11-06,521,-75,250108470,0.62041666666666662
2012-11-06,521,-121,224615000,7.4579166666666667
2012-11-06,521,-145,232326000,9.7670833333333338
2012-11-06,521,-148,232326000,11.531944444444443
2012-11-06,521,41,244742000,0.52611111111111108
2012-11-06,521,1437,273898610,1.5620833333333333
2012-11-06,521,1587,273848700,6.4008333333333338
2012-11-06,521,-121,224816000,10.224583333333333
2012-11-06,521,-121,224133790,17.546527777777779
2012-11-06,521,1530,273352930,0.84472222222222226
2012-11-06,777,118,273517900,1.6084722222222223
2012-11-06,777,119,273517900,1.5916666666666668
2012-11-06,777,210,273212100,3.1608333333333336
2012-11-06,-503,-575,224967000,4.8765277777777785
2012-11-06,-503,-576,224967000,5.1873611111111106
2012-11-06,-503,-577,224369000,1.56125
2012-11-06,-503,-765,725000591,3.4723611111111112
2012-11-06,-247,650,224288000,1.4709722222222221
2012-11-06,-247,684,224130000,1.6636111111111109
2012-11-06,-247,686,224130000,1.4561111111111109
2012-11-06,-247,-1646,204811000,1.6941666666666666
2012-11-06,10,1722,441812000,1.640138888888889
2012-11-06,10,1721,441812000,1.099861111111111
2012-11-06,10,1720,441812000,2.7680555555555557
2012-11-06,10,-1034,730019000,3.4918055555555556
2012-11-06,266,1207,412448796,2.1081944444444445
2012-11-06,266,1208,412448819,6.7052777777777779
2012-11-06,522,-118,227829000,18.274166666666666
2012-11-06,522,-136,227380000,9.013472222222223
2012-11-06,522,-137,227380000,4.5623611111111115
2012-11-06,522,-135,227380000,9.7744444444444447
2012-11-06,522,44,244049000,2.1031944444444441
2012-11-06,522,43,244049000,4.2365277777777779
2012-11-06,522,-136,227579000,25.153611111111108
2012-11-06,522,17,235082161,1.7495833333333335
2012-11-06,522,16,235082161,20.865277777777763
2012-11-06,778,211,273212100,1.5443055555555556
2012-11-06,-502,-578,224369000,6.4498611111111108
2012-11-06,-502,-610,740358000,1.5626388888888889
2012-11-06,-502,-766,725000591,3.3880555555555558
2012-11-06,-502,-765,725000591,1.1536111111111111
2012-11-06,-246,649,224288000,1.8040277777777778
2012-11-06,-246,683,224130000,1.0795833333333333
2012-11-06,-246,-1648,204811000,0.908472222222222
2012-11-06,-246,-1644,204811000,1.5740277777777778
2012-11-06,11,1722,441812000,3.5543055555555556
2012-11-06,11,1721,441812000,1.8112499999999998
2012-11-06,267,1206,333331458,2.7743055555555554
2012-11-06,267,1208,333331458,0.24138888888888888
2012-11-06,267,1207,412448771,2.0865277777777775
2012-11-06,267,1206,412449032,14.874444444444446
2012-11-06,267,1207,412441354,0.36611111111111111
2012-11-06,267,1211,900017419,2.7944444444444443
2012-11-06,267,1207,412448796,3.6793055555555556
2012-11-06,267,1209,412450369,3.0556944444444443
2012-11-06,267,1207,412448636,2.4486111111111111
2012-11-06,267,1209,412449413,1.9847222222222221
2012-11-06,267,1208,412448978,13.046388888888888
2012-11-06,267,1207,900024051,0.3223611111111111
2012-11-06,267,1206,412449017,2.6823611111111108
2012-11-06,523,-104,250292000,0.46430555555555553
2012-11-06,523,-105,250292000,0.58958333333333335
2012-11-06,523,44,244049000,1.8537499999999998
2012-11-06,523,-65,250310000,0.31694444444444442
2012-11-06,523,-65,250000329,3.6475
2012-11-06,-501,-577,224369000,10.2625
2012-11-06,-501,-610,740358000,10.237222222222222
2012-11-06,-501,-765,725000591,0.7665277777777777
2012-11-06,-245,650,224288000,1.6943055555555557
2012-11-06,-245,683,224130000,0.72597222222222224
2012-11-06,-245,686,224130000,1.543611111111111
2012-11-06,-245,685,224130000,0.93833333333333346
2012-11-06,-245,684,224130000,0.63430555555555557
2012-11-06,-245,-1645,204811000,4.9425
2012-11-06,-245,-1644,204811000,2.0197222222222222
2012-11-06,12,1722,441812000,1.92375
2012-11-06,268,1208,333331458,0.26138888888888889
2012-11-06,268,1206,333331458,15.692638888888888
2012-11-06,268,1207,412448771,22.281805555555554
2012-11-06,268,1205,333300744,0.915
2012-11-06,268,1207,412441354,0.47652777777777777
2012-11-06,268,1204,412448785,4.1473611111111115
2012-11-06,268,1206,413693970,2.8363888888888886
2012-11-06,268,1205,412448787,6.1558333333333337
2012-11-06,268,1207,412448796,14.967777777777775
2012-11-06,268,1207,412448819,0.24958333333333332
2012-11-06,268,1208,412448819,11.055833333333332
2012-11-06,268,1206,412450104,1.2304166666666667
2012-11-06,268,1207,412450104,1.5929166666666668
2012-11-06,268,1206,902904128,0.83527777777777779
2012-11-06,268,1206,412450115,10.528055555555556
2012-11-06,268,1207,412442214,5.2573611111111109
2012-11-06,268,1208,412449386,3.6318055555555557
2012-11-06,268,1207,412449386,3.4238888888888885
2012-11-06,268,1206,412450157,1.1827777777777777
2012-11-06,268,1206,900017265,0.98986111111111108
2012-11-06,268,1205,412448884,0.49944444444444447
2012-11-06,268,1207,412448636,16.358888888888888
2012-11-06,268,1205,413085566,6.906944444444445
2012-11-06,268,1204,413085566,10.013472222222223
2012-11-06,268,1207,412449664,4.2190277777777787
2012-11-06,268,1206,412449664,1.78625
2012-11-06,268,1209,412449413,3.5862500000000006
2012-11-06,268,1208,412449413,0.40013888888888893
2012-11-06,268,1206,412450193,0.67319444444444443
2012-11-06,268,1205,412001436,3.3866666666666667
2012-11-06,268,1204,412449201,13.640277777777779
2012-11-06,268,1205,333305777,4.4233333333333338
2012-11-06,268,1208,412448978,11.364305555555557
2012-11-06,268,1205,413008339,3.2861111111111114
2012-11-06,268,1206,412001503,23.678888888888888
2012-11-06,268,1205,412433378,1.1259722222222222
2012-11-06,268,1205,412433379,1.1590277777777778
2012-11-06,268,1205,412449252,12.539305555555558
2012-11-06,268,1204,413004775,0.19805555555555557
2012-11-06,268,1206,412449001,12.977083333333333
2012-11-06,268,1207,412449001,5.3374999999999995
2012-11-06,268,1206,900019438,1.2984722222222222
2012-11-06,268,1207,900024051,0.99847222222222221
2012-11-06,268,1206,900024051,0.66430555555555559
2012-11-06,268,1206,412449017,4.2259722222222225
2012-11-06,524,1588,273446920,5.6540277777777774
2012-11-06,524,-103,250292000,3.7079166666666667
2012-11-06,524,-102,250292000,3.2456944444444447
2012-11-06,524,-104,250292000,3.5004166666666663
2012-11-06,-500,-765,725000591,0.73319444444444448
2012-11-06,-500,-764,725000591,6.7818055555555548
2012-11-06,-244,651,224288000,0.67458333333333342
2012-11-06,-244,650,224288000,1.7819444444444443
2012-11-06,-244,-1698,224256000,4.5481944444444444
2012-11-06,-244,-1694,224256000,1.9699999999999998
2012-11-06,-244,-1697,224256000,0.87972222222222218
2012-11-06,-244,-1692,224256000,1.6837499999999999
2012-11-06,-244,-1696,224256000,2.3851388888888887
2012-11-06,-244,629,225374000,3.4706944444444443
2012-11-06,-244,685,224130000,0.8059722222222222
2012-11-06,-244,686,224130000,5.9620833333333332
2012-11-06,13,1756,440731000,1.8959722222222222
2012-11-06,269,1211,412442117,7.1929166666666671
2012-11-06,269,1205,333300744,6.8431944444444444
2012-11-06,269,1206,333300744,1.2444444444444445
2012-11-06,269,1206,412448781,3.7801388888888892
2012-11-06,269,1204,412448785,11.59888888888889
2012-11-06,269,1206,413693970,15.153611111111109
2012-11-06,269,1205,900017430,0.25472222222222224
2012-11-06,269,1206,412450079,23.348333333333336
2012-11-06,269,1209,412001577,4.1430555555555557
2012-11-06,269,1211,810080042,3.1763888888888889
2012-11-06,269,1206,902904128,5.5183333333333326
2012-11-06,269,1207,412441675,5.8591666666666669
2012-11-06,269,1206,702011734,0.63902777777777775
2012-11-06,269,1210,412441692,1.9563888888888887
2012-11-06,269,1209,810060124,2.4456944444444439
2012-11-06,269,1210,412441695,8.6847222222222218
2012-11-06,269,1207,412449634,7.0436111111111108
2012-11-06,269,1208,412449386,1.2395833333333333
2012-11-06,269,1206,412450157,6.9569444444444448
2012-11-06,269,1206,900017265,11.521944444444443
2012-11-06,269,1204,413085566,4.6340277777777779
2012-11-06,269,1208,412449413,8.5449999999999982
2012-11-06,269,1209,412449413,5.9031944444444449
2012-11-06,269,1206,412450193,6.9791666666666661
2012-11-06,269,1207,412450193,0.86527777777777781
2012-11-06,269,1206,412450456,15.33097222222222
2012-11-06,269,1207,412441520,5.4747222222222218
2012-11-06,269,1204,412449201,5.0263888888888886
2012-11-06,269,1205,333305777,8.5029166666666658
2012-11-06,269,1209,412450236,1.6504166666666666
2012-11-06,269,1209,412442306,1.0565277777777777
2012-11-06,269,1210,412442306,4.6870833333333346
2012-11-06,269,1205,413008339,2.4363888888888887
2012-11-06,269,1205,412433378,4.0529166666666665
2012-11-06,269,1206,412433378,3.57875
2012-11-06,269,1205,412433379,4.0406944444444441
2012-11-06,269,1206,412433379,2.9875
2012-11-06,269,1205,412449252,1.18375
2012-11-06,269,1206,900019438,8.9209722222222236
2012-11-06,269,1205,412450045,0.69611111111111112
2012-11-06,525,1588,273446920,0.80833333333333335
2012-11-06,525,-120,228293900,12.389444444444443
2012-11-06,525,-103,250292000,7.2016666666666671
2012-11-06,525,43,227302000,0.42472222222222222
2012-11-06,525,44,227302000,0.20875
2012-11-06,-499,-611,740358000,5.675
2012-11-06,-243,627,225374000,1.6005555555555553
2012-11-06,-243,628,225374000,0.93847222222222215
2012-11-06,-243,626,225374000,0.74666666666666659
2012-11-06,-243,688,224130000,4.0787499999999994
2012-11-06,-243,-1646,204811000,3.5356944444444443
2012-11-06,14,1750,440731000,0.76916666666666667
2012-11-06,270,1207,412433415,4.3305555555555557
2012-11-06,270,1208,412433415,4.6327777777777781
2012-11-06,270,1205,333300744,9.4426388888888884
2012-11-06,270,1212,900017419,4.4408333333333339
2012-11-06,270,1207,412448781,8.41763888888889
2012-11-06,270,1206,412448781,11.144166666666671
2012-11-06,270,1206,413693970,0.85208333333333353
2012-11-06,270,1207,413693970,0.45111111111111107
2012-11-06,270,1207,412450323,0.5409722222222223
2012-11-06,270,1211,412450337,4.3369444444444447
2012-11-06,270,1207,412432165,1.39125
2012-11-06,270,1208,412432165,1.9148611111111109
2012-11-06,270,1210,412001577,0.81888888888888889
2012-11-06,270,1209,412001577,6.8620833333333335
2012-11-06,270,1211,810080042,4.3756944444444441
2012-11-06,270,1209,412441395,0.20833333333333331
2012-11-06,270,1208,412441395,1.9155555555555557
2012-11-06,270,1212,412431416,0.71027777777777779
2012-11-06,270,1208,411128888,16.425138888888888
2012-11-06,270,1207,411128888,1.1831944444444444
2012-11-06,270,1211,412450366,3.5781944444444447
2012-11-06,270,1210,412450367,5.9359722222222224
2012-11-06,270,1207,412441672,4.775555555555556
2012-11-06,270,1207,412441678,3.8981944444444445
2012-11-06,270,1208,412441683,4.3675000000000006
2012-11-06,270,1206,702011734,0.79166666666666663
2012-11-06,270,1206,412449879,8.0984722222222221
2012-11-06,270,1210,412441692,2.9895833333333335
2012-11-06,270,1209,810060124,0.66013888888888883
2012-11-06,270,1210,810060124,0.20819444444444446
2012-11-06,270,1210,412441695,2.2486111111111113
2012-11-06,270,1207,412432229,1.6180555555555556
2012-11-06,270,1208,412432229,6.9311111111111092
2012-11-06,270,1206,412450157,1.595277777777778
2012-11-06,270,1206,900017265,0.29125
2012-11-06,270,1208,412450163,0.44958333333333333
2012-11-06,270,1207,412450163,0.57416666666666671
2012-11-06,270,1208,412448903,19.044722222222219
2012-11-06,270,1206,111203727,0.34875
2012-11-06,270,1206,412450193,3.0599999999999996
2012-11-06,270,1205,412450197,2.2681944444444446
2012-11-06,270,1207,412448662,2.075
2012-11-06,270,1206,412450456,2.206666666666667
2012-11-06,270,1211,412450205,4.0926388888888887
2012-11-06,270,1211,800018334,11.855416666666667
2012-11-06,270,1208,412448926,8.90027777777778
2012-11-06,270,1213,412017056,1.1461111111111111
2012-11-06,270,1210,412017056,1.43625
2012-11-06,270,1212,412017056,1.05
2012-11-06,270,1212,412442025,5.8279166666666669
2012-11-06,270,1207,412449709,4.1779166666666665
2012-11-06,270,1210,412449968,1.7252777777777777
2012-11-06,270,1207,412450482,1.4773611111111111
2012-11-06,270,1209,412450236,6.6233333333333313
2012-11-06,270,1210,412442306,1.0470833333333334
2012-11-06,270,1212,412449991,3.9952777777777775
2012-11-06,270,1209,412449991,5.7519444444444447
2012-11-06,270,1208,412432332,2.4525
2012-11-06,270,1207,412432332,2.49
2012-11-06,270,1213,412431317,0.89166666666666661
2012-11-06,270,1212,412431317,0.14333333333333334
2012-11-06,270,1209,412450014,3.2034722222222225
2012-11-06,270,1210,412450014,2.4191666666666665
2012-11-06,270,1212,412450014,1.92875
2012-11-06,270,1207,412433378,5.6390277777777786
2012-11-06,270,1205,412433378,0.44805555555555554
2012-11-06,270,1206,412433378,6.7158333333333324
2012-11-06,270,1207,412433379,6.377361111111111
2012-11-06,270,1205,412433379,0.64513888888888893
2012-11-06,270,1206,412433379,6.932083333333332
2012-11-06,270,1212,412431332,0.25708333333333333
2012-11-06,270,1213,412431332,1.7868055555555555
2012-11-06,270,1212,412433385,0.96305555555555555
2012-11-06,270,1212,412433386,0.88777777777777778
2012-11-06,270,1207,412433387,1.7726388888888889
2012-11-06,270,1208,412433387,3.1036111111111109
2012-11-06,270,1206,900019438,1.8001388888888892
2012-11-06,270,1210,412442094,3.7598611111111109
2012-11-06,270,1207,412449774,0.83416666666666661
2012-11-06,270,1211,412450287,1.4131944444444444
2012-11-06,270,1207,412450043,3.0423611111111111
2012-11-06,270,1205,412450045,0.68625
2012-11-06,526,-1704,366988820,3.9074999999999998
2012-11-06,526,-1705,366988820,5.7286111111111113
2012-11-06,526,-122,228004700,7.3630555555555564
2012-11-06,526,23,244427000,6.4022222222222229
2012-11-06,526,22,244427000,1.110138888888889
2012-11-06,-498,-611,740358000,1.5084722222222222
2012-11-06,-242,-1691,224256000,4.1222222222222218
2012-11-06,-242,624,225374000,1.6434722222222222
2012-11-06,-242,625,225374000,0.95180555555555557
2012-11-06,-242,688,224130000,1.6904166666666667
2012-11-06,-242,687,224130000,1.5956944444444445
2012-11-06,15,1751,440731000,1.8356944444444445
2012-11-06,15,1750,440731000,2.8115277777777781
2012-11-06,15,1752,440731000,2.9448611111111109
2012-11-06,15,1754,440731000,1.3391666666666668
2012-11-06,15,1753,440731000,2.9201388888888888
2012-11-06,15,82,432045000,1.7513888888888889
2012-11-06,15,1673,538060019,1.682638888888889
2012-11-06,271,1208,412433415,10.626527777777779
2012-11-06,271,1209,412433415,2.5058333333333338
2012-11-06,271,1212,900017419,1.3144444444444443
2012-11-06,271,1213,900017419,1.7947222222222221
2012-11-06,271,1212,412432398,2.2934722222222224
2012-11-06,271,1207,412450323,2.8044444444444445
2012-11-06,271,1211,412432404,1.1129166666666666
2012-11-06,271,1212,412432404,2.3602777777777777
2012-11-06,271,1209,412432404,0.72875
2012-11-06,271,1208,412432411,2.6931944444444444
2012-11-06,271,1212,412432412,0.26611111111111108
2012-11-06,271,1208,412432412,3.1804166666666664
2012-11-06,271,1211,412450337,7.2536111111111108
2012-11-06,271,1207,412432165,0.71527777777777779
2012-11-06,271,1208,412432165,8.23847222222222
2012-11-06,271,1209,412432165,1.7859722222222223
2012-11-06,271,1209,412001577,8.767777777777777
2012-11-06,271,1210,412450096,4.7493055555555568
2012-11-06,271,1212,412433459,1.6858333333333333
2012-11-06,271,1209,412433459,1.0543055555555556
2012-11-06,271,1208,412441395,0.85402777777777783
2012-11-06,271,1206,412441395,0.21444444444444444
2012-11-06,271,1207,412441395,4.2844444444444436
2012-11-06,271,1209,412441395,1.0375
2012-11-06,271,1211,412433461,0.44194444444444447
2012-11-06,271,1212,412433461,1.2215277777777778
2012-11-06,271,1209,412433461,0.97277777777777774
2012-11-06,271,1213,412431416,0.60930555555555554
2012-11-06,271,1213,412431672,1.341388888888889
2012-11-06,271,1212,412431672,1.4827777777777778
2012-11-06,271,1211,412450366,5.892083333333332
2012-11-06,271,1210,412450366,0.90333333333333332
2012-11-06,271,1211,412450367,2.4115277777777777
2012-11-06,271,1212,412450367,0.7319444444444444
2012-11-06,271,1210,412450367,5.51125
2012-11-06,271,1207,412441678,16.840972222222224
2012-11-06,271,1211,412450134,4.6127777777777776
2012-11-06,271,1208,411229789,2.480833333333333
2012-11-06,271,1212,412432227,2.066527777777778
2012-11-06,271,1211,412432227,1.9929166666666664
2012-11-06,271,1209,412432229,5.1277777777777782
2012-11-06,271,1208,412432229,10.021111111111113
2012-11-06,271,1208,412450159,0.803611111111111
2012-11-06,271,1210,412450163,1.1258333333333332
2012-11-06,271,1211,412412038,3.55875
2012-11-06,271,1206,111203727,0.30083333333333329
2012-11-06,271,1207,412448662,6.07375
2012-11-06,271,1210,412449947,7.5095833333333335
2012-11-06,271,1211,412450205,9.2345833333333331
2012-11-06,271,1210,412450205,0.84166666666666679
2012-11-06,271,1211,800018334,0.98277777777777775
2012-11-06,271,1210,412017056,5.5875
2012-11-06,271,1211,412017056,5.89375
2012-11-06,271,1208,412433577,0.90624999999999989
2012-11-06,271,1207,412433577,0.22513888888888889
2012-11-06,271,1213,412442025,0.84611111111111115
2012-11-06,271,1208,412433578,1.1059722222222224
2012-11-06,271,1207,412449709,17.319305555555555
2012-11-06,271,1206,412449709,1.4006944444444445
2012-11-06,271,1207,412450482,4.7223611111111108
2012-11-06,271,1209,412450236,2.3902777777777775
2012-11-06,271,1208,412450236,10.035138888888889
2012-11-06,271,1208,412432321,1.3295833333333333
2012-11-06,271,1209,412432321,0.49125000000000008
2012-11-06,271,1208,412432322,1.3943055555555555
2012-11-06,271,1209,412432322,0.37930555555555556
2012-11-06,271,1212,412449991,8.1933333333333334
2012-11-06,271,1209,412449991,5.1669444444444439
2012-11-06,271,1207,412432332,0.41805555555555557
2012-11-06,271,1209,412432332,1.2009722222222221
2012-11-06,271,1208,412432332,9.5575000000000028
2012-11-06,271,1209,412449998,3.4861111111111112
2012-11-06,271,1207,412449998,8.7829166666666669
2012-11-06,271,1208,412449998,0.30875
2012-11-06,271,1212,412432343,1.5829166666666667
2012-11-06,271,1208,412432343,1.2148611111111112
2012-11-06,271,1209,412450008,2.6976388888888887
2012-11-06,271,1212,412450014,3.9495833333333339
2012-11-06,271,1209,412450014,2.6005555555555553
2012-11-06,271,1210,412450014,3.3961111111111109
2012-11-06,271,1212,412433377,1.6268055555555558
2012-11-06,271,1207,412433378,0.83027777777777778
2012-11-06,271,1207,412433379,0.86291666666666667
2012-11-06,271,1213,412431332,1.4194444444444445
2012-11-06,271,1212,412433385,8.1019444444444435
2012-11-06,271,1213,412433385,2.3986111111111108
2012-11-06,271,1213,412433386,4.840416666666667
2012-11-06,271,1212,412433386,3.8481944444444447
2012-11-06,271,1208,412433387,13.281527777777777
2012-11-06,271,1209,412433387,3.3874999999999997
2012-11-06,271,1208,412432366,0.25763888888888886
2012-11-06,271,1210,412442094,6.1281944444444445
2012-11-06,271,1211,412450287,6.4279166666666656
2012-11-06,271,1208,412432369,0.22388888888888889
2012-11-06,271,1211,412432369,0.64486111111111111
2012-11-06,271,1212,412432369,2.0255555555555556
2012-11-06,271,1208,412433393,0.98708333333333331
2012-11-06,271,1212,412433393,1.3479166666666669
2012-11-06,271,1211,412433393,1.4091666666666667
2012-11-06,271,1208,412433397,0.7631944444444444
2012-11-06,271,1208,412433398,0.91680555555555543
2012-11-06,271,1208,111199993,5.8954166666666667
2012-11-06,271,1209,111199993,6.9922222222222228
2012-11-06,271,1206,412450043,13.73013888888889
2012-11-06,271,1207,412450043,4.4897222222222224
2012-11-06,527,-122,228004700,11.035972222222222
2012-11-06,527,22,244427000,1.1969444444444444
2012-11-06,527,24,244427000,10.438611111111111
2012-11-06,527,23,244427000,0.51611111111111119
2012-11-06,-497,-611,740358000,4.5844444444444443
2012-11-06,-241,-1690,224256000,5.7374999999999989
2012-11-06,-241,628,225374000,3.9773611111111111
2012-11-06,-241,623,225374000,1.7773611111111109
2012-11-06,-241,-1652,204811000,2.0518055555555557
2012-11-06,-241,-1647,204811000,2.2640277777777773
2012-11-06,16,1750,440731000,5.6377777777777789
2012-11-06,16,1751,440731000,1.7516666666666667
2012-11-06,16,83,432045000,4.6475
2012-11-06,16,82,432045000,1.4443055555555555
2012-11-06,272,1208,412432388,4.1393055555555556
2012-11-06,272,1209,412432388,0.40083333333333332
2012-11-06,272,1207,412433929,0.53763888888888889
2012-11-06,272,1206,412433929,9.80347222222222
2012-11-06,272,1212,412432398,1.411111111111111
2012-11-06,272,1209,412432398,4.11875
2012-11-06,272,1211,412432398,4.1813888888888888
2012-11-06,272,1211,412432401,0.32513888888888887
2012-11-06,272,1209,412432401,1.6602777777777775
2012-11-06,272,1208,412432401,2.725138888888889
2012-11-06,272,1212,412432401,0.41069444444444447
2012-11-06,272,1212,412432402,0.2434722222222222
2012-11-06,272,1209,412432402,0.26444444444444443
2012-11-06,272,1211,412450067,5.78125
2012-11-06,272,1212,412450067,0.83277777777777784
2012-11-06,272,1209,412450067,3.9284722222222221
2012-11-06,272,1211,412432404,3.8425000000000002
2012-11-06,272,1209,412432404,4.9341666666666661
2012-11-06,272,1212,412432404,2.4476388888888891
2012-11-06,272,1211,412450072,7.5351388888888895
2012-11-06,272,1212,412450072,2.0075000000000003
2012-11-06,272,1210,412432411,0.98916666666666664
2012-11-06,272,1209,412432411,1.8073611111111112
2012-11-06,272,1208,412432411,4.7606944444444439
2012-11-06,272,1208,412432412,3.7533333333333339
2012-11-06,272,1210,412432412,1.0277777777777779
2012-11-06,272,1209,412432412,2.0858333333333334
2012-11-06,272,1212,413061917,1.5827777777777776
2012-11-06,272,1211,412450337,1.7984722222222222
2012-11-06,272,1210,412450337,8.57625
2012-11-06,272,1210,412432176,7.1381944444444443
2012-11-06,272,1210,412450096,12.082916666666668
2012-11-06,272,1212,412433459,2.7429166666666669
2012-11-06,272,1208,412433459,2.8823611111111109
2012-11-06,272,1210,412433459,2.524027777777778
2012-11-06,272,1209,412433459,4.9544444444444444
2012-11-06,272,1211,412433459,4.3420833333333331
2012-11-06,272,1210,412441395,1.4777777777777779
2012-11-06,272,1209,412433461,4.8566666666666665
2012-11-06,272,1212,412433461,2.455972222222222
2012-11-06,272,1210,412433461,3.1169444444444445
2012-11-06,272,1208,412433461,2.9305555555555558
2012-11-06,272,1211,412433461,4.48625
2012-11-06,272,1213,412431672,4.39875
2012-11-06,272,1211,412450366,9.23986111111111
2012-11-06,272,1210,412450367,1.4034722222222222
2012-11-06,272,1212,412450367,0.80736111111111108
2012-11-06,272,1210,412432202,0.25555555555555554
2012-11-06,272,1209,412432202,6.2205555555555545
2012-11-06,272,1209,412432211,0.71847222222222229
2012-11-06,272,1208,412432211,3.86875
2012-11-06,272,1211,412450134,2.9256944444444439
2012-11-06,272,1212,412450134,2.3893055555555556
2012-11-06,272,1209,411229789,2.5058333333333334
2012-11-06,272,1212,412432227,4.2740277777777784
2012-11-06,272,1210,412432227,0.24805555555555556
2012-11-06,272,1209,412432227,2.0477777777777777
2012-11-06,272,1208,412433519,0.76291666666666669
2012-11-06,272,1209,412433519,1.922361111111111
2012-11-06,272,1210,412450163,0.82347222222222227
2012-11-06,272,1208,412450166,1.1481944444444445
2012-11-06,272,1212,412450168,4.4122222222222218
2012-11-06,272,1211,412450168,3.4186111111111113
2012-11-06,272,1208,800010888,0.24611111111111111
2012-11-06,272,1208,412433293,5.6858333333333331
2012-11-06,272,1209,412433293,1.4840277777777777
2012-11-06,272,1209,412432271,1.4306944444444445
2012-11-06,272,1208,412432271,6.3047222222222228
2012-11-06,272,1211,412415377,3.0577777777777779
2012-11-06,272,1210,412449947,13.951805555555552
2012-11-06,272,1211,412450205,8.69986111111111
2012-11-06,272,1211,800018334,0.61236111111111113
2012-11-06,272,1209,800018334,0.8223611111111111
2012-11-06,272,1210,800018334,0.52583333333333337
2012-11-06,272,1210,412017056,2.0358333333333336
2012-11-06,272,1212,412017056,4.0386111111111109
2012-11-06,272,1212,412433577,1.6576388888888891
2012-11-06,272,1208,412433577,8.7793055555555544
2012-11-06,272,1209,412433577,1.4305555555555556
2012-11-06,272,1211,412433577,1.1958333333333333
2012-11-06,272,1207,412433833,2.5009722222222224
2012-11-06,272,1206,412433833,3.0944444444444441
2012-11-06,272,1208,412433578,10.562638888888889
2012-11-06,272,1209,412433578,0.9475
2012-11-06,272,1212,412433578,1.4518055555555556
2012-11-06,272,1211,412433578,2.1272222222222221
2012-11-06,272,1209,412432304,9.6405555555555544
2012-11-06,272,1211,412449968,1.0495833333333333
2012-11-06,272,1210,412449968,17.408333333333331
2012-11-06,272,1208,412432305,2.8113888888888887
2012-11-06,272,1206,412433842,1.1841666666666666
2012-11-06,272,1208,412432314,0.76861111111111113
2012-11-06,272,1210,412432314,0.32541666666666669
2012-11-06,272,1209,412432314,5.8761111111111113
2012-11-06,272,1209,412325054,1.6005555555555555
2012-11-06,272,1208,412325054,0.55111111111111111
2012-11-06,272,1210,412325054,7.2204166666666678
2012-11-06,272,1212,412432321,1.5501388888888887
2012-11-06,272,1211,412432321,0.737638888888889
2012-11-06,272,1209,412432321,5.403888888888889
2012-11-06,272,1208,412432321,3.1004166666666664
2012-11-06,272,1211,412432322,1.1468055555555554
2012-11-06,272,1212,412432322,1.8755555555555554
2012-11-06,272,1209,412432322,2.62375
2012-11-06,272,1208,412432322,2.3765277777777776
2012-11-06,272,1210,412433347,1.2548611111111112
2012-11-06,272,1209,412433347,4.6656944444444441
2012-11-06,272,1208,412433347,1.8638888888888887
2012-11-06,272,1207,412433859,1.5715277777777779
2012-11-06,272,1209,412433348,2.7920833333333333
2012-11-06,272,1210,412433348,0.68180555555555555
2012-11-06,272,1208,412433348,3.0065277777777784
2012-11-06,272,1209,412433349,0.87111111111111106
2012-11-06,272,1208,412433349,3.0581944444444447
2012-11-06,272,1208,412433352,1.2461111111111112
2012-11-06,272,1209,412433352,1.6869444444444444
2012-11-06,272,1209,412449998,1.550138888888889
2012-11-06,272,1209,412433107,4.7877777777777775
2012-11-06,272,1208,412433107,1.1318055555555555
2012-11-06,272,1209,412433108,5.4047222222222224
2012-11-06,272,1208,412433108,1.0604166666666666
2012-11-06,272,1208,412432343,2.221111111111111
2012-11-06,272,1209,412432343,2.6222222222222222
2012-11-06,272,1210,412432343,0.815
2012-11-06,272,1212,412432343,4.464999999999999
2012-11-06,272,1211,412432343,2.9090277777777782
2012-11-06,272,1210,412450008,2.6030555555555557
2012-11-06,272,1209,412450008,10.443194444444444
2012-11-06,272,1212,412450014,2.7498611111111106
2012-11-06,272,1210,412450014,1.2994444444444446
2012-11-06,272,1211,412433376,6.4680555555555559
2012-11-06,272,1209,412433376,0.5065277777777778
2012-11-06,272,1210,412433376,0.24333333333333335
2012-11-06,272,1211,412433377,4.3034722222222221
2012-11-06,272,1210,412433377,0.28097222222222218
2012-11-06,272,1208,412433377,2.1647222222222222
2012-11-06,272,1209,412433377,0.59791666666666665
2012-11-06,272,1212,412433377,4.8416666666666659
2012-11-06,272,1213,412433385,1.05125
2012-11-06,272,1212,412433385,3.1286111111111108
2012-11-06,272,1213,412433386,1.055
2012-11-06,272,1209,412433387,2.5920833333333331
2012-11-06,272,1211,412432365,0.9522222222222223
2012-11-06,272,1209,412432365,2.4868055555555557
2012-11-06,272,1208,412432365,4.64125
2012-11-06,272,1209,412432366,3.7081944444444446
2012-11-06,272,1208,412432366,3.4686111111111106
2012-11-06,272,1211,412432366,1.1643055555555555
2012-11-06,272,1210,412442094,10.581250000000002
2012-11-06,272,1210,412450287,0.24972222222222223
2012-11-06,272,1211,412450287,9.82875
2012-11-06,272,1212,412432369,3.3858333333333333
2012-11-06,272,1208,412432369,0.97569444444444442
2012-11-06,272,1211,412432369,2.661111111111111
2012-11-06,272,1209,412432369,2.0365277777777782
2012-11-06,272,1210,412433393,0.72638888888888886
2012-11-06,272,1211,412433393,2.6275000000000004
2012-11-06,272,1212,412433393,4.2441666666666666
2012-11-06,272,1208,412433393,2.68125
2012-11-06,272,1209,412433393,2.1733333333333338
2012-11-06,272,1214,412440052,16.456527777777779
2012-11-06,272,1210,412432117,0.60930555555555554
2012-11-06,272,1208,412432117,1.8297222222222222
2012-11-06,272,1209,412432117,2.5759722222222221
2012-11-06,272,1208,412433397,6.5188888888888883
2012-11-06,272,1210,412433397,0.8601388888888889
2012-11-06,272,1209,412433397,1.9530555555555558
2012-11-06,272,1211,412433397,1.1945833333333333
2012-11-06,272,1211,412433398,0.93277777777777782
2012-11-06,272,1209,412433398,2.34
2012-11-06,272,1208,412433398,5.893472222222222
2012-11-06,272,1210,412433398,0.45194444444444448
2012-11-06,272,1209,111199994,0.67486111111111113
2012-11-06,272,1209,412432383,0.26652777777777775
2012-11-06,272,1208,412432383,13.196527777777778
2012-11-06,528,45,245813000,0.64597222222222217
2012-11-06,528,46,245813000,5.1693055555555576
2012-11-06,528,-120,228293900,19.866944444444442
2012-11-06,528,14,235028768,0.90638888888888891
2012-11-06,528,46,246001000,6.5312499999999991
2012-11-06,528,45,246001000,1.4894444444444446
2012-11-06,528,24,244427000,1.6405555555555555
2012-11-06,-240,626,225374000,1.5755555555555558
2012-11-06,17,1752,440778000,1.9325
2012-11-06,17,1745,440778000,3.8006944444444448
2012-11-06,17,1753,440778000,1.6556944444444444
2012-11-06,17,1751,440778000,2.8706944444444447
2012-11-06,17,1744,440778000,1.6888888888888891
2012-11-06,17,1750,440778000,0.78041666666666665
2012-11-06,17,1749,440778000,1.8379166666666666
2012-11-06,17,1747,440778000,1.6306944444444444
2012-11-06,17,1748,440778000,6.0470833333333331
2012-11-06,17,1746,440778000,1.5233333333333334
2012-11-06,17,1754,440946000,1.8070833333333334
2012-11-06,17,1749,440731000,0.85430555555555554
2012-11-06,17,1751,440900000,0.99986111111111109
2012-11-06,17,1753,440900000,3.5381944444444438
2012-11-06,17,83,432045000,0.88874999999999993
2012-11-06,17,80,432045000,2.7805555555555559
2012-11-06,273,1208,412432388,3.0080555555555555
2012-11-06,273,1210,412432388,1.9788888888888889
2012-11-06,273,1209,412432388,3.1351388888888887
2012-11-06,273,1213,412432388,0.25597222222222221
2012-11-06,273,1211,412432388,0.42958333333333332
2012-11-06,273,1211,413064196,0.92152777777777772
2012-11-06,273,1210,413064196,10.139583333333334
2012-11-06,273,1207,412433929,13.263888888888891
2012-11-06,273,1209,412432398,3.9836111111111112
2012-11-06,273,1210,412432398,1.3901388888888888
2012-11-06,273,1209,412432401,2.0455555555555556
2012-11-06,273,1210,412432401,1.4249999999999998
2012-11-06,273,1208,412432401,2.2115277777777775
2012-11-06,273,1211,412432402,8.5019444444444439
2012-11-06,273,1209,412432402,1.6391666666666667
2012-11-06,273,1210,412432404,1.0545833333333334
2012-11-06,273,1209,412432404,4.6923611111111123
2012-11-06,273,1210,412432411,0.23861111111111111
2012-11-06,273,1212,412432411,0.43902777777777779
2012-11-06,273,1209,412432411,1.5190277777777776
2012-11-06,273,1211,412432411,2.2938888888888891
2012-11-06,273,1208,412432412,0.5573611111111112
2012-11-06,273,1212,412432412,0.265
2012-11-06,273,1210,412432412,0.27347222222222223
2012-11-06,273,1209,412432412,1.1906944444444445
2012-11-06,273,1211,412432412,1.2629166666666669
2012-11-06,273,1212,413061917,1.3281944444444445
2012-11-06,273,1210,412432176,0.58125
2012-11-06,273,1209,412433459,1.3836111111111111
2012-11-06,273,1209,412433461,1.3327777777777776
2012-11-06,273,1209,412432202,2.748472222222222
2012-11-06,273,1210,412432202,3.375833333333333
2012-11-06,273,1211,412432202,2.01875
2012-11-06,273,1208,900002386,1.8155555555555556
2012-11-06,273,1208,412432211,7.1343055555555557
2012-11-06,273,1214,412432211,0.90638888888888891
2012-11-06,273,1212,412432211,0.76013888888888892
2012-11-06,273,1210,412432211,0.85222222222222221
2012-11-06,273,1209,412432211,1.419861111111111
2012-11-06,273,1213,412432211,0.86638888888888888
2012-11-06,273,1211,412432211,1.7001388888888889
2012-11-06,273,1208,412450134,2.2565277777777775
2012-11-06,273,1209,412450134,7.2331944444444449
2012-11-06,273,1209,412441692,1.4580555555555554
2012-11-06,273,1210,412441692,4.3651388888888887
2012-11-06,273,1208,411229789,0.31180555555555556
2012-11-06,273,1209,411229789,7.995277777777777
2012-11-06,273,1209,412432227,7.1986111111111111
2012-11-06,273,1210,412432227,0.62055555555555564
2012-11-06,273,1208,412433519,1.2675
2012-11-06,273,1209,412433519,1.0323611111111111
2012-11-06,273,1211,412433519,0.706388888888889
2012-11-06,273,1212,412433519,0.57041666666666668
2012-11-06,273,1209,412450159,4.426111111111112
2012-11-06,273,1210,412450159,0.97472222222222227
2012-11-06,273,1211,412450159,2.2970833333333331
2012-11-06,273,1209,412450166,3.0383333333333331
2012-11-06,273,1210,412450166,2.0540277777777778
2012-11-06,273,1214,912041082,1.1427777777777779
2012-11-06,273,1212,900020092,1.0431944444444445
2012-11-06,273,1208,800010888,0.8488888888888888
2012-11-06,273,1214,412433293,2.6111111111111107
2012-11-06,273,1213,412433293,1.86625
2012-11-06,273,1209,412433293,0.27319444444444446
2012-11-06,273,1208,412433293,3.0366666666666666
2012-11-06,273,1212,412433293,1.7491666666666665
2012-11-06,273,1212,412432271,1.5783333333333336
2012-11-06,273,1208,412432271,2.6380555555555558
2012-11-06,273,1213,412432271,1.915
2012-11-06,273,1214,412432271,2.715
2012-11-06,273,1207,412433807,1.8598611111111112
2012-11-06,273,1214,412448662,2.8340277777777776
2012-11-06,273,1208,412433307,13.901111111111112
2012-11-06,273,1208,412433821,3.1959722222222218
2012-11-06,273,1210,800018334,0.27902777777777776
2012-11-06,273,1211,800018334,2.5558333333333336
2012-11-06,273,1214,412442018,1.325
2012-11-06,273,1213,412448679,8.274861111111111
2012-11-06,273,1212,412433577,0.50166666666666671
2012-11-06,273,1213,412433577,1.1990277777777778
2012-11-06,273,1214,412433577,1.3020833333333335
2012-11-06,273,1208,412433577,1.4055555555555554
2012-11-06,273,1207,412433833,15.458888888888884
2012-11-06,273,1206,412433833,2.5527777777777776
2012-11-06,273,1213,412433578,2.0004166666666663
2012-11-06,273,1212,412433578,0.25722222222222224
2012-11-06,273,1214,412433578,1.6661111111111111
2012-11-06,273,1208,412433578,1.3847222222222222
2012-11-06,273,1209,412450223,0.22833333333333333
2012-11-06,273,1210,412432304,2.1836111111111109
2012-11-06,273,1211,412432305,0.62513888888888891
2012-11-06,273,1209,412432305,2.4101388888888891
2012-11-06,273,1210,412432305,7.9983333333333331
2012-11-06,273,1206,412433842,1.620138888888889
2012-11-06,273,1207,412433842,10.359861111111112
2012-11-06,273,1208,111199922,11.720277777777779
2012-11-06,273,1207,412433845,2.2090277777777776
2012-11-06,273,1210,412432314,3.4111111111111114
2012-11-06,273,1209,412432314,2.8637499999999996
2012-11-06,273,1211,412432314,2.1069444444444443
2012-11-06,273,1208,455743165,5.6319444444444446
2012-11-06,273,1212,412325054,0.78527777777777785
2012-11-06,273,1208,412325054,0.20875
2012-11-06,273,1211,412325054,2.4180555555555556
2012-11-06,273,1209,412325054,3.8604166666666666
2012-11-06,273,1210,412325054,1.6531944444444446
2012-11-06,273,1214,412432321,1.4791666666666665
2012-11-06,273,1209,412432321,0.61361111111111111
2012-11-06,273,1212,412432321,0.62
2012-11-06,273,1213,412432321,1.7854166666666669
2012-11-06,273,1207,412433857,10.202222222222222
2012-11-06,273,1206,412433857,0.6036111111111111
2012-11-06,273,1209,412432322,13.994305555555556
2012-11-06,273,1213,412432322,5.6783333333333337
2012-11-06,273,1207,112233666,21.639861111111109
2012-11-06,273,1212,412433347,1.8627777777777776
2012-11-06,273,1211,412433347,2.2294444444444448
2012-11-06,273,1208,412433347,1.61
2012-11-06,273,1209,412433347,3.200277777777778
2012-11-06,273,1213,412433347,0.33763888888888888
2012-11-06,273,1214,412433347,0.2583333333333333
2012-11-06,273,1206,412433859,4.1774999999999993
2012-11-06,273,1207,412433859,12.343055555555553
2012-11-06,273,1211,412433348,1.8
2012-11-06,273,1208,412433348,3.929583333333333
2012-11-06,273,1213,412433348,2.3180555555555555
2012-11-06,273,1214,412433348,1.7886111111111109
2012-11-06,273,1209,412433348,2.8906944444444438
2012-11-06,273,1212,412433348,1.7461111111111112
2012-11-06,273,1210,412433348,0.56305555555555553
2012-11-06,273,1213,900020421,0.82916666666666661
2012-11-06,273,1214,900020421,2.4844444444444442
2012-11-06,273,1211,412433349,1.2709722222222224
2012-11-06,273,1210,412433349,0.50583333333333336
2012-11-06,273,1209,412433349,1.5529166666666665
2012-11-06,273,1208,412433349,5.6854166666666668
2012-11-06,273,1212,412433349,0.77652777777777771
2012-11-06,273,1211,412433352,1.9641666666666671
2012-11-06,273,1209,412433352,6.1409722222222216
2012-11-06,273,1208,412433352,0.87833333333333341
2012-11-06,273,1214,412414665,1.4090277777777778
2012-11-06,273,1213,412414665,0.60125000000000006
2012-11-06,273,1212,412414665,1.693611111111111
2012-11-06,273,1216,902401487,4.5591666666666661
2012-11-06,273,1211,412433107,2.7479166666666668
2012-11-06,273,1209,412433107,5.2868055555555555
2012-11-06,273,1210,412433107,2.2848611111111112
2012-11-06,273,1209,412433108,4.1125
2012-11-06,273,1210,412433108,2.385
2012-11-06,273,1211,412433108,2.2325
2012-11-06,273,1209,412432343,3.6704166666666662
2012-11-06,273,1209,412450008,2.5022222222222221
2012-11-06,273,1210,412450008,1.6345833333333335
2012-11-06,273,1209,412433376,6.34402777777778
2012-11-06,273,1210,412433376,1.1755555555555557
2012-11-06,273,1210,412433377,1.023611111111111
2012-11-06,273,1209,412433377,6.9583333333333339
2012-11-06,273,1209,412433892,6.3876388888888886
2012-11-06,273,1209,412432365,2.6216666666666666
2012-11-06,273,1208,412432365,0.40055555555555555
2012-11-06,273,1213,412432365,0.79833333333333334
2012-11-06,273,1214,412432365,1.1731944444444444
2012-11-06,273,1210,412432365,1.3430555555555554
2012-11-06,273,1214,412432366,0.88083333333333336
2012-11-06,273,1210,412432366,1.3545833333333333
2012-11-06,273,1209,412432366,2.4066666666666667
2012-11-06,273,1210,412432369,0.54486111111111113
2012-11-06,273,1209,412432369,5.391111111111111
2012-11-06,273,1208,412432369,0.60666666666666669
2012-11-06,273,1209,412433393,3.935972222222222
2012-11-06,273,1214,412441843,1.1983333333333333
2012-11-06,273,1213,412441843,0.95333333333333337
2012-11-06,273,1208,412432117,9.542638888888888
2012-11-06,273,1211,412432117,0.94180555555555556
2012-11-06,273,1212,412432117,1.8663888888888889
2012-11-06,273,1210,412432117,0.31625000000000003
2012-11-06,273,1209,412432117,2.6120833333333335
2012-11-06,273,1211,412433397,1.1634722222222222
2012-11-06,273,1209,412433397,1.9336111111111112
2012-11-06,273,1212,412433397,1.0415277777777778
2012-11-06,273,1210,412433397,0.5213888888888889
2012-11-06,273,1208,412433397,1.6909722222222223
2012-11-06,273,1212,412433398,0.9604166666666667
2012-11-06,273,1210,412433398,0.22666666666666666
2012-11-06,273,1209,412433398,1.4597222222222221
2012-11-06,273,1208,412433398,2.0901388888888888
2012-11-06,273,1211,412433398,1.3366666666666669
2012-11-06,273,1209,111199994,0.41541666666666666
2012-11-06,273,1213,412441853,0.32041666666666668
2012-11-06,273,1210,412432383,2.24
2012-11-06,273,1209,412432383,3.1051388888888889
2012-11-06,273,1213,412432383,0.56791666666666663
2012-11-06,529,46,245813000,2.070416666666667
2012-11-06,529,45,245813000,5.0397222222222231
2012-11-06,529,48,246570000,1.0369444444444444
2012-11-06,529,14,235028768,18.999583333333334
2012-11-06,529,15,235028768,0.61694444444444452
2012-11-06,529,13,235028768,3.5186111111111114
2012-11-06,529,-102,250184000,1.2038888888888888
2012-11-06,529,-104,250184000,1.328611111111111
2012-11-06,529,-103,250184000,1.4369444444444444
2012-11-06,529,50,245224000,2.1409722222222225
2012-11-06,529,-101,250136400,0.24666666666666667
2012-11-06,529,-103,250136400,1.4931944444444445
2012-11-06,529,-102,250136400,1.6554166666666665
2012-11-06,529,45,246001000,2.5409722222222224
2012-11-06,529,46,246001000,1.2554166666666666
2012-11-06,529,-103,250137450,2.1422222222222222
2012-11-06,529,50,245456000,0.22486111111111112
2012-11-06,529,48,245456000,0.64999999999999991
2012-11-06,529,49,245456000,1.9318055555555558
2012-11-06,529,51,244090000,0.2125
2012-11-06,529,-318,431802000,2.7133333333333334
2012-11-06,529,-310,431802000,7.3852777777777785
2012-11-06,529,-316,431802000,7.2619444444444445
2012-11-06,529,-317,431802000,0.79263888888888889
2012-11-06,529,-319,431802000,3.4858333333333333
2012-11-06,-495,-603,224571000,2.5994444444444444
2012-11-06,-495,-599,224571000,1.5401388888888889
2012-11-06,-239,622,225374000,1.6612500000000001
2012-11-06,-239,624,225374000,1.4661111111111111
2012-11-06,-239,621,225374000,0.70472222222222225
2012-11-06,18,1748,440946000,1.7265277777777777
2012-11-06,18,1747,440946000,1.4233333333333333
2012-11-06,18,1752,440946000,3.6954166666666666
2012-11-06,18,1749,440946000,2.6693055555555554
2012-11-06,18,1746,440946000,3.6979166666666665
2012-11-06,18,1754,440946000,1.8804166666666666
2012-11-06,18,1750,440946000,1.4556944444444446
2012-11-06,18,1748,440731000,1.0484722222222222
2012-11-06,18,1750,440900000,2.2372222222222224
2012-11-06,18,1745,440900000,1.7025000000000001
2012-11-06,18,1751,440900000,1.8376388888888888
2012-11-06,18,1746,440900000,3.7770833333333331
2012-11-06,18,1747,440900000,1.4305555555555554
2012-11-06,18,1749,440900000,1.2834722222222221
2012-11-06,18,1752,440900000,1.8984722222222221
2012-11-06,18,1748,440900000,3.1918055555555558
2012-11-06,18,1754,440281000,0.94041666666666657
2012-11-06,18,1755,440281000,1.7672222222222222
2012-11-06,18,1753,440281000,0.97722222222222221
2012-11-06,18,84,432045000,1.8480555555555556
2012-11-06,18,83,432045000,2.7513888888888887
2012-11-06,274,1210,900011008,0.21513888888888888
2012-11-06,274,1213,412432388,3.5188888888888887
2012-11-06,274,1211,413064196,7.2440277777777773
2012-11-06,274,1214,412441351,3.8320833333333333
2012-11-06,274,1214,412432401,7.5354166666666655
2012-11-06,274,1213,412432401,0.975
2012-11-06,274,1214,412418839,1.3466666666666667
2012-11-06,274,1212,412432411,1.4304166666666667
2012-11-06,274,1214,412432411,2.8548611111111111
2012-11-06,274,1212,412432412,0.77055555555555555
2012-11-06,274,1214,412432412,4.0883333333333329
2012-11-06,274,1212,413061917,2.9797222222222217
2012-11-06,274,1208,700001071,4.2526388888888889
2012-11-06,274,1207,412433728,7.1991666666666658
2012-11-06,274,1208,412433735,3.6406944444444451
2012-11-06,274,1212,412430664,1.7838888888888889
2012-11-06,274,1212,412432202,1.9886111111111111
2012-11-06,274,1213,412432202,4.3981944444444441
2012-11-06,274,1214,412410698,0.28097222222222223
2012-11-06,274,1213,412410698,0.51041666666666674
2012-11-06,274,1215,412410698,2.7198611111111113
2012-11-06,274,1207,412433741,19.29125
2012-11-06,274,1206,900002386,0.32097222222222221
2012-11-06,274,1208,900002386,3.42375
2012-11-06,274,1214,412432211,2.3720833333333333
2012-11-06,274,1212,412432211,1.0027777777777778
2012-11-06,274,1211,412432211,0.41569444444444442
2012-11-06,274,1208,900000605,4.11375
2012-11-06,274,1212,412430177,1.3144444444444445
2012-11-06,274,1213,412433519,2.8113888888888887
2012-11-06,274,1214,413522033,3.9845833333333331
2012-11-06,274,1214,412450166,1.3623611111111111
2012-11-06,274,1213,412450166,5.9556944444444442
2012-11-06,274,1214,912041082,2.69
2012-11-06,274,1213,412413562,4.1526388888888892
2012-11-06,274,1212,412413562,0.35152777777777777
2012-11-06,274,1212,900020092,1.5644444444444443
2012-11-06,274,1207,412433791,16.809444444444445
2012-11-06,274,1208,412433799,2.0220833333333332
2012-11-06,274,1216,800010888,4.2381944444444439
2012-11-06,274,1213,800010888,0.80347222222222214
2012-11-06,274,1213,412433293,0.36972222222222223
2012-11-06,274,1214,412433293,2.3390277777777779
2012-11-06,274,1214,412432271,2.8630555555555555
2012-11-06,274,1213,412432271,0.87333333333333329
2012-11-06,274,1208,412433807,4.1198611111111108
2012-11-06,274,1207,412433807,10.050972222222223
2012-11-06,274,1214,412448662,5.6893055555555554
2012-11-06,274,1208,412433821,10.675138888888887
2012-11-06,274,1211,800018334,5.0194444444444448
2012-11-06,274,1214,412442018,1.5306944444444444
2012-11-06,274,1215,412442018,1.6904166666666667
2012-11-06,274,1209,412433827,2.7477777777777779
2012-11-06,274,1214,412433577,1.2741666666666667
2012-11-06,274,1214,412433578,1.8802777777777777
2012-11-06,274,1214,412450218,1.1943055555555555
2012-11-06,274,1209,800012461,1.6343055555555557
2012-11-06,274,1214,412450223,4.3809722222222227
2012-11-06,274,1212,412450223,1.4781944444444446
2012-11-06,274,1214,412432305,2.6127777777777776
2012-11-06,274,1212,412432305,2.7834722222222226
2012-11-06,274,1213,412432305,0.48402777777777783
2012-11-06,274,1207,412433845,14.55458333333333
2012-11-06,274,1212,412432314,1.9673611111111109
2012-11-06,274,1211,412432314,0.21680555555555553
2012-11-06,274,1213,412432314,4.4433333333333325
2012-11-06,274,1208,455743165,0.50805555555555559
2012-11-06,274,1212,412325054,0.23430555555555554
2012-11-06,274,1214,412432321,1.8815277777777779
2012-11-06,274,1208,412433857,0.48333333333333328
2012-11-06,274,1207,412433857,8.8233333333333324
2012-11-06,274,1209,412433347,0.76583333333333337
2012-11-06,274,1214,412433347,2.3202777777777781
2012-11-06,274,1214,412433348,2.03625
2012-11-06,274,1214,900020421,2.2701388888888889
2012-11-06,274,1212,412433349,1.0480555555555555
2012-11-06,274,1211,412433349,0.58277777777777784
2012-11-06,274,1211,412433352,0.48902777777777778
2012-11-06,274,1213,412433352,4.4320833333333338
2012-11-06,274,1212,412433352,2.3105555555555557
2012-11-06,274,1207,412299977,6.0016666666666669
2012-11-06,274,1213,412414665,4.3002777777777785
2012-11-06,274,1212,412414665,0.24736111111111111
2012-11-06,274,1214,412414665,0.56013888888888885
2012-11-06,274,1211,412433107,0.20597222222222222
2012-11-06,274,1212,412433107,1.7406944444444445
2012-11-06,274,1213,412433107,3.8673611111111112
2012-11-06,274,1211,412433108,0.26680555555555557
2012-11-06,274,1213,412433108,1.6740277777777779
2012-11-06,274,1212,412433108,1.4994444444444444
2012-11-06,274,1209,412432343,0.26875
2012-11-06,274,1212,412430552,0.92375000000000007
2012-11-06,274,1209,412433892,0.20375
2012-11-06,274,1214,412432365,1.7286111111111111
2012-11-06,274,1214,412432366,0.42319444444444443
2012-11-06,274,1214,412441843,4.1718055555555553
2012-11-06,274,1214,412433397,1.0104166666666667
2012-11-06,274,1212,412433397,0.365
2012-11-06,274,1212,412433398,0.26208333333333333
2012-11-06,274,1213,412441853,2.8695833333333338
2012-11-06,274,1212,412441853,4.2283333333333335
2012-11-06,274,1214,412432383,3.1697222222222221
2012-11-06,274,1213,412432383,2.1658333333333335
2012-11-06,274,1214,412441343,3.9658333333333338
2012-11-06,530,50,244256000,3.5177777777777783
2012-11-06,530,49,244256000,12.702638888888885
2012-11-06,530,51,244256000,2.3823611111111114
2012-11-06,530,49,244032000,15.028055555555552
2012-11-06,530,49,244750339,7.9783333333333335
2012-11-06,530,49,246101000,15.528888888888886
2012-11-06,530,46,245813000,3.3029166666666665
2012-11-06,530,47,245813000,1.0734722222222222
2012-11-06,530,49,244053000,10.721666666666669
2012-11-06,530,49,244060176,7.1599999999999993
2012-11-06,530,49,246570000,0.21111111111111111
2012-11-06,530,48,246570000,1.0420833333333333
2012-11-06,530,49,244740629,11.02888888888889
2012-11-06,530,48,245567000,0.41930555555555554
2012-11-06,530,49,245567000,7.7279166666666645
2012-11-06,530,50,246431000,3.7844444444444445
2012-11-06,530,49,246431000,16.260000000000005
2012-11-06,530,49,244212000,15.462777777777774
2012-11-06,530,49,246516000,14.145138888888889
2012-11-06,530,49,245684000,10.274861111111113
2012-11-06,530,-102,250002465,2.5101388888888887
2012-11-06,530,-99,250002465,1.074861111111111
2012-11-06,530,-101,250002465,5.9225
2012-11-06,530,-100,250002465,2.3077777777777779
2012-11-06,530,49,245737000,10.236249999999998
2012-11-06,530,49,245161000,5.2729166666666671
2012-11-06,530,48,245161000,5.82736111111111
2012-11-06,530,50,244798000,6.0786111111111119
2012-11-06,530,-102,250184000,0.86597222222222225
2012-11-06,530,-99,250184000,1.5266666666666668
2012-11-06,530,-101,250184000,1.8247222222222219
2012-11-06,530,-100,250184000,4.04763888888889
2012-11-06,530,-103,250184000,1.9570833333333333
2012-11-06,530,49,245224000,13.583055555555552
2012-11-06,530,49,244710983,11.508055555555556
2012-11-06,530,50,244710983,10.170000000000002
2012-11-06,530,49,244786000,16.358055555555559
2012-11-06,530,-101,250136400,2.4994444444444444
2012-11-06,530,-100,250136400,1.3062500000000001
2012-11-06,530,-102,250136400,2.225138888888889
2012-11-06,530,-103,250136400,0.85888888888888892
2012-11-06,530,49,245575000,15.420555555555556
2012-11-06,530,49,246439000,5.3915277777777773
2012-11-06,530,46,246001000,1.9093055555555556
2012-11-06,530,47,246001000,0.22277777777777777
2012-11-06,530,49,244305000,9.933888888888891
2012-11-06,530,-102,250137450,2.9820833333333336
2012-11-06,530,-103,250137450,1.548888888888889
2012-11-06,530,50,244646000,3.8890277777777778
2012-11-06,530,49,244646000,4.0076388888888888
2012-11-06,530,48,244646000,0.83027777777777789
2012-11-06,530,49,245158000,1.505
2012-11-06,530,48,245158000,10.168194444444445
2012-11-06,530,48,246427000,0.21666666666666667
2012-11-06,530,49,246427000,16.6725
2012-11-06,530,49,244731000,1.0683333333333334
2012-11-06,530,50,244731000,6.8886111111111124
2012-11-06,530,49,244763000,14.180416666666664
2012-11-06,530,52,245456000,0.83361111111111108
2012-11-06,530,48,245456000,0.85138888888888886
2012-11-06,530,50,245456000,1.0480555555555555
2012-11-06,530,51,245456000,2.2055555555555553
2012-11-06,530,49,245456000,1.2545833333333334
2012-11-06,530,49,246437000,10.54875
2012-11-06,530,51,246437000,6.2573611111111118
2012-11-06,530,49,246426000,7.4265277777777792
2012-11-06,530,48,246426000,2.9815277777777771
2012-11-06,530,52,244090000,0.62805555555555559
2012-11-06,530,50,244090000,3.7469444444444444
2012-11-06,530,49,244090000,1.9522222222222221
2012-11-06,530,51,244090000,4.7716666666666656
2012-11-06,530,51,246202000,3.6670833333333341
2012-11-06,530,49,246202000,10.415972222222221
2012-11-06,530,53,245071000,0.22125
2012-11-06,530,48,244228000,10.719305555555556
2012-11-06,530,49,244228000,5.455972222222222
2012-11-06,530,49,245476000,9.9194444444444443
2012-11-06,530,-102,250001061,2.0613888888888887
2012-11-06,530,-101,250001061,3.0797222222222222
2012-11-06,530,-100,250001061,4.9198611111111106
2012-11-06,530,49,244718000,5.2131944444444454
2012-11-06,530,48,244718000,6.6890277777777776
2012-11-06,530,48,245795000,0.85541666666666671
2012-11-06,530,49,245795000,1.0738888888888889
2012-11-06,530,50,245795000,0.9655555555555555
2012-11-06,530,49,244355000,8.2204166666666669
2012-11-06,530,50,244035000,3.5991666666666666
2012-11-06,530,49,244035000,11.852916666666669
2012-11-06,530,49,246296000,15.482916666666668
2012-11-06,530,49,245336000,10.595972222222223
2012-11-06,530,49,245378000,15.724305555555558
2012-11-06,530,49,245282000,15.76847222222222
2012-11-06,530,49,246092000,0.89958333333333329
2012-11-06,530,51,246092000,6.6683333333333339
2012-11-06,530,50,246092000,2.4452777777777777
2012-11-06,530,51,244012000,3.4070833333333339
2012-11-06,530,49,244012000,8.4958333333333318
2012-11-06,530,49,244225000,8.0727777777777767
2012-11-06,-238,621,225374000,3.5820833333333337
2012-11-06,-238,14,263415290,4.5359722222222221
2012-11-06,-238,17,263415290,4.560138888888889
2012-11-06,-238,15,263415290,4.1673611111111111
2012-11-06,19,1750,440946000,1.9415277777777777
2012-11-06,19,1752,440946000,1.6597222222222223
2012-11-06,19,1751,440946000,1.8347222222222221
2012-11-06,19,1744,441062000,1.7465277777777779
2012-11-06,19,1747,441062000,2.3329166666666667
2012-11-06,19,1753,441062000,3.7365277777777774
2012-11-06,19,1745,441062000,1.9909722222222219
2012-11-06,19,1745,440624000,1.8454166666666669
2012-11-06,19,1748,440900000,1.890138888888889
2012-11-06,19,1752,440281000,1.8805555555555555
2012-11-06,19,1746,440281000,3.6804166666666669
2012-11-06,19,1751,440281000,1.8123611111111111
2012-11-06,19,1750,440281000,3.433472222222222
2012-11-06,19,1748,440281000,0.86819444444444438
2012-11-06,19,1747,440281000,3.2361111111111107
2012-11-06,19,1749,440281000,1.6652777777777779
2012-11-06,19,83,432045000,2.3293055555555555
2012-11-06,19,84,432045000,1.6184722222222221
2012-11-06,275,1210,900011008,6.6462500000000011
2012-11-06,275,1215,412432388,4.1786111111111115
2012-11-06,275,1214,412441351,1.7547222222222221
2012-11-06,275,1210,900001037,0.7531944444444445
2012-11-06,275,1215,412449298,0.10305555555555555
2012-11-06,275,1215,412418839,10.065416666666666
2012-11-06,275,1214,412418839,0.84833333333333338
2012-11-06,275,1210,100710171,1.6347222222222222
2012-11-06,275,1208,900000301,5.666666666666667
2012-11-06,275,1208,412433728,5.1774999999999993
2012-11-06,275,1213,412430664,5.8900000000000006
2012-11-06,275,1212,412430664,0.71763888888888894
2012-11-06,275,1209,412434248,2.9255555555555555
2012-11-06,275,1214,412410698,0.86277777777777775
2012-11-06,275,1216,412410698,1.37625
2012-11-06,275,1213,412410698,0.5197222222222222
2012-11-06,275,1207,412433741,2.3886111111111115
2012-11-06,275,1208,900002386,3.4715277777777782
2012-11-06,275,1213,412412509,0.2401388888888889
2012-11-06,275,1212,412430177,5.1929166666666671
2012-11-06,275,1213,412430177,1.4961111111111112
2012-11-06,275,1212,412450154,0.50763888888888886
2012-11-06,275,1211,900000108,4.2286111111111113
2012-11-06,275,-316,224098420,6.0226388888888893
2012-11-06,275,1214,412417142,0.46347222222222223
2012-11-06,275,1214,412413562,5.459027777777778
2012-11-06,275,1212,412413562,2.3604166666666666
2012-11-06,275,1213,412413562,16.753055555555555
2012-11-06,275,1212,900020092,1.050138888888889
2012-11-06,275,1210,410000002,2.285277777777778
2012-11-06,275,1210,110300040,8.2618055555555561
2012-11-06,275,1214,412433293,1.6130555555555555
2012-11-06,275,1208,412433821,1.26375
2012-11-06,275,1209,412433827,1.1813888888888888
2012-11-06,275,1210,412433827,2.2915277777777781
2012-11-06,275,1215,412433577,1.8859722222222222
2012-11-06,275,1215,412433578,1.1969444444444444
2012-11-06,275,1214,412450218,1.2379166666666666
2012-11-06,275,1210,800012461,2.7776388888888888
2012-11-06,275,1209,800012461,1.4155555555555555
2012-11-06,275,1214,412450223,10.835416666666667
2012-11-06,275,1213,412432305,0.80527777777777776
2012-11-06,275,1214,412432305,2.04625
2012-11-06,275,1215,412432305,0.76138888888888889
2012-11-06,275,1213,412432314,1.0738888888888889
2012-11-06,275,1215,412414656,21.824722222222224
2012-11-06,275,1215,412432321,1.0615277777777776
2012-11-06,275,1214,412432321,0.65097222222222217
2012-11-06,275,1213,412433352,0.49583333333333335
2012-11-06,275,1213,412414665,0.60319444444444437
2012-11-06,275,1215,412414665,1.7611111111111108
2012-11-06,275,1214,412414665,2.4845833333333331
2012-11-06,275,1215,412442318,6.6783333333333337
2012-11-06,275,1214,412442318,1.6593055555555556
2012-11-06,275,1212,333301457,1.0758333333333332
2012-11-06,275,1213,412433107,0.80527777777777776
2012-11-06,275,1213,412433108,1.1955555555555555
2012-11-06,275,1212,412430552,3.768472222222222
2012-11-06,275,1213,412430552,7.8641666666666676
2012-11-06,275,1214,412432365,3.9745833333333334
2012-11-06,275,1209,111199994,6.179444444444445
2012-11-06,275,1210,111199994,7.1677777777777791
2012-11-06,275,1214,412441853,4.492916666666666
2012-11-06,275,1214,412441343,2.8522222222222222
2012-11-06,531,-125,232005120,7.2388888888888889
2012-11-06,531,53,244750339,0.20263888888888887
2012-11-06,531,51,246101000,0.96513888888888877
2012-11-06,531,51,244212000,0.21833333333333332
2012-11-06,531,50,246516000,1.9716666666666667
2012-11-06,531,-102,250002465,2.1620833333333334
2012-11-06,531,-100,250002465,0.85097222222222224
2012-11-06,531,-101,250002465,0.86444444444444435
2012-11-06,531,-101,250184000,1.0745833333333334
2012-11-06,531,-102,250184000,1.3466666666666667
2012-11-06,531,52,244786000,0.88194444444444431
2012-11-06,531,-100,250136400,8.4130555555555535
2012-11-06,531,-101,250136400,4.9729166666666673
2012-11-06,531,-102,250136400,0.23222222222222222
2012-11-06,531,53,244572000,1.6402777777777777
2012-11-06,531,47,246001000,0.8725
2012-11-06,531,-100,250137450,9.8018055555555552
2012-11-06,531,-99,250137450,0.66916666666666669
2012-11-06,531,-102,250137450,0.65222222222222226
2012-11-06,531,-101,250137450,5.5437499999999993
2012-11-06,531,-328,431802000,3.4948611111111112
2012-11-06,531,53,244570000,3.0727777777777776
2012-11-06,531,54,244570000,0.41166666666666668
2012-11-06,531,54,245071000,0.20805555555555555
2012-11-06,531,52,245071000,0.6475
2012-11-06,531,51,245071000,0.8375
2012-11-06,531,53,245071000,2.4888888888888889
2012-11-06,531,51,245476000,2.8147222222222221
2012-11-06,531,-100,250001061,1.068888888888889
2012-11-06,531,-102,250001061,2.1922222222222221
2012-11-06,531,-101,250001061,3.5558333333333332
2012-11-06,531,-125,224792000,7.2293055555555554
2012-11-06,531,51,245378000,0.43527777777777776
2012-11-06,531,50,246092000,1.3195833333333333
2012-11-06,531,49,246092000,0.4275
2012-11-06,531,-125,224780000,7.2290277777777785
2012-11-06,531,47,244854000,0.4177777777777778
2012-11-06,-493,1665,512000072,8.0380555555555571
2012-11-06,-493,669,635225000,4.8681944444444447
2012-11-06,-493,668,635225000,7.5479166666666684
2012-11-06,-493,667,635225000,2.7475
2012-11-06,20,1750,440669000,0.92458333333333331
2012-11-06,20,1753,440669000,6.2245833333333334
2012-11-06,20,1751,440669000,4.35
2012-11-06,20,1749,440669000,1.2497222222222222
2012-11-06,20,1752,440669000,1.8
2012-11-06,20,1748,440669000,2.7508333333333335
2012-11-06,20,1748,441062000,1.7315277777777778
2012-11-06,20,1749,441062000,1.4448611111111112
2012-11-06,20,1750,441062000,3.4375
2012-11-06,20,1752,441062000,1.8451388888888889
2012-11-06,20,1747,441062000,3.5683333333333334
2012-11-06,20,1744,441062000,1.7193055555555556
2012-11-06,20,1747,440624000,1.6775000000000002
2012-11-06,20,1749,440623000,2.7154166666666666
2012-11-06,20,1754,440281000,1.6291666666666667
2012-11-06,20,81,432045000,2.0388888888888892
2012-11-06,20,83,432045000,1.7180555555555554
2012-11-06,276,1214,412441351,0.10041666666666667
2012-11-06,276,1215,412418839,7.4572222222222218
2012-11-06,276,1210,100710171,0.38680555555555557
2012-11-06,276,1208,900000301,0.25819444444444445
2012-11-06,276,-314,224098420,5.0229166666666663
2012-11-06,276,1214,412413562,2.2518055555555554
2012-11-06,276,1210,412433827,1.2615277777777778
2012-11-06,276,1213,333301457,1.59375
2012-11-06,276,1213,412430552,1.5431944444444445
2012-11-06,276,1210,12344567,1.3973611111111111
2012-11-06,532,-125,232005120,7.0015277777777776
2012-11-06,532,52,244032000,3.0545833333333334
2012-11-06,532,-126,227957000,18.983194444444443
2012-11-06,532,52,244873000,10.891666666666671
2012-11-06,532,51,244786000,2.2165277777777779
2012-11-06,532,53,244572000,1.225972222222222
2012-11-06,532,55,244572000,0.21666666666666667
2012-11-06,532,54,244572000,0.42527777777777775
2012-11-06,532,52,244572000,4.7913888888888891
2012-11-06,532,51,244572000,3.5822222222222226
2012-11-06,532,52,244570000,2.2579166666666661
2012-11-06,532,53,244570000,1.2281944444444441
2012-11-06,532,51,244570000,4.5823611111111111
2012-11-06,532,51,244250000,2.28375
2012-11-06,532,51,245071000,6.5537499999999991
2012-11-06,532,53,245071000,0.41138888888888892
2012-11-06,532,54,245071000,0.62
2012-11-06,532,52,245071000,1.6570833333333332
2012-11-06,532,49,245795000,8.5712499999999974
2012-11-06,532,52,246339000,7.5187500000000007
2012-11-06,532,-125,224792000,5.5466666666666669
2012-11-06,532,51,245378000,4.8643055555555543
2012-11-06,532,-125,235054804,12.857499999999998
2012-11-06,532,51,244012000,1.7101388888888887
2012-11-06,532,-125,224780000,11.02027777777778
2012-11-06,532,48,244854000,2.5565277777777782
2012-11-06,532,47,244854000,0.22097222222222224
2012-11-06,532,49,244854000,11.610416666666671
2012-11-06,532,51,244779000,0.2088888888888889
2012-11-06,532,52,244779000,18.099444444444448
2012-11-06,-492,1665,512000072,15.538749999999999
2012-11-06,-492,668,635225000,6.1890277777777776
2012-11-06,-492,667,635225000,1.0301388888888887
2012-11-06,-492,1665,512000192,5.2965277777777775
2012-11-06,-236,14,263415290,2.0183333333333331
2012-11-06,21,1751,440669000,3.6251388888888889
2012-11-06,21,1750,440669000,2.7502777777777778
2012-11-06,21,1743,440624000,0.67069444444444448
2012-11-06,21,1744,440624000,1.1241666666666668
2012-11-06,21,1746,440624000,1.6466666666666667
2012-11-06,21,-1567,440751000,2.9136111111111109
2012-11-06,21,1747,440623000,3.4766666666666666
2012-11-06,21,1749,440623000,3.6488888888888891
2012-11-06,21,1750,440623000,2.0709722222222222
2012-11-06,21,1745,440623000,3.5956944444444443
2012-11-06,21,1746,440623000,2.3401388888888888
2012-11-06,21,1744,440623000,1.8329166666666667
2012-11-06,21,1748,440623000,4.1109722222222214
2012-11-06,21,-1532,440612000,0.96944444444444433
2012-11-06,277,-312,224098420,2.3836111111111111
2012-11-06,277,1210,998500012,4.3741666666666665
2012-11-06,277,-319,224407000,7.0095833333333335
2012-11-06,277,1213,412430552,7.9234722222222222
2012-11-06,277,1209,412434413,9.4320833333333347
2012-11-06,277,1209,412434414,5.5827777777777783
2012-11-06,533,53,244060176,2.7833333333333337
2012-11-06,533,53,245567000,2.0711111111111111
2012-11-06,533,54,244212000,3.8409722222222227
2012-11-06,533,54,246439000,5.8555555555555561
2012-11-06,533,54,244572000,0.64611111111111108
2012-11-06,533,52,244572000,0.82194444444444437
2012-11-06,533,53,244572000,1.2784722222222222
2012-11-06,533,55,244572000,0.22138888888888889
2012-11-06,533,57,245201000,0.83333333333333337
2012-11-06,533,56,245201000,0.82611111111111113
2012-11-06,533,54,244305000,2.5276388888888892
2012-11-06,533,51,244250000,9.7224999999999984
2012-11-06,533,52,244718000,1.7033333333333334
2012-11-06,533,49,245795000,7.701944444444444
2012-11-06,533,51,246339000,6.4627777777777773
2012-11-06,533,-124,224792000,11.826388888888889
2012-11-06,533,-125,224792000,11.549027777777777
2012-11-06,533,-125,225378000,11.755
2012-11-06,533,-125,235054804,9.1488888888888891
2012-11-06,533,52,244225000,4.2454166666666664
2012-11-06,533,49,244854000,1.06875
2012-11-06,-491,667,635225000,0.77777777777777779
2012-11-06,-491,668,635225000,1.0056944444444444
2012-11-06,-491,1665,512000192,18.226666666666667
2012-11-06,-235,12,263415290,4.1423611111111107
2012-11-06,22,1756,440796000,1.6761111111111111
2012-11-06,22,-1572,440986000,1.8361111111111108
2012-11-06,22,-1573,440986000,1.928333333333333
2012-11-06,22,-1567,440751000,1.8680555555555558
2012-11-06,22,-1533,440612000,3.1931944444444449
2012-11-06,22,-1531,440612000,2.7776388888888892
2012-11-06,22,-1532,440612000,2.2691666666666666
2012-11-06,22,1752,440281000,1.9969444444444444
2012-11-06,22,1531,529004000,0.93194444444444446
2012-11-06,22,1532,529004000,0.9669444444444445
2012-11-06,22,1746,440950000,6.4693055555555556
2012-11-06,22,1752,440950000,5.2761111111111108
2012-11-06,22,1750,440950000,1.703611111111111
2012-11-06,22,1751,440950000,9.8097222222222236
2012-11-06,22,1749,440950000,3.1979166666666665
2012-11-06,278,1212,100711179,2.1701388888888888
2012-11-06,278,1212,999000012,0.60541666666666671
2012-11-06,534,-125,232005120,9.1470833333333328
2012-11-06,534,-124,232005120,10.769444444444444
2012-11-06,534,62,245856000,1.9058333333333335
2012-11-06,534,53,244328000,1.0523611111111111
2012-11-06,534,55,244328000,2.2593055555555552
2012-11-06,534,54,244328000,8.3259722222222212
2012-11-06,534,57,244328000,0.41972222222222222
2012-11-06,534,57,244157000,0.40277777777777779
2012-11-06,534,58,245201000,4.12736111111111
2012-11-06,534,56,245201000,0.60763888888888884
2012-11-06,534,57,245201000,8.6473611111111115
2012-11-06,534,60,245328000,3.5052777777777777
2012-11-06,534,61,245328000,13.19166666666667
2012-11-06,534,56,245572000,0.20319444444444446
2012-11-06,534,57,245572000,0.40972222222222221
2012-11-06,534,55,245572000,0.6183333333333334
2012-11-06,534,61,244323000,0.67708333333333326
2012-11-06,534,60,244323000,1.7304166666666665
2012-11-06,534,-35,235078077,1.2391666666666667
2012-11-06,534,-36,235078077,0.83902777777777771
2012-11-06,534,61,244730318,4.3408333333333333
2012-11-06,534,62,244730318,0.42458333333333331
2012-11-06,534,60,246338000,0.43680555555555556
2012-11-06,534,-125,225378000,8.93986111111111
2012-11-06,534,-124,225378000,16.613194444444446
2012-11-06,534,-124,235054804,10.488055555555555
2012-11-06,534,-124,224780000,9.9472222222222229
2012-11-06,-234,2,224076000,1.5905555555555555
2012-11-06,-234,12,263415290,1.7958333333333334
2012-11-06,-234,13,263415290,1.5694444444444444
2012-11-06,-234,552,660002300,4.8666666666666671
2012-11-06,23,1756,440796000,0.9725
2012-11-06,23,1750,440796000,2.3208333333333333
2012-11-06,23,1749,440796000,2.0143055555555556
2012-11-06,23,1755,440796000,0.97736111111111112
2012-11-06,23,1754,440796000,3.5972222222222223
2012-11-06,23,1748,440796000,1.9141666666666666
2012-11-06,23,1747,440796000,3.4480555555555554
2012-11-06,23,1753,440796000,1.8402777777777777
2012-11-06,23,1752,440796000,1.5220833333333332
2012-11-06,23,1751,440796000,3.5088888888888889
2012-11-06,23,1578,416002922,9.8431944444444444
2012-11-06,23,1735,440773000,4.35875
2012-11-06,23,-1573,440986000,3.90125
2012-11-06,23,-1570,440986000,3.7138888888888886
2012-11-06,23,-1576,440986000,1.71125
2012-11-06,23,-1572,440986000,0.82805555555555554
2012-11-06,23,-1578,440986000,1.1018055555555555
2012-11-06,23,-1571,440986000,5.1980555555555572
2012-11-06,23,-1567,440751000,1.8251388888888889
2012-11-06,23,-1568,440751000,1.3720833333333333
2012-11-06,23,-1533,440612000,1.9220833333333329
2012-11-06,23,1751,440620000,10.331388888888888
2012-11-06,23,1530,529004000,0.90555555555555567
2012-11-06,279,1212,999000012,1.3591666666666666
2012-11-06,279,1212,700000754,0.66861111111111116
2012-11-06,535,64,246238000,0.63708333333333333
2012-11-06,535,63,246238000,1.6947222222222225
2012-11-06,535,55,244328000,6.0505555555555564
2012-11-06,535,57,244328000,0.85027777777777791
2012-11-06,535,56,244328000,3.3058333333333332
2012-11-06,535,54,244328000,1.4905555555555554
2012-11-06,535,-45,235000900,2.0626388888888889
2012-11-06,535,-46,235000900,3.3
2012-11-06,535,-44,235000900,2.346805555555556
2012-11-06,535,-47,235000900,5.2556944444444458
2012-11-06,535,55,244157000,2.0443055555555554
2012-11-06,535,59,244157000,1.2875
2012-11-06,535,56,244157000,11.29805555555556
2012-11-06,535,57,244157000,3.9294444444444441
2012-11-06,535,58,244157000,1.4993055555555554
2012-11-06,535,61,244658000,3.5795833333333333
2012-11-06,535,60,244658000,2.3530555555555552
2012-11-06,535,59,244658000,5.2870833333333334
2012-11-06,535,-118,227377000,1.7104166666666669
2012-11-06,535,-45,235069036,1.4381944444444443
2012-11-06,535,-44,235069036,7.7399999999999984
2012-11-06,535,-42,235069036,5.0127777777777762
2012-11-06,535,-43,235069036,8.7630555555555567
2012-11-06,535,62,244806000,3.4579166666666667
2012-11-06,535,63,244806000,0.88305555555555548
2012-11-06,535,61,245328000,3.0263888888888886
2012-11-06,535,60,245328000,1.1098611111111112
2012-11-06,535,61,244165000,0.83402777777777781
2012-11-06,535,58,244165000,1.2768055555555557
2012-11-06,535,59,244165000,7.1594444444444445
2012-11-06,535,60,244165000,2.5427777777777782
2012-11-06,535,63,244965000,2.7618055555555556
2012-11-06,535,61,244965000,0.8748611111111112
2012-11-06,535,59,244965000,0.20986111111111111
2012-11-06,535,62,244965000,0.86097222222222225
2012-11-06,535,64,244965000,0.86902777777777773
2012-11-06,535,60,244965000,0.44222222222222218
2012-11-06,535,56,245572000,14.714305555555557
2012-11-06,535,55,245572000,1.849861111111111
2012-11-06,535,57,245572000,1.4331944444444444
2012-11-06,535,-48,232006310,3.8190277777777775
2012-11-06,535,-50,232006310,1.9030555555555557
2012-11-06,535,-51,232006310,0.61708333333333332
2012-11-06,535,-47,232006310,0.44041666666666668
2012-11-06,535,-49,232006310,4.4869444444444451
2012-11-06,535,57,245262000,4.137777777777778
2012-11-06,535,56,245262000,10.919583333333334
2012-11-06,535,58,245262000,4.019861111111112
2012-11-06,535,59,245262000,0.655
2012-11-06,535,55,245262000,0.62208333333333332
2012-11-06,535,61,244686000,0.62763888888888886
2012-11-06,535,60,244323000,1.8969444444444441
2012-11-06,535,59,244323000,2.5149999999999997
2012-11-06,535,59,245667000,5.84125
2012-11-06,535,60,245667000,2.6325000000000003
2012-11-06,535,58,245667000,0.69180555555555556
2012-11-06,535,-59,250001083,1.4968055555555557
2012-11-06,535,59,245442000,3.8494444444444449
2012-11-06,535,60,245442000,4.4798611111111111
2012-11-06,535,61,245442000,1.931527777777778
2012-11-06,535,62,245442000,2.0011111111111108
2012-11-06,535,63,245442000,2.9309722222222225
2012-11-06,535,61,246338000,1.3201388888888888
2012-11-06,535,63,246338000,0.2125
2012-11-06,535,59,246338000,1.4825
2012-11-06,535,62,246338000,1.4977777777777779
2012-11-06,535,60,246338000,2.1776388888888887
2012-11-06,535,57,244759000,1.0820833333333333
2012-11-06,535,56,244759000,0.87611111111111106
2012-11-06,535,58,244759000,0.21111111111111111
2012-11-06,535,-58,250230000,2.1854166666666668
2012-11-06,535,-59,250230000,0.23222222222222222
2012-11-06,535,-1332,316001023,1.5991666666666666
2012-11-06,535,-1333,316001023,3.8236111111111115
2012-11-06,-233,-5,224076000,0.92263888888888879
2012-11-06,-233,-1,224076000,0.78347222222222224
2012-11-06,-233,-4,224076000,1.4031944444444444
2012-11-06,-233,-2,224076000,1.2094444444444445
2012-11-06,-233,-3,224076000,1.8026388888888891
2012-11-06,-233,1,224076000,2.7018055555555556
2012-11-06,-233,13,263415290,0.88194444444444442
2012-11-06,-233,551,660002300,2.3661111111111111
2012-11-06,-233,553,660002300,2.5197222222222222
2012-11-06,24,1754,440584000,3.3036111111111111
2012-11-06,24,1747,440584000,1.7248611111111112
2012-11-06,24,1749,440584000,2.3105555555555557
2012-11-06,24,1750,440584000,4.195
2012-11-06,24,1752,440584000,2.8919444444444444
2012-11-06,24,1751,440584000,3.8727777777777779
2012-11-06,24,1748,440584000,3.7216666666666667
2012-11-06,24,1753,440584000,1.8683333333333334
2012-11-06,24,1578,416002922,0.86277777777777775
2012-11-06,24,1730,440773000,1.7722222222222221
2012-11-06,24,1733,440773000,2.4219444444444447
2012-11-06,24,1732,440773000,2.2541666666666664
2012-11-06,24,1734,440773000,1.8598611111111112
2012-11-06,24,1731,440773000,3.6613888888888888
2012-11-06,24,-1573,440986000,0.38458333333333339
2012-11-06,24,-1572,440986000,0.46916666666666662
2012-11-06,24,-1575,440986000,1.7597222222222222
2012-11-06,24,-1578,440986000,0.90402777777777776
2012-11-06,24,-1567,440751000,1.65875
2012-11-06,24,-1569,440751000,1.6734722222222222
2012-11-06,24,-1570,440751000,3.3448611111111113
2012-11-06,24,-1571,440751000,1.8247222222222224
2012-11-06,24,-1568,440751000,1.7638888888888888
2012-11-06,280,-316,224407000,5.0177777777777779
2012-11-06,536,-120,224069130,7.25
2012-11-06,536,63,246238000,3.9723611111111103
2012-11-06,536,64,246238000,4.9608333333333325
2012-11-06,536,65,246238000,0.64250000000000007
2012-11-06,536,-59,250000433,0.68833333333333324
2012-11-06,536,81,211101000,0.63055555555555554
2012-11-06,536,80,211101000,1.2581944444444444
2012-11-06,536,-118,227377000,26.839027777777776
2012-11-06,536,-117,227377000,2.6300000000000003
2012-11-06,536,-116,227377000,0.49805555555555558
2012-11-06,536,-120,225382000,1.6118055555555557
2012-11-06,536,-121,225382000,6.1444444444444448
2012-11-06,536,64,244806000,1.6168055555555554
2012-11-06,536,65,244806000,1.5975
2012-11-06,536,66,244806000,0.71847222222222218
2012-11-06,536,62,244806000,0.22791666666666666
2012-11-06,536,63,244806000,1.277222222222222
2012-11-06,536,73,211152000,0.62652777777777779
2012-11-06,536,64,244965000,2.2034722222222221
2012-11-06,536,63,244965000,0.43194444444444446
2012-11-06,536,65,244965000,0.86694444444444452
2012-11-06,536,71,211492000,2.0834722222222224
2012-11-06,536,70,211492000,0.83277777777777773
2012-11-06,536,69,211492000,0.20805555555555555
2012-11-06,536,-49,232006310,4.8218055555555557
2012-11-06,536,-50,232006310,5.6774999999999993
2012-11-06,536,-51,232006310,0.8320833333333334
2012-11-06,536,-48,232006310,1.4868055555555557
2012-11-06,536,-59,250000565,1.1801388888888888
2012-11-06,536,-60,250000565,0.82194444444444448
2012-11-06,536,-60,250001083,1.7743055555555558
2012-11-06,536,-59,250001083,0.69361111111111118
2012-11-06,536,65,246338000,1.1890277777777776
2012-11-06,536,63,246338000,1.0727777777777778
2012-11-06,536,64,246338000,1.1054166666666667
2012-11-06,536,66,246338000,0.24486111111111111
2012-11-06,536,-58,250230000,1.3177777777777777
2012-11-06,536,-59,250230000,4.4319444444444445
2012-11-06,536,-60,250230000,0.61402777777777784
2012-11-06,-232,489,533333009,1.8293055555555555
2012-11-06,-232,488,533333009,6.622361111111112
2012-11-06,-232,-1,224076000,2.8659722222222217
2012-11-06,-232,552,660002300,1.6472222222222221
2012-11-06,25,-262,224306000,2.5106944444444448
2012-11-06,25,1579,416002922,2.0319444444444446
2012-11-06,25,1736,440773000,4.722777777777778
2012-11-06,25,1729,440773000,2.8055555555555554
2012-11-06,25,-1572,440751000,1.8306944444444446
2012-11-06,25,-1569,440751000,1.9083333333333334
2012-11-06,281,-311,224098420,1.8773611111111113
2012-11-06,281,-312,224098420,0.94152777777777774
2012-11-06,281,-315,224407000,1.4627777777777777
2012-11-06,537,-51,205333000,1.0726388888888889
2012-11-06,537,-50,205333000,2.2816666666666667
2012-11-06,537,-120,224069130,2.1463888888888887
2012-11-06,537,-61,235014666,0.5708333333333333
2012-11-06,537,-60,235014666,1.2390277777777778
2012-11-06,537,-58,235014666,3.1515277777777779
2012-11-06,537,-59,250000433,2.23375
2012-11-06,537,75,211176000,6.0205555555555552
2012-11-06,537,74,211176000,2.7849999999999997
2012-11-06,537,84,211438440,1.4469444444444441
2012-11-06,537,-117,227377000,0.54208333333333325
2012-11-06,537,-116,227377000,2.2658333333333331
2012-11-06,537,-115,227377000,0.72805555555555546
2012-11-06,537,-61,235014511,4.0076388888888888
2012-11-06,537,-120,225382000,4.2686111111111114
2012-11-06,537,70,211292280,1.2944444444444443
2012-11-06,537,72,211292280,0.42444444444444446
2012-11-06,537,69,211292280,1.8547222222222222
2012-11-06,537,68,211292280,2.3902777777777779
2012-11-06,537,71,211292280,1.0698611111111112
2012-11-06,537,67,211292280,1.12625
2012-11-06,537,73,211152000,4.8213888888888894
2012-11-06,537,68,244965000,0.67999999999999994
2012-11-06,537,65,244965000,0.47791666666666666
2012-11-06,537,67,244965000,2.235
2012-11-06,537,66,244965000,2.4345833333333338
2012-11-06,537,71,211492000,0.20402777777777778
2012-11-06,537,70,211492000,1.6593055555555556
2012-11-06,537,-61,235000743,1.2459722222222223
2012-11-06,537,-58,235000743,0.43916666666666671
2012-11-06,537,-59,250000565,0.4675
2012-11-06,537,-58,250000565,1.9831944444444445
2012-11-06,537,-60,250000565,1.9484722222222222
2012-11-06,537,-61,250000565,3.4909722222222213
2012-11-06,537,-58,235013325,1.8979166666666667
2012-11-06,537,-61,235013325,1.804861111111111
2012-11-06,537,-60,235013325,0.20847222222222223
2012-11-06,537,66,246338000,0.69944444444444442
2012-11-06,537,67,246338000,1.3202777777777777
2012-11-06,537,68,246338000,0.88125
2012-11-06,537,-110,250262000,7.5027777777777782
2012-11-06,-231,484,533333009,9.0615277777777781
2012-11-06,-231,136,659620000,0.84166666666666656
2012-11-06,-231,551,660002300,1.6595833333333334
2012-11-06,-231,550,660002300,3.9654166666666661
2012-11-06,26,-261,224306000,0.96819444444444436
2012-11-06,26,-1572,440751000,1.7263888888888888
2012-11-06,282,-314,224098420,1.7115277777777778
2012-11-06,282,-314,224407000,1.3931944444444444
2012-11-06,538,-51,205333000,7.774583333333335
2012-11-06,538,-50,205333000,3.7981944444444453
2012-11-06,538,-52,205333000,3.3977777777777778
2012-11-06,538,-119,224069130,1.3170833333333334
2012-11-06,538,-60,235014666,4.1506944444444454
2012-11-06,538,-61,235014666,0.89222222222222225
2012-11-06,538,-58,235014666,4.753055555555556
2012-11-06,538,-61,250000433,4.7924999999999995
2012-11-06,538,-60,250000433,3.3405555555555564
2012-11-06,538,-59,250000433,1.2694444444444446
2012-11-06,538,84,211438440,0.20611111111111111
2012-11-06,538,83,211438440,4.8229166666666661
2012-11-06,538,82,211438440,1.2619444444444443
2012-11-06,538,-61,235014511,3.140138888888889
2012-11-06,538,-60,235014511,2.7415277777777782
2012-11-06,538,-58,235014511,4.52375
2012-11-06,538,-118,225382000,1.6809722222222221
2012-11-06,538,-119,225382000,5.86
2012-11-06,538,-61,235000743,2.5465277777777775
2012-11-06,538,-58,235000743,4.1255555555555556
2012-11-06,538,-60,235000743,3.1569444444444441
2012-11-06,538,-127,232006830,1.5730555555555557
2012-11-06,538,-61,250000565,3.9468055555555552
2012-11-06,538,-58,250000565,1.5220833333333332
2012-11-06,538,-60,250000565,6.5173611111111107
2012-11-06,538,-59,250000565,2.0530555555555559
2012-11-06,538,-58,235013325,4.3445833333333335
2012-11-06,538,-60,235013325,3.7906944444444441
2012-11-06,538,-61,235013325,2.3273611111111108
2012-11-06,538,-59,235013325,0.6333333333333333
2012-11-06,538,-115,227383000,4.8211111111111107
2012-11-06,538,-135,224000220,18.179027777777776
2012-11-06,538,-137,224000220,11.825
2012-11-06,538,69,245100000,0.42777777777777781
2012-11-06,538,71,245100000,1.2752777777777777
2012-11-06,538,70,245100000,1.4904166666666667
2012-11-06,538,73,245100000,0.65999999999999992
2012-11-06,538,72,245100000,1.0431944444444443
2012-11-06,538,-110,250262000,3.9380555555555561
2012-11-06,538,-109,250262000,0.24180555555555555
2012-11-06,-230,558,660003100,3.4309722222222216
2012-11-06,-230,9,432276000,0.26013888888888886
2012-11-06,-230,138,659620000,1.8245833333333332
2012-11-06,-230,143,659620000,0.33986111111111111
2012-11-06,-230,550,660002300,4.3808333333333334
2012-11-06,27,-261,224306000,1.7555555555555558
2012-11-06,27,1580,416002922,9.1365277777777774
2012-11-06,27,1748,440770000,0.65972222222222232
2012-11-06,27,1749,440770000,1.1322222222222222
2012-11-06,283,-313,224407000,2.55
2012-11-06,539,-60,235014666,0.60972222222222228
2012-11-06,539,-59,235014666,3.0756944444444443
2012-11-06,539,-58,235014666,5.597083333333333
2012-11-06,539,85,211625000,4.6608333333333336
2012-11-06,539,84,211625000,4.3583333333333334
2012-11-06,539,86,211625000,1.6472222222222224
2012-11-06,539,83,211625000,0.2323611111111111
2012-11-06,539,-60,235014511,2.7080555555555557
2012-11-06,539,-58,235014511,4.2152777777777786
2012-11-06,539,-59,235014511,2.7466666666666661
2012-11-06,539,-38,235015841,2.6994444444444445
2012-11-06,539,-36,235015841,3.1063888888888886
2012-11-06,539,-37,235015841,14.270277777777777
2012-11-06,539,-59,235000743,2.5391666666666666
2012-11-06,539,-60,235000743,2.713055555555556
2012-11-06,539,-58,235000743,4.8909722222222216
2012-11-06,539,-57,235013325,0.836111111111111
2012-11-06,539,-58,235013325,3.5620833333333337
2012-11-06,539,-60,235013325,2.0909722222222222
2012-11-06,539,-59,235013325,2.3420833333333331
2012-11-06,539,-113,227383000,3.2583333333333333
2012-11-06,539,-112,227383000,3.8838888888888889
2012-11-06,539,-114,227383000,1.3713888888888888
2012-11-06,539,-111,227383000,2.091388888888889
2012-11-06,539,-109,250262000,1.5636111111111113
2012-11-06,539,-108,250262000,1.754027777777778
2012-11-06,-229,486,533333009,5.2744444444444447
2012-11-06,-229,555,660003100,1.6465277777777778
2012-11-06,-229,551,660003100,6.6648611111111125
2012-11-06,-229,556,660003100,1.5983333333333332
2012-11-06,-229,9,432276000,0.90972222222222221
2012-11-06,-229,544,660000300,3.93875
2012-11-06,-229,546,660000300,2.3488888888888888
2012-11-06,-229,547,660000300,3.6275
2012-11-06,-229,548,660000300,6.684166666666667
2012-11-06,28,1760,440777000,2.0125
2012-11-06,28,1754,440777000,0.91583333333333328
2012-11-06,28,1759,440777000,1.6248611111111111
2012-11-06,28,1755,440777000,1.831388888888889
2012-11-06,28,-260,224306000,3.0741666666666667
2012-11-06,28,-261,224306000,0.92402777777777789
2012-11-06,28,1733,441660000,0.78319444444444442
2012-11-06,28,1580,416002922,5.6773611111111109
2012-11-06,284,-316,224098420,3.5319444444444441
2012-11-06,540,-63,235012112,0.20583333333333331
2012-11-06,540,-62,235012112,2.3356944444444445
2012-11-06,540,-63,235066405,4.3540277777777785
2012-11-06,540,-62,235066405,3.62
2012-11-06,540,82,211625000,1.6918055555555556
2012-11-06,540,83,211625000,1.1370833333333332
2012-11-06,540,-1665,338643000,1.6711111111111112
2012-11-06,540,-1664,338643000,2.1893055555555558
2012-11-06,540,84,244038000,0.21611111111111111
2012-11-06,540,-1668,367484550,5.0123611111111108
2012-11-06,540,-1667,367484550,0.60944444444444446
2012-11-06,540,-38,235015841,2.6819444444444445
2012-11-06,540,-37,235015841,1.2390277777777778
2012-11-06,540,-38,235007912,5.3777777777777773
2012-11-06,540,-37,235007912,17.185416666666665
2012-11-06,540,-63,235001525,4.2054166666666664
2012-11-06,540,-110,227383000,1.2615277777777778
2012-11-06,540,-111,227383000,6.9804166666666658
2012-11-06,540,-107,250262000,1.8326388888888889
2012-11-06,540,-108,250262000,0.43458333333333332
2012-11-06,796,182,276388000,1.5777777777777777
2012-11-06,796,184,276388000,2.3445833333333335
2012-11-06,-484,-761,725000285,3.38375
2012-11-06,-484,-764,725000285,6.8718055555555564
2012-11-06,-484,-763,725000285,1.5373611111111112
2012-11-06,-484,-765,725000285,3.1404166666666669
2012-11-06,-228,554,660003100,0.68708333333333327
2012-11-06,-228,548,660003100,2.3991666666666664
2012-11-06,-228,553,660003100,3.6770833333333335
2012-11-06,-228,10,432276000,1.6827777777777777
2012-11-06,-228,546,660000300,1.7083333333333335
2012-11-06,-228,543,660000300,0.9291666666666667
2012-11-06,-228,544,660000300,1.6473611111111111
2012-11-06,-228,1527,503647900,11.129305555555556
2012-11-06,-228,1528,503647900,12.621944444444443
2012-11-06,29,1754,440777000,2.2581944444444444
2012-11-06,29,1755,440777000,2.495
2012-11-06,29,1757,440777000,8.8570833333333336
2012-11-06,29,1756,440777000,3.8716666666666666
2012-11-06,29,1751,440770000,1.649861111111111
2012-11-06,541,-1665,338643000,6.2243055555555546
2012-11-06,541,-1664,338643000,9.5248611111111128
2012-11-06,541,-1318,316006988,1.7834722222222221
2012-11-06,541,83,244038000,0.31513888888888891
2012-11-06,541,-1663,366384000,1.5990277777777777
2012-11-06,541,-1663,367484550,1.2149999999999999
2012-11-06,541,-1664,367484550,0.82972222222222225
2012-11-06,541,-1666,367484550,1.1344444444444444
2012-11-06,541,60,246009000,1.1069444444444445
2012-11-06,541,61,246009000,3.5888888888888886
2012-11-06,541,63,246009000,0.3709722222222222
2012-11-06,541,62,246009000,12.256388888888891
2012-11-06,541,-38,235007912,0.60847222222222219
2012-11-06,541,-37,235007912,0.82111111111111112
2012-11-06,797,181,276388000,1.5875
2012-11-06,-483,-764,725000285,3.45875
2012-11-06,-483,-763,725000285,5.6806944444444447
2012-11-06,-227,545,660003100,3.9508333333333332
2012-11-06,-227,542,660000300,3.46625
2012-11-06,30,-260,224306000,1.2766666666666666
2012-11-06,30,-259,224306000,1.6956944444444444
2012-11-06,30,1733,441660000,0.93069444444444438
2012-11-06,30,1734,441660000,0.80277777777777781
2012-11-06,30,1755,440770000,2.48625
2012-11-06,542,-106,250165000,0.27611111111111108
2012-11-06,542,70,246068000,8.39638888888889
2012-11-06,542,65,246068000,3.0991666666666666
2012-11-06,542,69,246068000,3.9513888888888888
2012-11-06,542,-1664,338643000,4.4755555555555562
2012-11-06,542,-3,234771000,0.37527777777777777
2012-11-06,542,65,244381000,3.5622222222222226
2012-11-06,542,-1316,316006988,0.79444444444444451
2012-11-06,542,-1318,316006988,0.77763888888888888
2012-11-06,542,-1317,316006988,1.6427777777777777
2012-11-06,542,84,211815000,0.21277777777777779
2012-11-06,542,65,245564000,5.0069444444444446
2012-11-06,542,-1662,366384000,5.4475000000000007
2012-11-06,542,-1662,367484550,3.385
2012-11-06,542,119,211243240,4.1006944444444446
2012-11-06,798,180,276388000,1.5793055555555555
2012-11-06,798,179,276388000,1.57375
2012-11-06,-226,9,432276000,1.6908333333333334
2012-11-06,31,-260,224306000,0.89430555555555558
2012-11-06,31,1585,416221800,2.7830555555555554
2012-11-06,31,1753,440770000,1.6715277777777779
2012-11-06,31,1755,440770000,2.7466666666666666
2012-11-06,31,1756,440770000,1.65125
2012-11-06,31,1757,440770000,2.330972222222222
2012-11-06,31,1754,440770000,0.92208333333333337
2012-11-06,287,-315,224407000,2.8079166666666664
2012-11-06,543,64,246068000,9.574583333333333
2012-11-06,543,113,211400000,0.81041666666666667
2012-11-06,543,112,211400000,0.81916666666666671
2012-11-06,543,61,244381000,0.91944444444444451
2012-11-06,543,62,244381000,2.4625
2012-11-06,543,65,244381000,10.445833333333333
2012-11-06,543,64,244381000,2.5683333333333334
2012-11-06,543,-1314,316006988,2.0322222222222224
2012-11-06,543,64,245564000,4.9961111111111114
2012-11-06,543,65,245564000,1.3011111111111111
2012-11-06,543,60,245564000,5.1288888888888886
2012-11-06,543,156,261018980,1.3504166666666668
2012-11-06,543,157,261018980,5.3451388888888891
2012-11-06,543,-1660,367484550,1.5222222222222221
2012-11-06,543,-1662,367484550,1.8391666666666666
2012-11-06,543,112,211535000,1.1115277777777779
2012-11-06,543,60,246009000,1.9383333333333332
2012-11-06,543,61,246009000,10.305000000000001
2012-11-06,799,177,276388000,7.087361111111111
2012-11-06,32,-260,224306000,0.79777777777777781
2012-11-06,32,1585,416221800,1.4856944444444444
2012-11-06,32,1757,440770000,2.0181944444444446
2012-11-06,32,1754,440770000,2.9661111111111111
2012-11-06,32,1755,440770000,1.7990277777777779
2012-11-06,32,1756,440770000,1.6080555555555556
2012-11-06,288,1222,412412558,15.125555555555556
2012-11-06,288,-317,224407000,1.7406944444444443
2012-11-06,544,-105,250165000,1.6490277777777778
2012-11-06,544,137,211390480,3.9097222222222232
2012-11-06,544,114,211400000,0.40194444444444444
2012-11-06,544,113,211400000,3.4606944444444445
2012-11-06,544,62,245564000,9.9029166666666661
2012-11-06,544,61,245564000,0.8240277777777778
2012-11-06,544,114,211516260,3.0700000000000003
2012-11-06,544,113,211516260,1.8450000000000002
2012-11-06,544,-1661,367484550,5.5874999999999995
2012-11-06,544,-1660,367484550,1.662638888888889
2012-11-06,544,113,211535000,3.9445833333333331
2012-11-06,544,114,211535000,0.225
2012-11-06,544,137,211317720,3.8943055555555559
2012-11-06,800,175,276388000,1.5623611111111111
2012-11-06,800,171,276388000,1.5666666666666667
2012-11-06,800,172,276388000,2.3818055555555557
2012-11-06,800,173,276388000,1.56375
2012-11-06,-224,503,416002659,1.7647222222222223
2012-11-06,-224,504,416002659,12.000694444444445
2012-11-06,33,1585,416221800,3.5154166666666664
2012-11-06,33,1588,416221800,3.6118055555555557
2012-11-06,289,1224,412413713,0.37180555555555556
2012-11-06,289,1223,412436247,13.680833333333332
2012-11-06,289,1220,412436026,3.13
2012-11-06,289,1221,412411235,1.4893055555555557
2012-11-06,289,1220,412411235,23.129861111111108
2012-11-06,289,1223,412412558,14.743888888888888
2012-11-06,289,-318,224407000,0.96388888888888891
2012-11-06,545,137,211390480,1.5051388888888888
2012-11-06,545,142,211390480,3.0652777777777773
2012-11-06,545,143,211390480,1.2002777777777778
2012-11-06,545,144,211390480,0.99958333333333338
2012-11-06,545,113,211400000,0.20583333333333331
2012-11-06,545,-93,246429000,3.3890277777777778
2012-11-06,545,113,211516260,1.8537499999999998
2012-11-06,545,188,261003910,0.44888888888888889
2012-11-06,545,113,211535000,0.21180555555555555
2012-11-06,545,160,261002420,0.50069444444444444
2012-11-06,545,55,245922000,11.05263888888889
2012-11-06,545,56,245922000,1.0820833333333335
2012-11-06,545,137,211317720,2.1101388888888888
2012-11-06,545,142,211317720,1.4504166666666665
2012-11-06,545,143,211317720,1.0002777777777778
2012-11-06,545,141,211317720,0.50041666666666662
2012-11-06,545,144,211317720,0.949861111111111
2012-11-06,801,171,276388000,1.5556944444444445
2012-11-06,-223,503,416002659,0.93208333333333326
2012-11-06,34,1585,416221800,5.1334722222222222
2012-11-06,34,-174,226180000,3.5515277777777778
2012-11-06,34,-1589,440801000,1.7431944444444445
2012-11-06,34,-1065,775627000,2.826111111111111
2012-11-06,34,-1066,775627000,0.84208333333333341
2012-11-06,290,1223,412436247,1.7822222222222222
2012-11-06,290,1224,412433212,9.1223611111111111
2012-11-06,290,1224,412412026,1.5165277777777777
2012-11-06,290,1223,412436368,4.2648611111111112
2012-11-06,290,1224,412436368,0.23055555555555557
2012-11-06,290,1223,412413091,25.16625
2012-11-06,290,1221,412437684,4.6047222222222226
2012-11-06,290,-319,224407000,1.798888888888889
2012-11-06,546,-103,250165000,1.348611111111111
2012-11-06,546,-59,250000213,3.5101388888888891
2012-11-06,546,56,245265000,9.82236111111111
2012-11-06,546,54,245265000,10.38361111111111
2012-11-06,546,55,245265000,0.63847222222222222
2012-11-06,546,108,220006000,0.24958333333333335
2012-11-06,546,128,211312240,0.83986111111111106
2012-11-06,546,130,211312240,0.20527777777777778
2012-11-06,546,129,211312240,0.85944444444444446
2012-11-06,546,188,261003910,4.1613888888888884
2012-11-06,546,187,261003910,0.59625
2012-11-06,546,58,245753000,10.657222222222222
2012-11-06,546,57,245753000,0.20277777777777778
2012-11-06,546,161,261002420,11.847777777777777
2012-11-06,546,160,261002420,1.6608333333333332
2012-11-06,546,134,211307720,0.44944444444444442
2012-11-06,546,-11,235005130,24.043194444444449
2012-11-06,546,56,245922000,0.42833333333333334
2012-11-06,546,55,245922000,0.10541666666666667
2012-11-06,-222,504,416002659,2.6125
2012-11-06,-222,503,416002659,8.263472222222223
2012-11-06,35,1588,416221800,2.4705555555555554
2012-11-06,35,-1589,440801000,3.5397222222222222
2012-11-06,35,1716,538060017,1.7706944444444441
2012-11-06,35,-1067,775627000,1.5502777777777779
2012-11-06,291,1221,900024220,1.4745833333333334
2012-11-06,291,1221,412437674,5.1565277777777778
2012-11-06,547,-104,250165000,2.3499999999999996
2012-11-06,547,-103,250165000,2.5502777777777781
2012-11-06,547,82,211191330,2.8997222222222221
2012-11-06,547,-92,246429000,6.3931944444444451
2012-11-06,547,56,245265000,0.41916666666666669
2012-11-06,547,55,245265000,0.43222222222222223
2012-11-06,547,108,220006000,2.0811111111111114
2012-11-06,547,107,220006000,0.23402777777777778
2012-11-06,547,133,211312240,2.8741666666666665
2012-11-06,547,130,211312240,0.77638888888888891
2012-11-06,547,135,211312240,3.2145833333333336
2012-11-06,547,131,211312240,1.1744444444444444
2012-11-06,547,132,211312240,2.3338888888888891
2012-11-06,547,134,211312240,6.4429166666666653
2012-11-06,547,136,211312240,1.9027777777777777
2012-11-06,547,57,245753000,0.55527777777777776
2012-11-06,547,56,245753000,0.87513888888888891
2012-11-06,547,-92,246274000,1.9333333333333333
2012-11-06,547,-93,246274000,1.8802777777777777
2012-11-06,547,-10,234806000,0.43333333333333335
2012-11-06,547,-11,234806000,1.2961111111111112
2012-11-06,-221,6,432276000,0.89569444444444446
2012-11-06,36,-1590,440787000,2.1204166666666664
2012-11-06,36,-1589,440787000,0.45861111111111108
2012-11-06,36,1586,416221800,4.5827777777777774
2012-11-06,36,-1589,440801000,1.9465277777777781
2012-11-06,36,-1587,440801000,1.5668055555555556
2012-11-06,36,-1085,775627000,2.5108333333333333
2012-11-06,36,-1068,775627000,0.88305555555555559
2012-11-06,548,150,219004161,1.5009722222222224
2012-11-06,548,151,219004161,0.50486111111111109
2012-11-06,548,80,244959000,6.0788888888888888
2012-11-06,548,81,244959000,5.3077777777777779
2012-11-06,548,81,211191330,12.468472222222221
2012-11-06,548,82,211191330,6.8525
2012-11-06,548,-93,246429000,4.5916666666666668
2012-11-06,548,-92,246429000,3.8927777777777779
2012-11-06,548,-10,235000407,0.51611111111111119
2012-11-06,548,80,244775000,1.6758333333333333
2012-11-06,548,81,244775000,8.350138888888889
2012-11-06,548,108,220006000,6.0619444444444452
2012-11-06,548,132,211312240,1.4234722222222222
2012-11-06,548,81,245914000,2.4002777777777782
2012-11-06,548,81,246135000,8.550416666666667
2012-11-06,548,-11,234806000,2.2579166666666666
2012-11-06,548,-12,234806000,0.96277777777777773
2012-11-06,-476,-649,701006427,0.036944444444444446
2012-11-06,-220,6,432276000,1.6602777777777777
2012-11-06,-220,528,660000800,5.1397222222222219
2012-11-06,37,-1589,440787000,1.37625
2012-11-06,37,-1590,440787000,1.6036111111111111
2012-11-06,37,-1605,441251000,1.8805555555555555
2012-11-06,549,150,219004161,2.0998611111111116
2012-11-06,549,153,219004161,1.3501388888888888
2012-11-06,549,152,219004161,2.6477777777777773
2012-11-06,549,151,219004161,2.7086111111111104
2012-11-06,549,80,244959000,1.6947222222222222
2012-11-06,549,81,245352000,1.6268055555555554
2012-11-06,549,80,245352000,1.5718055555555555
2012-11-06,549,82,245352000,0.60000000000000009
2012-11-06,549,-92,246429000,0.56694444444444447
2012-11-06,549,-12,235000407,0.25222222222222224
2012-11-06,549,-9,235000407,1.4505555555555556
2012-11-06,549,-11,235000407,2.6754166666666666
2012-11-06,549,-10,235000407,4.8204166666666666
2012-11-06,549,81,244775000,1.35125
2012-11-06,549,80,244775000,4.6509722222222223
2012-11-06,549,82,244188000,1.3033333333333335
2012-11-06,549,81,244188000,11.628750000000002
2012-11-06,549,80,244721000,10.577222222222224
2012-11-06,549,81,244721000,0.50208333333333333
2012-11-06,549,144,219015534,2.7509722222222215
2012-11-06,549,-10,235002490,5.5116666666666667
2012-11-06,549,-9,235002490,1.8404166666666666
2012-11-06,549,81,245914000,4.9691666666666672
2012-11-06,549,80,245914000,4.1506944444444445
2012-11-06,549,82,245914000,1.3305555555555557
2012-11-06,549,109,219008145,4.1130555555555555
2012-11-06,549,-9,235001029,1.4890277777777776
2012-11-06,549,-10,235001029,2.6959722222222222
2012-11-06,549,-11,235001029,0.62888888888888883
2012-11-06,549,82,246135000,1.5491666666666666
2012-11-06,549,81,246135000,0.60055555555555551
2012-11-06,-475,-649,701006427,3.6668055555555554
2012-11-06,-219,6,432276000,1.6212499999999999
2012-11-06,-219,525,660000800,1.6345833333333333
2012-11-06,-219,527,660000800,1.6543055555555557
2012-11-06,-219,562,660002500,0.75430555555555556
2012-11-06,-219,561,660002500,4.3661111111111115
2012-11-06,38,-1590,440787000,1.9437499999999999
2012-11-06,38,-1589,440787000,1.8333333333333335
2012-11-06,38,-258,224306000,1.9263888888888889
2012-11-06,38,-1582,440654000,1.8502777777777779
2012-11-06,38,-1579,440654000,1.5556944444444443
2012-11-06,38,-1578,440654000,1.8847222222222224
2012-11-06,38,-1589,440801000,4.218055555555555
2012-11-06,38,-1586,440801000,1.0580555555555553
2012-11-06,550,81,245352000,0.54972222222222222
2012-11-06,550,82,245352000,8.59875
2012-11-06,550,-11,235000407,0.21027777777777779
2012-11-06,550,-10,235000407,0.8925
2012-11-06,550,144,219007333,10.196805555555557
2012-11-06,550,144,219015534,3.201111111111111
2012-11-06,550,145,219015534,1.0994444444444444
2012-11-06,550,-10,235002490,0.90027777777777773
2012-11-06,550,-11,235002490,2.1127777777777776
2012-11-06,550,81,245914000,0.64083333333333337
2012-11-06,550,82,245914000,2.11875
2012-11-06,550,-12,235001029,0.20513888888888887
2012-11-06,550,-10,235001029,1.46625
2012-11-06,550,-11,235001029,2.2972222222222221
2012-11-06,550,81,246135000,0.7994444444444444
2012-11-06,550,82,246135000,6.5133333333333336
2012-11-06,-218,6,432276000,5.5240277777777775
2012-11-06,-218,524,660000800,1.7309722222222224
2012-11-06,-218,523,660000800,2.0038888888888886
2012-11-06,39,-1589,440787000,1.7555555555555555
2012-11-06,39,-1590,440787000,1.7470833333333333
2012-11-06,39,-1591,440787000,1.7956944444444445
2012-11-06,39,-1579,440654000,1.4508333333333332
2012-11-06,39,-1578,440654000,0.65583333333333327
2012-11-06,39,-1604,441251000,1.9234722222222222
2012-11-06,39,-1587,440801000,1.8191666666666666
2012-11-06,39,-1588,440801000,1.355
2012-11-06,39,-1585,440801000,1.0690277777777777
2012-11-06,39,-1589,440801000,1.7759722222222223
2012-11-06,295,1223,412433844,1.9184722222222221
2012-11-06,551,143,220032000,1.0505555555555557
2012-11-06,551,142,220032000,0.55041666666666667
2012-11-06,551,144,220032000,0.59972222222222227
2012-11-06,551,145,220032000,0.25013888888888891
2012-11-06,551,44,246784000,0.40097222222222223
2012-11-06,551,46,246784000,1.3770833333333332
2012-11-06,551,47,246784000,0.80041666666666667
2012-11-06,551,45,246784000,0.82736111111111121
2012-11-06,551,47,211279120,9.1422222222222214
2012-11-06,551,49,219689000,0.60222222222222221
2012-11-06,551,-1666,338185000,5.2073611111111111
2012-11-06,551,-1667,338185000,1.5766666666666664
2012-11-06,551,-1668,338185000,1.5790277777777777
2012-11-06,551,-13,235000897,1.4661111111111109
2012-11-06,551,-12,235000897,2.1438888888888892
2012-11-06,551,144,219007333,1.660277777777778
2012-11-06,551,171,266011000,1.2979166666666666
2012-11-06,551,173,266011000,0.97972222222222216
2012-11-06,551,172,266011000,0.65041666666666664
2012-11-06,551,124,219007613,0.52583333333333337
2012-11-06,551,125,219007613,0.25041666666666668
2012-11-06,551,-11,235001029,1.0579166666666666
2012-11-06,551,67,250370000,5.0552777777777775
2012-11-06,551,68,250370000,1.7933333333333334
2012-11-06,551,-101,224492000,20.429861111111112
2012-11-06,551,168,266305000,1.3751388888888889
2012-11-06,551,165,266305000,1.1369444444444445
2012-11-06,551,166,266305000,1.1504166666666666
2012-11-06,551,170,266305000,3.5994444444444444
2012-11-06,551,163,266305000,0.29958333333333331
2012-11-06,551,167,266305000,0.90013888888888893
2012-11-06,551,164,266305000,1.0726388888888889
2012-11-06,551,169,266305000,3.0243055555555558
2012-11-06,551,-1604,366819310,6.3884722222222212
2012-11-06,551,-1603,366819310,11.745972222222221
2012-11-06,551,172,266347000,0.82277777777777783
2012-11-06,551,170,266347000,0.20111111111111113
2012-11-06,551,171,266347000,2.1869444444444444
2012-11-06,-473,-646,701006427,4.0258333333333329
2012-11-06,-217,6,432276000,0.81666666666666665
2012-11-06,-217,563,660002500,6.6969444444444441
2012-11-06,-217,564,660002500,1.7933333333333334
2012-11-06,40,-1589,440787000,2.1094444444444447
2012-11-06,40,-257,224306000,1.7684722222222224
2012-11-06,40,-1576,440654000,0.95194444444444448
2012-11-06,40,-1584,440654000,1.9080555555555554
2012-11-06,40,-1579,440654000,1.7897222222222222
2012-11-06,40,-1586,440801000,1.8900000000000001
2012-11-06,40,-1074,775627000,0.85
2012-11-06,552,141,220032000,2.6986111111111115
2012-11-06,552,140,220032000,1.7497222222222224
2012-11-06,552,142,220032000,1.4602777777777778
2012-11-06,552,165,266112000,0.40597222222222218
2012-11-06,552,170,266112000,3.932638888888889
2012-11-06,552,168,266112000,0.94791666666666663
2012-11-06,552,167,266112000,1.2273611111111111
2012-11-06,552,166,266112000,1.0241666666666667
2012-11-06,552,169,266112000,2.8931944444444442
2012-11-06,552,-1687,338250000,0.78638888888888892
2012-11-06,552,51,219689000,0.44930555555555557
2012-11-06,552,50,219689000,0.803611111111111
2012-11-06,552,52,219689000,0.25388888888888889
2012-11-06,552,-1665,338185000,2.3972222222222221
2012-11-06,552,-1666,338185000,5.6651388888888885
2012-11-06,552,-1667,338185000,4.9370833333333328
2012-11-06,552,168,265768000,1.1995833333333334
2012-11-06,552,171,265768000,2.1029166666666663
2012-11-06,552,169,265768000,1.0279166666666668
2012-11-06,552,170,265768000,1.6219444444444444
2012-11-06,552,167,265768000,8.9249999999999989
2012-11-06,552,-13,235000897,1.3415277777777779
2012-11-06,552,-12,235000897,1.7844444444444445
2012-11-06,552,-11,235000897,1.7663888888888888
2012-11-06,552,143,219007333,1.8538888888888889
2012-11-06,552,145,219007333,1.54375
2012-11-06,552,172,266011000,3.6262499999999998
2012-11-06,552,171,266011000,3.9109722222222212
2012-11-06,552,170,266011000,4.4684722222222231
2012-11-06,552,169,266011000,1.1494444444444445
2012-11-06,552,168,266011000,6.3016666666666667
2012-11-06,552,173,266011000,0.49597222222222226
2012-11-06,552,125,219007613,2.4997222222222222
2012-11-06,552,124,219007613,0.7761111111111112
2012-11-06,552,148,220336000,0.275
2012-11-06,552,62,244399000,0.51138888888888889
2012-11-06,552,170,266062000,0.60027777777777769
2012-11-06,552,169,266062000,7.8711111111111105
2012-11-06,552,110,219011032,0.26263888888888887
2012-11-06,552,-1603,366819310,5.6488888888888891
2012-11-06,552,168,266347000,0.12541666666666668
2012-11-06,552,172,266347000,2.9233333333333333
2012-11-06,552,171,266347000,4.9272222222222215
2012-11-06,552,170,266347000,4.5998611111111112
2012-11-06,552,169,266347000,0.87527777777777782
2012-11-06,552,168,266059000,0.54263888888888889
2012-11-06,552,167,266059000,0.95833333333333326
2012-11-06,-472,1685,440890000,3.4937499999999995
2012-11-06,-216,-702,725010191,0.90513888888888883
2012-11-06,-216,6,432276000,0.50416666666666665
2012-11-06,-216,532,660002600,5.0818055555555555
2012-11-06,-216,-704,725000131,1.285277777777778
2012-11-06,-216,563,660002500,2.3279166666666664
2012-11-06,-216,564,660002500,1.9415277777777777
2012-11-06,-216,563,660000200,5.0991666666666671
2012-11-06,-216,564,660000200,4.2234722222222221
2012-11-06,41,-1590,440787000,1.6433333333333333
2012-11-06,41,-257,224306000,1.6029166666666668
2012-11-06,41,-1576,440654000,0.067083333333333328
2012-11-06,41,-1575,440654000,0.78069444444444436
2012-11-06,41,-1579,440654000,1.8409722222222222
2012-11-06,41,-1601,441251000,1.6351388888888887
2012-11-06,41,-1589,440801000,1.8097222222222222
2012-11-06,297,1224,412433893,3.23125
2012-11-06,553,165,266112000,4.1179166666666669
2012-11-06,553,55,244704000,7.7116666666666669
2012-11-06,553,54,244704000,1.9818055555555554
2012-11-06,553,51,244704000,2.7
2012-11-06,553,50,244704000,2.4009722222222223
2012-11-06,553,53,244704000,1.9259722222222222
2012-11-06,553,52,244704000,2.5606944444444442
2012-11-06,553,175,220064000,0.27458333333333335
2012-11-06,553,171,220064000,2.7602777777777776
2012-11-06,553,174,220064000,2.6
2012-11-06,553,173,220064000,6.806111111111111
2012-11-06,553,170,220064000,1.2633333333333334
2012-11-06,553,172,220064000,4.6511111111111116
2012-11-06,553,-1687,338250000,1.2341666666666669
2012-11-06,553,142,265670930,2.263611111111111
2012-11-06,553,143,265670930,3.1144444444444441
2012-11-06,553,-294,431700260,0.73458333333333337
2012-11-06,553,-291,431700260,6.2301388888888889
2012-11-06,553,52,219689000,0.30013888888888884
2012-11-06,553,-12,235000897,0.5130555555555556
2012-11-06,553,-11,235000897,0.86041666666666672
2012-11-06,553,-54,234013000,5.4205555555555556
2012-11-06,553,-53,234013000,2.6236111111111109
2012-11-06,553,-55,234013000,0.9258333333333334
2012-11-06,553,-52,234013000,1.8863888888888889
2012-11-06,553,173,220338000,3.1268055555555558
2012-11-06,553,172,220338000,4.1741666666666664
2012-11-06,553,171,220338000,1.8237500000000002
2012-11-06,553,174,220338000,1.1004166666666666
2012-11-06,553,175,220338000,0.23124999999999998
2012-11-06,553,83,220242000,1.9202777777777778
2012-11-06,553,142,265687420,2.0866666666666664
2012-11-06,553,143,265687420,4.0266666666666673
2012-11-06,553,148,220336000,2.7011111111111115
2012-11-06,553,147,220336000,2.2119444444444447
2012-11-06,553,40,257882500,8.0769444444444449
2012-11-06,553,62,244399000,0.29013888888888889
2012-11-06,553,63,244399000,0.86972222222222217
2012-11-06,553,82,219002838,3.3416666666666663
2012-11-06,553,81,219002838,1.2480555555555555
2012-11-06,553,44,257552600,2.1597222222222223
2012-11-06,553,43,257552600,0.44916666666666671
2012-11-06,553,45,257552600,1.404722222222222
2012-11-06,553,-100,224492000,6.5297222222222224
2012-11-06,553,67,250369000,3.1958333333333337
2012-11-06,553,167,266059000,4.4326388888888886
2012-11-06,-471,1686,440890000,2.3530555555555557
2012-11-06,-471,1685,440890000,5.684444444444444
2012-11-06,-215,-704,725000192,3.9040277777777779
2012-11-06,-215,-703,725000192,1.4706944444444443
2012-11-06,-215,-705,725010191,1.8091666666666666
2012-11-06,-215,-704,725010191,1.2329166666666667
2012-11-06,-215,6,432276000,0.42486111111111113
2012-11-06,-215,-704,725000027,1.6759722222222222
2012-11-06,-215,-702,725000030,7.5284722222222227
2012-11-06,-215,-704,725000030,6.6605555555555558
2012-11-06,-215,-704,725000834,1.7430555555555556
2012-11-06,-215,-705,725000834,1.3295833333333333
2012-11-06,-215,-704,725000131,0.82736111111111121
2012-11-06,-215,561,660000200,5.8043055555555556
2012-11-06,-215,556,660000200,3.1530555555555555
2012-11-06,42,-16,627006000,1.9779166666666668
2012-11-06,42,-17,627006000,1.8959722222222224
2012-11-06,42,-1586,440654000,1.723611111111111
2012-11-06,42,-1576,440654000,1.5733333333333333
2012-11-06,42,-1579,440654000,0.91541666666666666
2012-11-06,42,-1578,440654000,1.3625000000000003
2012-11-06,42,-1577,440654000,1.6515277777777777
2012-11-06,42,-1575,440654000,1.8254166666666665
2012-11-06,42,-1599,441251000,1.5530555555555554
2012-11-06,42,82,376107000,6.2163888888888881
2012-11-06,42,83,376107000,2.2638888888888888
2012-11-06,554,55,244704000,2.3015277777777774
2012-11-06,554,53,244704000,1.0501388888888887
2012-11-06,554,54,244704000,1.4502777777777778
2012-11-06,554,175,220064000,2.04875
2012-11-06,554,176,220064000,0.85041666666666671
2012-11-06,554,142,265670930,1.5858333333333332
2012-11-06,554,143,265670930,2.5955555555555558
2012-11-06,554,-298,431700260,0.60472222222222227
2012-11-06,554,-299,431700260,5.0916666666666668
2012-11-06,554,-295,431700260,0.7961111111111111
2012-11-06,554,-55,234013000,0.27888888888888891
2012-11-06,554,175,220338000,1.18
2012-11-06,554,176,220338000,8.17736111111111
2012-11-06,554,83,220242000,2.9093055555555551
2012-11-06,554,81,220242000,3.370138888888889
2012-11-06,554,82,220242000,2.384722222222222
2012-11-06,554,80,220242000,1.4779166666666665
2012-11-06,554,48,220315000,2.2822222222222219
2012-11-06,554,49,220315000,20.865555555555559
2012-11-06,554,143,265687420,0.46597222222222223
2012-11-06,554,142,265687420,1.9184722222222224
2012-11-06,554,148,220336000,0.60055555555555562
2012-11-06,554,147,220336000,3.3029166666666669
2012-11-06,554,146,220336000,1.7455555555555555
2012-11-06,554,40,257882500,1.1127777777777776
2012-11-06,554,41,257882500,1.3794444444444445
2012-11-06,554,144,265687960,4.5515277777777774
2012-11-06,554,143,265687960,0.4876388888888889
2012-11-06,554,63,244399000,5.4561111111111114
2012-11-06,554,164,266254000,4.1279166666666667
2012-11-06,554,-63,232003258,1.9086111111111115
2012-11-06,554,144,266360000,1.7669444444444444
2012-11-06,554,143,266360000,3.3125000000000013
2012-11-06,554,82,219002838,7.1424999999999992
2012-11-06,554,81,219002838,8.5986111111111114
2012-11-06,554,67,250369000,8.5483333333333338
2012-11-06,554,66,250369000,4.4188888888888886
2012-11-06,554,68,250369000,0.37597222222222226
2012-11-06,554,147,220257000,10.994583333333335
2012-11-06,554,148,220257000,0.41388888888888892
2012-11-06,554,146,220257000,3.1077777777777778
2012-11-06,554,108,219005935,0.9506944444444444
2012-11-06,-214,6,432276000,4.12875
2012-11-06,-214,554,660000200,0.81944444444444442
2012-11-06,43,-17,627006000,1.7623611111111113
2012-11-06,43,-14,627006000,0.923611111111111
2012-11-06,43,-15,627006000,1.3027777777777778
2012-11-06,43,1707,431187000,0.8683333333333334
2012-11-06,43,-1593,440787000,1.7541666666666667
2012-11-06,43,-256,224306000,1.7509722222222224
2012-11-06,43,1709,510054000,0.21111111111111111
2012-11-06,43,-12,627001000,3.7265277777777781
2012-11-06,43,-1599,441251000,2.1519444444444447
2012-11-06,43,-1596,441251000,5.4970833333333342
2012-11-06,43,83,376107000,1.8623611111111111
2012-11-06,555,164,266048000,2.9465277777777774
2012-11-06,555,163,266048000,2.6558333333333337
2012-11-06,555,-1686,338250000,2.6430555555555553
2012-11-06,555,-1686,367109910,0.78611111111111109
2012-11-06,555,-1685,367109910,0.021388888888888888
2012-11-06,555,-295,431700260,4.2865277777777777
2012-11-06,555,57,219689000,0.44527777777777777
2012-11-06,555,-1687,338568000,0.80819444444444444
2012-11-06,555,-83,246429000,10.114722222222223
2012-11-06,555,80,220242000,2.3980555555555556
2012-11-06,555,79,220242000,1.9505555555555556
2012-11-06,555,145,265588050,6.7215277777777755
2012-11-06,555,144,265588050,0.31125
2012-11-06,555,165,266332000,5.6301388888888892
2012-11-06,555,-60,235000676,0.35333333333333333
2012-11-06,555,-61,235000676,1.01375
2012-11-06,555,165,266254000,2.1372222222222224
2012-11-06,555,164,266254000,1.46125
2012-11-06,555,-1675,369176000,5.3318055555555555
2012-11-06,555,67,250369000,5.09
2012-11-06,555,66,250369000,2.8223611111111113
2012-11-06,555,108,219005935,2.2505555555555552
2012-11-06,555,-1640,367197950,3.3929166666666668
2012-11-06,-469,1673,512392000,2.6558333333333333
2012-11-06,44,-13,627006000,1.5180555555555557
2012-11-06,44,-16,627006000,3.4636111111111112
2012-11-06,44,-14,627006000,5.3816666666666668
2012-11-06,44,-15,627006000,6.2176388888888887
2012-11-06,44,-10,627001000,1.848611111111111
2012-11-06,44,-11,627001000,1.8472222222222223
2012-11-06,44,-1596,441251000,1.5931944444444444
2012-11-06,44,-1599,441251000,1.8734722222222222
2012-11-06,44,-1597,441251000,0.81097222222222221
2012-11-06,556,165,266112000,5.3506944444444446
2012-11-06,556,166,266048000,4.0318055555555556
2012-11-06,556,159,266048000,0.63166666666666671
2012-11-06,556,163,266048000,1.814027777777778
2012-11-06,556,161,266048000,0.62416666666666665
2012-11-06,556,164,266048000,3.9947222222222218
2012-11-06,556,162,266048000,0.6380555555555556
2012-11-06,556,165,266048000,3.8098611111111111
2012-11-06,556,160,266048000,0.81361111111111117
2012-11-06,556,1495,273877000,3.8112500000000002
2012-11-06,556,1496,273877000,6.3698611111111116
2012-11-06,556,-1687,367109910,2.6973611111111109
2012-11-06,556,164,219796000,4.353472222222222
2012-11-06,556,165,219796000,1.6877777777777778
2012-11-06,556,58,219689000,0.23347222222222222
2012-11-06,556,57,219689000,1.0069444444444444
2012-11-06,556,127,219014192,2.0643055555555554
2012-11-06,556,126,219014192,0.22944444444444445
2012-11-06,556,165,266099000,1.6748611111111111
2012-11-06,556,164,266099000,1.3440277777777776
2012-11-06,556,150,265746000,1.5201388888888887
2012-11-06,556,148,265746000,1.1095833333333331
2012-11-06,556,147,265746000,0.34069444444444441
2012-11-06,556,149,265746000,1.369861111111111
2012-11-06,556,1493,273878100,1.5943055555555556
2012-11-06,556,-61,235000676,2.6562500000000004
2012-11-06,556,-60,235000676,4.9113888888888875
2012-11-06,556,80,220283000,3.2166666666666668
2012-11-06,556,1495,273895300,1.6884722222222224
2012-11-06,556,47,219621000,0.42861111111111111
2012-11-06,556,48,219621000,4.0511111111111111
2012-11-06,556,163,266245000,0.83583333333333343
2012-11-06,556,160,266245000,0.826388888888889
2012-11-06,556,159,266245000,0.50291666666666668
2012-11-06,556,165,266245000,11.666527777777777
2012-11-06,556,161,266245000,0.40847222222222224
2012-11-06,556,162,266245000,1.0391666666666666
2012-11-06,556,164,266245000,0.98083333333333333
2012-11-06,556,63,244399000,5.0430555555555552
2012-11-06,556,1479,273350810,6.1304166666666662
2012-11-06,556,144,266052000,2.7226388888888886
2012-11-06,556,145,266052000,1.7631944444444447
2012-11-06,556,143,266052000,0.52583333333333337
2012-11-06,556,1479,273342630,6.9233333333333329
2012-11-06,556,162,266254000,1.0404166666666668
2012-11-06,556,163,266254000,2.1420833333333329
2012-11-06,556,165,266254000,9.2622222222222224
2012-11-06,556,-1674,369176000,7.3111111111111109
2012-11-06,556,-1673,369176000,10.977777777777778
2012-11-06,556,80,219014851,1.7220833333333332
2012-11-06,556,1479,273359300,3.0416666666666665
2012-11-06,556,127,219006916,3.3320833333333328
2012-11-06,556,157,266082000,1.5863888888888888
2012-11-06,556,158,266082000,0.32444444444444442
2012-11-06,556,1478,273426900,1.620972222222222
2012-11-06,556,1479,273426900,12.197222222222223
2012-11-06,556,-1636,367050980,2.55125
2012-11-06,556,1546,273817070,11.196944444444444
2012-11-06,556,-1640,367197950,9.711666666666666
2012-11-06,556,-1639,367197950,3.84
2012-11-06,-468,1672,512392000,6.7043055555555551
2012-11-06,-468,1657,440761000,4.3384722222222223
2012-11-06,-212,537,660001500,5.82625
2012-11-06,-212,534,660001500,2.47125
2012-11-06,45,-1594,440787000,1.0140277777777778
2012-11-06,45,1704,431932000,2.0156944444444442
2012-11-06,45,-9,627001000,1.3040277777777778
2012-11-06,45,-1597,441251000,1.7694444444444444
2012-11-06,45,-1598,441251000,1.3504166666666666
2012-11-06,45,-1599,441251000,1.8195833333333333
2012-11-06,557,165,266112000,3.3484722222222221
2012-11-06,557,1493,273877000,1.5651388888888889
2012-11-06,557,1491,273877000,1.5830555555555557
2012-11-06,557,1494,273877000,3.8045833333333334
2012-11-06,557,-1689,338250000,4.1363888888888889
2012-11-06,557,-1688,338250000,1.5226388888888889
2012-11-06,557,127,219014192,1.0073611111111112
2012-11-06,557,164,266099000,1.6529166666666668
2012-11-06,557,-1689,338568000,0.78486111111111112
2012-11-06,557,-1688,338568000,2.9726388888888891
2012-11-06,557,148,265746000,2.1981944444444448
2012-11-06,557,149,265746000,1.278888888888889
2012-11-06,557,147,265746000,0.62097222222222226
2012-11-06,557,1495,273878100,5.7901388888888894
2012-11-06,557,1494,273878100,4.9391666666666669
2012-11-06,557,80,220283000,8.3834722222222222
2012-11-06,557,1494,273895300,1.9738888888888888
2012-11-06,557,1496,273895300,3.8208333333333337
2012-11-06,557,1497,273895300,3.791666666666667
2012-11-06,557,1495,273895300,1.1369444444444445
2012-11-06,557,1493,273895300,5.7120833333333332
2012-11-06,557,47,219621000,9.9043055555555544
2012-11-06,557,48,219621000,9.2948611111111141
2012-11-06,557,158,266245000,0.63416666666666666
2012-11-06,557,159,266245000,0.29458333333333331
2012-11-06,557,64,244399000,0.45583333333333331
2012-11-06,557,63,244399000,0.43166666666666664
2012-11-06,557,65,244399000,3.2445833333333334
2012-11-06,557,1478,273350810,6.1955555555555559
2012-11-06,557,1473,273875100,11.821805555555555
2012-11-06,557,1472,273875100,5.0275
2012-11-06,557,144,266052000,1.7909722222222222
2012-11-06,557,143,266052000,1.2623611111111113
2012-11-06,557,1478,273342630,6.4426388888888892
2012-11-06,557,1491,273826220,1.5131944444444445
2012-11-06,557,159,266254000,0.23541666666666666
2012-11-06,557,158,266254000,0.41763888888888889
2012-11-06,557,162,266254000,0.61875
2012-11-06,557,161,266254000,0.81513888888888886
2012-11-06,557,80,219014851,11.265138888888888
2012-11-06,557,1477,273359300,7.1466666666666665
2012-11-06,557,1478,273359300,1.5779166666666669
2012-11-06,557,127,219006916,0.47986111111111107
2012-11-06,557,126,219005647,0.49083333333333334
2012-11-06,557,127,219005647,4.5008333333333326
2012-11-06,557,154,266082000,1.2750000000000001
2012-11-06,557,157,266082000,0.7368055555555556
2012-11-06,557,158,266082000,4.5072222222222234
2012-11-06,557,155,266082000,1.2122222222222223
2012-11-06,557,156,266082000,1.3981944444444445
2012-11-06,557,1478,273426900,1.6113888888888888
2012-11-06,557,1477,273426900,3.7959722222222223
2012-11-06,557,127,219005662,4.9118055555555546
2012-11-06,557,160,266348000,0.82638888888888884
2012-11-06,557,164,266348000,0.52125
2012-11-06,557,158,266348000,0.40708333333333335
2012-11-06,557,163,266348000,0.84722222222222232
2012-11-06,557,159,266348000,0.85000000000000009
2012-11-06,557,162,266348000,0.8288888888888889
2012-11-06,557,161,266348000,0.62791666666666668
2012-11-06,557,-1636,367050980,1.6120833333333335
2012-11-06,557,1545,273817070,3.4870833333333335
2012-11-06,557,-1640,367197950,6.4291666666666663
2012-11-06,-467,-613,701054000,1.1019444444444444
2012-11-06,-467,-612,701054000,22.557361111111113
2012-11-06,-467,1671,512392000,6.7169444444444455
2012-11-06,-467,-669,701006450,5.7577777777777772
2012-11-06,-211,5,431854000,1.7291666666666665
2012-11-06,-211,534,660001500,1.8234722222222222
2012-11-06,-211,535,660001500,1.7398611111111113
2012-11-06,46,-1594,440787000,0.92777777777777781
2012-11-06,46,-1600,440517000,1.8416666666666666
2012-11-06,46,-1601,440517000,0.98611111111111116
2012-11-06,46,-11,627001000,1.7998611111111111
2012-11-06,46,-8,627001000,0.92083333333333328
2012-11-06,558,-1689,338250000,11.435694444444444
2012-11-06,558,-1690,338250000,1.6373611111111113
2012-11-06,558,-1689,367109910,2.5669444444444443
2012-11-06,558,-1690,367109910,1.5780555555555555
2012-11-06,558,-310,431700260,5.8691666666666666
2012-11-06,558,79,219421000,1.7068055555555557
2012-11-06,558,-1638,368583000,2.0222222222222221
2012-11-06,558,1460,273847910,3.854166666666667
2012-11-06,558,1461,273847910,7.7916666666666661
2012-11-06,558,1463,273847910,5.6248611111111106
2012-11-06,558,1462,273847910,2.7558333333333334
2012-11-06,558,79,220081000,1.7990277777777777
2012-11-06,558,80,220283000,0.87694444444444442
2012-11-06,558,128,219005837,2.7265277777777781
2012-11-06,558,1476,273350810,5.6055555555555561
2012-11-06,558,1477,273350810,1.6040277777777776
2012-11-06,558,1476,273342630,5.4040277777777774
2012-11-06,558,1461,273826220,5.614583333333333
2012-11-06,558,1462,273826220,1.6083333333333334
2012-11-06,558,1477,273359300,3.3841666666666663
2012-11-06,558,1475,273359300,0.81194444444444447
2012-11-06,558,1476,273359300,2.4761111111111109
2012-11-06,558,159,266082000,1.5111111111111113
2012-11-06,558,158,266082000,1.4161111111111113
2012-11-06,558,-1636,367050980,1.6084722222222223
2012-11-06,-466,1671,512392000,2.4191666666666665
2012-11-06,-466,1672,512392000,1.5668055555555556
2012-11-06,-466,-669,701006450,3.3740277777777781
2012-11-06,-210,-871,224366000,5.0931944444444452
2012-11-06,-210,-873,224366000,5.2706944444444446
2012-11-06,-210,5,431854000,1.3333333333333335
2012-11-06,47,-7,627001000,1.65
2012-11-06,303,1210,900012847,6.2408333333333337
2012-11-06,303,1210,412439924,1.0256944444444445
2012-11-06,559,-309,431700260,1.5170833333333333
2012-11-06,559,79,219421000,4.3050000000000006
2012-11-06,559,-1637,368583000,4.933472222222222
2012-11-06,559,-1638,368583000,2.6308333333333334
2012-11-06,559,204,275164000,11.156944444444445
2012-11-06,559,205,275164000,2.4131944444444442
2012-11-06,559,79,220081000,4.600833333333334
2012-11-06,559,64,244399000,9.1686111111111117
2012-11-06,559,-1635,367050980,1.8091666666666666
2012-11-06,559,-1634,367050980,0.81472222222222224
2012-11-06,-465,-668,701006450,5.8725
2012-11-06,48,-1596,440787000,1.7234722222222223
2012-11-06,48,-6,627001000,3.55375
2012-11-06,304,1225,412411234,0.89874999999999994
2012-11-06,304,1226,412412145,2.72
2012-11-06,560,-1696,367109910,0.74430555555555555
2012-11-06,560,126,219015502,2.3977777777777778
2012-11-06,560,-1637,368583000,3.9430555555555555
2012-11-06,560,-1638,368583000,4.181805555555556
2012-11-06,560,205,275164000,0.41375
2012-11-06,560,-1631,367050980,1.2722222222222226
2012-11-06,-464,-651,701006427,4.9233333333333329
2012-11-06,-208,-871,224366000,2.0194444444444444
2012-11-06,-208,-870,224366000,1.3933333333333333
2012-11-06,49,-520,745000500,1.6748611111111111
2012-11-06,49,-519,745000500,2.2169444444444446
2012-11-06,49,-1601,440517000,1.8
2012-11-06,49,-519,745001100,6.7333333333333334
2012-11-06,49,-519,745000600,7.430416666666666
2012-11-06,49,-5,627001000,1.848611111111111
2012-11-06,305,1227,412413211,1.0254166666666666
2012-11-06,305,1225,412413016,7.0530555555555559
2012-11-06,305,1225,412411234,11.463194444444447
2012-11-06,305,1226,412411234,0.30041666666666667
2012-11-06,305,1226,412413826,13.528194444444445
2012-11-06,305,1224,412411029,1.6008333333333331
2012-11-06,305,1224,900061130,0.24208333333333332
2012-11-06,305,1224,412433893,1.5256944444444445
2012-11-06,305,1226,412412145,20.175277777777772
2012-11-06,561,109,220202000,7.2172222222222224
2012-11-06,561,110,220202000,3.4411111111111112
2012-11-06,561,110,219001125,2.3772222222222217
2012-11-06,561,109,219001125,2.1759722222222226
2012-11-06,561,110,219002661,1.0988888888888888
2012-11-06,561,109,219002661,1.0005555555555556
2012-11-06,561,1441,273417010,6.9731944444444443
2012-11-06,561,1440,273417010,12.806666666666667
2012-11-06,561,-1624,366940480,5.5998611111111121
2012-11-06,561,-1637,368583000,5.6869444444444444
2012-11-06,561,-1704,366172000,1.8390277777777777
2012-11-06,561,-1705,366172000,6.2465277777777777
2012-11-06,561,-1629,367050980,0.76138888888888889
2012-11-06,817,361,258576000,1.5597222222222222
2012-11-06,817,364,258576000,1.55125
2012-11-06,817,363,258576000,1.5611111111111111
2012-11-06,817,362,258576000,1.5581944444444444
2012-11-06,817,365,258576000,1.5652777777777778
2012-11-06,-463,-756,725000990,4.5530555555555559
2012-11-06,-463,-755,725000620,4.9380555555555556
2012-11-06,-207,-870,224366000,0.86236111111111113
2012-11-06,-207,-871,224366000,1.3655555555555554
2012-11-06,-207,543,660001500,0.75416666666666665
2012-11-06,-207,547,660001500,0.95652777777777775
2012-11-06,50,-521,745001500,6.2456944444444442
2012-11-06,50,-521,745000500,2.6080555555555556
2012-11-06,50,-1601,440517000,2.6640277777777777
2012-11-06,50,-4,627001000,1.7390277777777778
2012-11-06,50,-523,745003500,0.91222222222222227
2012-11-06,50,-522,745003500,1.5602777777777779
2012-11-06,50,1691,538060018,1.0825
2012-11-06,306,1214,412301313,1.8641666666666667
2012-11-06,306,1227,412413211,1.9584722222222222
2012-11-06,306,1228,900306986,3.7116666666666669
2012-11-06,306,1228,900306260,7.5006944444444459
2012-11-06,306,1228,900306818,1.8041666666666667
2012-11-06,306,1227,900310146,2.0322222222222219
2012-11-06,306,1226,412413826,9.8898611111111112
2012-11-06,306,1229,412411015,8.06111111111111
2012-11-06,306,1228,900306828,0.78333333333333333
2012-11-06,306,1228,900306831,2.5041666666666664
2012-11-06,306,1222,412412566,2.6300000000000003
2012-11-06,306,1228,900306846,0.47944444444444445
2012-11-06,306,1229,412411047,0.88097222222222227
2012-11-06,306,1228,412411047,2.0526388888888891
2012-11-06,306,1228,900306101,7.26625
2012-11-06,306,1223,412411063,1.9127777777777775
2012-11-06,306,1228,900306365,8.67013888888889
2012-11-06,306,1228,900306145,2.5502777777777772
2012-11-06,306,1228,900306918,3.8049999999999997
2012-11-06,306,1227,900306918,2.0741666666666667
2012-11-06,306,1228,900306923,7.6386111111111106
2012-11-06,306,1228,900306927,5.2305555555555561
2012-11-06,306,1225,900305913,0.5988888888888888
2012-11-06,562,110,220202000,3.8466666666666658
2012-11-06,562,109,220202000,0.61458333333333337
2012-11-06,562,109,219001125,1.1475
2012-11-06,562,110,219001125,0.90097222222222217
2012-11-06,562,109,219002661,0.87527777777777771
2012-11-06,562,1442,273417010,3.8054166666666669
2012-11-06,562,120,219001149,0.25513888888888892
2012-11-06,562,121,219001149,2.2605555555555554
2012-11-06,562,-1623,366940480,2.3563888888888886
2012-11-06,562,-1705,366172000,0.8899999999999999
2012-11-06,562,-1704,366172000,11.042083333333336
2012-11-06,562,-1703,366172000,3.3741666666666665
2012-11-06,562,-1625,366906730,0.77930555555555558
2012-11-06,562,-1626,366906730,0.7975
2012-11-06,562,-1628,367048070,5.6805555555555562
2012-11-06,562,120,219012302,0.74708333333333332
2012-11-06,818,373,258576000,3.16
2012-11-06,818,371,258576000,1.600138888888889
2012-11-06,818,375,258576000,3.15375
2012-11-06,818,367,258576000,1.5709722222222222
2012-11-06,818,368,258576000,1.5598611111111111
2012-11-06,818,366,258576000,1.6070833333333332
2012-11-06,818,369,258576000,1.5694444444444444
2012-11-06,818,372,258576000,1.5859722222222223
2012-11-06,-462,-619,701000876,4.9631944444444445
2012-11-06,-462,-756,725000620,5.67375
2012-11-06,-206,-855,224626000,4.6615277777777777
2012-11-06,-206,-870,224366000,1.7127777777777777
2012-11-06,-206,-869,224366000,1.9790277777777778
2012-11-06,-206,542,660001500,4.8176388888888884
2012-11-06,-206,-860,224001000,1.3869444444444445
2012-11-06,51,-1573,440522000,2.7275
2012-11-06,51,-1572,440522000,1.8223611111111113
2012-11-06,51,-521,745001500,1.8505555555555557
2012-11-06,51,-522,745001500,1.4958333333333333
2012-11-06,51,-522,745000500,2.800416666666667
2012-11-06,51,-518,745001100,1.9013888888888888
2012-11-06,51,-518,745000600,3.0486111111111112
2012-11-06,51,-6,627001000,1.6654166666666668
2012-11-06,51,-8,627001000,0.85986111111111119
2012-11-06,51,-7,627001000,1.7572222222222225
2012-11-06,307,1225,412612099,6.8313888888888883
2012-11-06,307,1223,412411143,4.4833333333333343
2012-11-06,307,1222,412411143,4.3062499999999995
2012-11-06,307,1224,412413197,0.33805555555555555
2012-11-06,307,1225,412413197,0.26472222222222219
2012-11-06,307,1223,412413199,1.7581944444444444
2012-11-06,307,1221,412411153,1.8352777777777778
2012-11-06,307,1228,900306986,9.6497222222222234
2012-11-06,307,1227,900307503,24.194305555555559
2012-11-06,307,1227,900306226,3.649861111111111
2012-11-06,307,1226,900306226,6.0427777777777774
2012-11-06,307,1226,900307532,4.0315277777777778
2012-11-06,307,1228,900306260,10.581944444444444
2012-11-06,307,1227,900307312,10.879861111111108
2012-11-06,307,1227,900307314,9.4647222222222211
2012-11-06,307,1226,900306301,5.5309722222222231
2012-11-06,307,1227,900306815,11.543611111111112
2012-11-06,307,1228,900306818,10.804583333333333
2012-11-06,307,1228,412411013,5.2831944444444447
2012-11-06,307,1228,900306828,13.355000000000002
2012-11-06,307,1228,900306831,13.24152777777778
2012-11-06,307,1222,412412566,1.6901388888888889
2012-11-06,307,1223,412411037,0.84125
2012-11-06,307,1224,412411037,2.0999999999999996
2012-11-06,307,1228,900306846,19.889166666666664
2012-11-06,307,1228,412411047,1.4366666666666665
2012-11-06,307,1229,412411047,1.7031944444444445
2012-11-06,307,1228,900306101,12.275972222222222
2012-11-06,307,1223,412411063,7.8645833333333321
2012-11-06,307,1227,900367803,2.2195833333333335
2012-11-06,307,1226,900367803,0.76
2012-11-06,307,1226,900306365,2.9726388888888886
2012-11-06,307,1223,412412619,1.5804166666666666
2012-11-06,307,1226,900306386,3.8844444444444446
2012-11-06,307,1228,900306145,9.3426388888888887
2012-11-06,307,1225,900302308,1.4244444444444444
2012-11-06,307,1227,900306918,2.0109722222222217
2012-11-06,307,1226,900306918,0.55319444444444443
2012-11-06,307,1228,900306918,10.556249999999999
2012-11-06,307,1228,900306923,11.729722222222222
2012-11-06,307,1228,900306927,10.247777777777777
2012-11-06,307,1227,900305912,0.49416666666666664
2012-11-06,307,1225,900305913,5.0429166666666649
2012-11-06,563,118,219003138,1.1506944444444445
2012-11-06,563,119,220063000,0.65111111111111108
2012-11-06,563,-290,431316000,5.3415277777777783
2012-11-06,563,-286,431316000,6.4463888888888894
2012-11-06,563,-297,431316000,6.4463888888888894
2012-11-06,563,-295,431316000,4.8865277777777782
2012-11-06,563,-282,431316000,5.3190277777777784
2012-11-06,563,120,219001149,2.3312500000000003
2012-11-06,563,121,219001149,1.7716666666666667
2012-11-06,563,-1622,366906730,1.385
2012-11-06,563,-1625,367048070,0.78611111111111109
2012-11-06,563,-1624,367048070,0.78875
2012-11-06,563,-1623,367094420,1.4393055555555554
2012-11-06,563,118,220205000,5.0447222222222221
2012-11-06,563,119,220205000,6.1584722222222226
2012-11-06,563,120,219012302,6.0572222222222232
2012-11-06,563,120,220375000,1.5656944444444445
2012-11-06,563,118,220375000,0.59888888888888892
2012-11-06,563,119,220375000,1.3994444444444445
2012-11-06,563,119,220076000,1.5363888888888888
2012-11-06,563,120,220076000,1.0283333333333333
2012-11-06,-461,-619,701006073,2.4000000000000004
2012-11-06,-205,-856,224626000,1.921388888888889
2012-11-06,-205,-854,224626000,4.1638888888888888
2012-11-06,-205,-870,224366000,3.6620833333333338
2012-11-06,-205,-860,224001000,1.7516666666666665
2012-11-06,52,-1573,440522000,2.7805555555555554
2012-11-06,52,-1571,440522000,4.19625
2012-11-06,52,-521,745000500,1.8
2012-11-06,52,-518,745000500,2.1220833333333333
2012-11-06,52,-517,745004100,3.6890277777777776
2012-11-06,52,-516,745004100,0.91486111111111112
2012-11-06,52,-518,745001100,1.8465277777777778
2012-11-06,52,-518,745000600,1.8143055555555554
2012-11-06,52,-520,745003500,1.3156944444444443
2012-11-06,308,1223,412411143,2.4194444444444443
2012-11-06,308,1225,412413197,0.2663888888888889
2012-11-06,308,1224,800022544,3.2683333333333335
2012-11-06,308,1226,900306226,10.178749999999999
2012-11-06,308,1226,900307533,1.1388888888888888
2012-11-06,308,1227,412413266,0.90541666666666665
2012-11-06,308,1224,412008024,2.49875
2012-11-06,308,1223,412411239,10.573472222222222
2012-11-06,308,1225,900307307,1.0733333333333333
2012-11-06,308,1228,900306828,2.9375
2012-11-06,308,1228,900306831,1.0420833333333333
2012-11-06,308,1223,412437405,0.34972222222222221
2012-11-06,308,1228,900306846,2.0502777777777776
2012-11-06,308,1228,412411298,0.26361111111111113
2012-11-06,308,1225,412411057,2.2779166666666666
2012-11-06,308,1226,900367803,2.18625
2012-11-06,308,1227,900367803,0.21777777777777779
2012-11-06,308,1226,900306367,12.273611111111112
2012-11-06,308,1228,412413378,3.2409722222222221
2012-11-06,308,1228,412413389,0.47388888888888892
2012-11-06,308,1227,412413389,1.5626388888888887
2012-11-06,308,1224,900310485,0.21680555555555556
2012-11-06,308,1228,900306923,0.28819444444444448
2012-11-06,308,1227,900305912,0.115
2012-11-06,308,1225,900301307,0.4925
2012-11-06,308,1224,900301307,0.92833333333333334
2012-11-06,564,119,219003138,1.9993055555555557
2012-11-06,564,118,219003138,0.45069444444444445
2012-11-06,564,72,219016971,3.6794444444444441
2012-11-06,564,55,219946000,0.77611111111111108
2012-11-06,564,54,219946000,1.0856944444444445
2012-11-06,564,56,219946000,3.2695833333333333
2012-11-06,564,119,220063000,1.6498611111111112
2012-11-06,564,118,220063000,0.8
2012-11-06,564,116,219001125,0.25
2012-11-06,564,-1618,367453000,2.6155555555555554
2012-11-06,564,-1622,367048070,1.5888888888888888
2012-11-06,564,-1620,367094420,1.5865277777777775
2012-11-06,564,-1622,367094420,1.5911111111111114
2012-11-06,564,118,220375000,1.4497222222222221
2012-11-06,564,119,220375000,1.45125
2012-11-06,564,-1618,368631000,2.6419444444444444
2012-11-06,564,118,220076000,1.9062500000000002
2012-11-06,564,119,220076000,1.005
2012-11-06,564,-1694,369174000,0.59916666666666663
2012-11-06,564,-1696,369174000,4.2695833333333333
2012-11-06,564,-1695,369174000,4.1643055555555559
2012-11-06,-460,-755,725000357,8.5916666666666668
2012-11-06,-460,-756,725000620,4.6101388888888888
2012-11-06,-460,-755,725000620,0.79722222222222228
2012-11-06,-460,-619,701006073,11.750277777777779
2012-11-06,-204,-1294,412420435,8.5926388888888887
2012-11-06,-204,-1300,412420435,2.9973611111111111
2012-11-06,-204,-1228,412420238,1.8109722222222224
2012-11-06,-204,-860,224001000,4.0748611111111108
2012-11-06,53,-1571,440522000,1.6695833333333332
2012-11-06,53,-1572,440522000,1.7333333333333334
2012-11-06,53,-521,745001500,2.7680555555555557
2012-11-06,53,-520,745001500,1.7930555555555556
2012-11-06,53,-518,745000500,7.9537499999999994
2012-11-06,53,-519,745000500,1.6155555555555556
2012-11-06,53,-518,745004100,8.1433333333333344
2012-11-06,53,-517,745004100,10.726527777777779
2012-11-06,53,-1600,440517000,1.7905555555555557
2012-11-06,53,-1601,440517000,1.8473611111111112
2012-11-06,53,-1599,440517000,2.742777777777778
2012-11-06,53,-518,745001100,12.22722222222222
2012-11-06,53,-518,745000600,1.7263888888888888
2012-11-06,53,-517,745000600,7.9827777777777778
2012-11-06,53,-518,745003500,5.3155555555555551
2012-11-06,53,-520,745003500,1.8194444444444442
2012-11-06,309,1227,412413006,14.558194444444446
2012-11-06,309,1227,412413266,12.534722222222221
2012-11-06,309,1223,412411239,3.8812500000000005
2012-11-06,309,1227,412413054,9.7440277777777773
2012-11-06,309,1228,412413057,4.7836111111111119
2012-11-06,309,1227,412413061,6.8505555555555553
2012-11-06,309,1226,412411019,2.552777777777778
2012-11-06,309,1228,412411298,4.8529166666666672
2012-11-06,309,1225,900403402,0.885
2012-11-06,309,1228,412413389,1.370138888888889
2012-11-06,309,1227,412413389,1.3243055555555556
2012-11-06,309,1224,900310485,0.29736111111111113
2012-11-06,565,118,219003138,2.4509722222222221
2012-11-06,565,68,219016971,0.24972222222222223
2012-11-06,565,71,219016971,1.149861111111111
2012-11-06,565,72,219016971,0.68055555555555558
2012-11-06,565,69,219016971,1.6508333333333334
2012-11-06,565,70,219016971,1.6504166666666666
2012-11-06,565,67,219016971,0.45097222222222222
2012-11-06,565,54,219946000,0.43986111111111109
2012-11-06,565,57,219946000,2.8776388888888889
2012-11-06,565,56,219946000,0.85777777777777775
2012-11-06,565,55,219946000,0.41222222222222227
2012-11-06,565,118,220063000,2.4994444444444444
2012-11-06,565,116,219001125,1.0506944444444444
2012-11-06,565,118,219001125,0.550138888888889
2012-11-06,565,117,219001125,2.0997222222222223
2012-11-06,565,-1617,367453000,1.2315277777777778
2012-11-06,565,46,219867000,8.674722222222222
2012-11-06,565,55,219867000,0.22722222222222221
2012-11-06,565,-1702,303301000,1.5486111111111112
2012-11-06,565,-1699,303301000,4.8691666666666666
2012-11-06,565,-1701,303301000,1.6077777777777778
2012-11-06,565,124,219006111,4.505
2012-11-06,565,122,219006111,4.1415277777777773
2012-11-06,565,121,219006111,2.2694444444444439
2012-11-06,565,123,219006111,1.6004166666666666
2012-11-06,565,-1708,366820000,1.7195833333333335
2012-11-06,565,-1712,366820000,5.3156944444444445
2012-11-06,565,-1711,366820000,3.4808333333333334
2012-11-06,565,-1710,366820000,6.4704166666666669
2012-11-06,565,122,220356000,3.9897222222222224
2012-11-06,565,124,220356000,2.1091666666666669
2012-11-06,565,125,220356000,0.29125
2012-11-06,565,121,220356000,1.7744444444444445
2012-11-06,565,123,220356000,2.5995833333333334
2012-11-06,565,-19,235000480,0.97625000000000006
2012-11-06,565,-20,235000480,12.367500000000001
2012-11-06,565,114,220345000,0.84861111111111109
2012-11-06,565,115,220345000,0.65027777777777784
2012-11-06,565,117,220345000,2.4979166666666668
2012-11-06,565,118,220345000,0.701111111111111
2012-11-06,565,116,220345000,1.8515277777777777
2012-11-06,565,-294,431022000,4.296388888888889
2012-11-06,565,-297,431022000,1.5061111111111112
2012-11-06,565,-285,431022000,2.370972222222222
2012-11-06,565,-291,431022000,5.8890277777777778
2012-11-06,565,-286,431022000,5.1548611111111109
2012-11-06,565,125,219006157,0.56152777777777785
2012-11-06,565,124,219006157,2.1486111111111112
2012-11-06,565,123,219006157,1.1062500000000002
2012-11-06,565,-1617,368631000,1.2175
2012-11-06,565,118,220076000,1.6006944444444444
2012-11-06,565,-1695,369174000,4.9565277777777776
2012-11-06,565,-1694,369174000,9.39375
2012-11-06,-459,-756,725000990,10.960972222222221
2012-11-06,-459,-757,725000620,5.1597222222222223
2012-11-06,-459,-756,725000620,2.3919444444444444
2012-11-06,-459,-756,725000896,4.2401388888888887
2012-11-06,-459,-755,725000896,4.57625
2012-11-06,-459,-618,701006073,1.6002777777777779
2012-11-06,-203,-856,224626000,1.3344444444444445
2012-11-06,-203,-1301,412420435,1.7441666666666666
2012-11-06,-203,-1229,412420238,5.0997222222222227
2012-11-06,54,-1571,440522000,1.51125
2012-11-06,54,-519,745001500,2.3870833333333334
2012-11-06,54,-520,745001500,8.6543055555555561
2012-11-06,54,-519,745000500,1.5156944444444445
2012-11-06,54,-518,745000500,0.923611111111111
2012-11-06,54,-518,745004100,1.683472222222222
2012-11-06,54,-1602,440517000,1.8969444444444445
2012-11-06,54,-1599,440517000,1.3712499999999999
2012-11-06,54,-1601,440517000,1.6583333333333332
2012-11-06,54,-1603,440517000,2.629027777777778
2012-11-06,54,-1600,440517000,1.6090277777777777
2012-11-06,54,-518,745000600,1.5969444444444445
2012-11-06,54,-518,745003500,6.3716666666666661
2012-11-06,310,1227,412413057,5.4326388888888886
2012-11-06,310,1227,412413061,3.9313888888888893
2012-11-06,310,1226,412413152,13.240694444444442
2012-11-06,566,118,219003138,1.3991666666666667
2012-11-06,566,68,219016971,1.0009722222222224
2012-11-06,566,67,219016971,0.64972222222222231
2012-11-06,566,118,220063000,1.7001388888888889
2012-11-06,566,118,219001125,2.8505555555555553
2012-11-06,566,-1616,367453000,0.772361111111111
2012-11-06,566,53,219867000,1.0669444444444445
2012-11-06,566,54,219867000,0.40972222222222221
2012-11-06,566,52,219867000,0.42583333333333334
2012-11-06,566,-1732,367125630,0.37013888888888891
2012-11-06,566,-1733,367125630,0.78055555555555556
2012-11-06,566,-1729,367125630,3.3636111111111111
2012-11-06,566,-1699,303301000,8.0658333333333321
2012-11-06,566,-1700,303301000,0.79541666666666666
2012-11-06,566,-1702,303301000,4.1195833333333329
2012-11-06,566,-1701,303301000,2.777222222222222
2012-11-06,566,121,219006111,1.4997222222222224
2012-11-06,566,122,219006111,0.29916666666666669
2012-11-06,566,-1712,366820000,6.4109722222222221
2012-11-06,566,122,220356000,1.2433333333333334
2012-11-06,566,121,220356000,4.6393055555555538
2012-11-06,566,115,220345000,2.3001388888888887
2012-11-06,566,119,220345000,0.20819444444444446
2012-11-06,566,118,220345000,2.6000000000000005
2012-11-06,566,-299,431022000,5.858194444444444
2012-11-06,566,123,219006157,0.20750000000000002
2012-11-06,566,124,219006157,2.1540277777777774
2012-11-06,566,-1616,368631000,3.7695833333333333
2012-11-06,566,-1615,368631000,1.6011111111111112
2012-11-06,-458,-756,725000896,9.1025
2012-11-06,-458,-619,701006073,5.1745833333333335
2012-11-06,-202,-857,224626000,0.85472222222222227
2012-11-06,-202,-1301,412420435,1.8151388888888886
2012-11-06,-202,-850,224017000,1.01625
2012-11-06,-202,-853,224017000,1.4668055555555555
2012-11-06,-202,-851,224017000,1.3576388888888888
2012-11-06,-202,-1231,412420238,1.8025
2012-11-06,-202,-1230,412420238,1.6649999999999998
2012-11-06,-202,508,312888000,0.7334722222222223
2012-11-06,-202,507,312888000,0.90833333333333333
2012-11-06,-202,510,312888000,5.1848611111111111
2012-11-06,-202,506,312888000,1.6236111111111111
2012-11-06,-202,509,312888000,6.4111111111111114
2012-11-06,-202,-861,224001000,1.3776388888888889
2012-11-06,-202,-860,224001000,1.1845833333333333
2012-11-06,-202,-902,224918000,6.1963888888888894
2012-11-06,55,-1571,440522000,3.7844444444444445
2012-11-06,567,118,220256000,0.65916666666666668
2012-11-06,567,117,220256000,1.8004166666666668
2012-11-06,567,117,219002881,2.1006944444444446
2012-11-06,567,111,219000613,0.30013888888888884
2012-11-06,567,119,219001125,0.60013888888888889
2012-11-06,567,-1649,367460660,8.3540277777777785
2012-11-06,567,117,220349000,4.3333333333333339
2012-11-06,567,118,220349000,1.4758333333333331
2012-11-06,567,67,220507000,5.6433333333333335
2012-11-06,567,69,220507000,0.49874999999999997
2012-11-06,567,68,220507000,0.4480555555555556
2012-11-06,567,52,219867000,0.87874999999999992
2012-11-06,567,51,219867000,6.335694444444445
2012-11-06,567,53,219867000,0.425
2012-11-06,567,-1729,367125630,1.58
2012-11-06,567,-1732,367125630,1.5577777777777777
2012-11-06,567,-1733,367125630,3.0375
2012-11-06,567,119,220345000,0.61625
2012-11-06,567,1463,273441490,6.4154166666666663
2012-11-06,567,1388,273827800,7.9404166666666667
2012-11-06,567,-1615,368631000,5.8040277777777778
2012-11-06,567,117,219013885,2.5009722222222219
2012-11-06,567,118,219013885,1.850138888888889
2012-11-06,-457,-619,701000876,5.0034722222222223
2012-11-06,-457,-619,701037000,6.4620833333333341
2012-11-06,-457,-619,701000929,6.4518055555555556
2012-11-06,-201,-857,224626000,1.7280555555555552
2012-11-06,-201,-1302,412420435,2.655555555555555
2012-11-06,-201,-852,224017000,3.3766666666666665
2012-11-06,-201,-1234,412420238,5.7586111111111116
2012-11-06,-201,-1230,412420238,6.21986111111111
2012-11-06,-201,510,312888000,1.8145833333333332
2012-11-06,-201,507,312888000,1.8834722222222222
2012-11-06,-201,509,312888000,1.8881944444444443
2012-11-06,-201,508,312888000,6.6511111111111108
2012-11-06,-201,-860,224001000,0.34319444444444447
2012-11-06,-201,-861,224001000,1.6694444444444445
2012-11-06,-201,-902,224918000,0.800138888888889
2012-11-06,-201,-904,224918000,7.0462500000000006
2012-11-06,56,-1571,440522000,3.6318055555555553
2012-11-06,568,118,220256000,1.463888888888889
2012-11-06,568,117,220256000,0.25013888888888891
2012-11-06,568,117,219002881,1.2506944444444446
2012-11-06,568,111,219000613,0.29986111111111113
2012-11-06,568,120,266057000,0.25013888888888891
2012-11-06,568,123,266057000,1.2248611111111112
2012-11-06,568,121,266057000,2.7501388888888894
2012-11-06,568,122,266057000,4.6929166666666671
2012-11-06,568,-1649,367460660,4.8681944444444456
2012-11-06,568,-1648,367460660,6.055416666666666
2012-11-06,568,117,220349000,2.0238888888888891
2012-11-06,568,121,266139000,2.9598611111111111
2012-11-06,568,-1729,367125630,6.5133333333333336
2012-11-06,568,-1730,367125630,6.50138888888889
2012-11-06,568,118,265722000,0.84819444444444436
2012-11-06,568,-18,235000480,8.5068055555555535
2012-11-06,568,-1614,368631000,3.1966666666666668
2012-11-06,568,-1613,368631000,5.5831944444444446
2012-11-06,568,15,235007960,7.1820833333333329
2012-11-06,568,117,219013885,2.3998611111111114
2012-11-06,-456,-619,701031000,5.7438888888888888
2012-11-06,-456,493,618000500,11.406388888888888
2012-11-06,-456,494,618000500,6.8881944444444461
2012-11-06,-456,-619,701000927,7.3163888888888895
2012-11-06,-200,-856,224626000,1.0780555555555555
2012-11-06,-200,-857,224626000,1.4779166666666668
2012-11-06,-200,-1303,412420435,8.6227777777777774
2012-11-06,-200,-850,224017000,1.7679166666666668
2012-11-06,-200,-1233,412420238,2.0195833333333333
2012-11-06,-200,123,376602000,0.89319444444444451
2012-11-06,-200,123,375714000,3.7643055555555556
2012-11-06,-200,-862,224001000,0.74861111111111112
2012-11-06,-200,-904,224918000,2.0120833333333334
2012-11-06,-200,-902,224918000,1.3183333333333334
2012-11-06,-200,-901,224918000,0.81375
2012-11-06,569,122,266057000,1.2508333333333335
2012-11-06,569,121,266057000,5.0797222222222231
2012-11-06,569,120,266057000,0.26055555555555554
2012-11-06,569,-1647,367460660,4.1086111111111112
2012-11-06,569,78,220507000,0.25055555555555553
2012-11-06,569,122,265666680,1.5544444444444445
2012-11-06,569,121,265666680,0.25527777777777777
2012-11-06,569,121,266139000,3.0906944444444444
2012-11-06,569,122,266139000,3.5995833333333338
2012-11-06,569,117,220099000,17.008194444444445
2012-11-06,569,116,220099000,6.2994444444444442
2012-11-06,569,71,205240000,0.8995833333333334
2012-11-06,569,70,205240000,5.17763888888889
2012-11-06,569,72,205240000,1.2080555555555554
2012-11-06,569,14,235007960,7.1820833333333329
2012-11-06,569,122,265588470,5.2170833333333331
2012-11-06,-455,-619,701000717,1.5426388888888889
2012-11-06,-455,-619,701031000,1.5177777777777779
2012-11-06,-455,-619,701000876,1.5587499999999999
2012-11-06,-455,-619,701037000,5.3581944444444449
2012-11-06,-455,-619,701000929,4.9963888888888892
2012-11-06,-199,-856,224626000,1.2818055555555556
2012-11-06,-199,-857,224626000,1.7843055555555556
2012-11-06,-199,-851,224017000,0.93347222222222226
2012-11-06,-199,122,376602000,1.7566666666666666
2012-11-06,-199,123,376602000,1.6863888888888887
2012-11-06,-199,-869,224051350,5.0944444444444441
2012-11-06,-199,-862,224001000,3.5690277777777779
2012-11-06,-199,-861,224001000,1.3876388888888891
2012-11-06,-199,-903,224918000,1.7425
2012-11-06,570,121,266186000,0.20055555555555554
2012-11-06,570,122,266186000,0.25041666666666668
2012-11-06,570,-1709,367068230,1.6056944444444445
2012-11-06,570,-1711,367068230,3.0180555555555557
2012-11-06,570,-1708,367068230,2.265138888888889
2012-11-06,570,-1710,367068230,1.6083333333333334
2012-11-06,570,-1514,367085680,3.0701388888888883
2012-11-06,570,-1516,367085680,2.6022222222222222
2012-11-06,570,78,220507000,0.45
2012-11-06,570,122,265666680,2.8077777777777779
2012-11-06,570,121,265666680,2.1223611111111111
2012-11-06,570,118,266160000,2.96375
2012-11-06,570,117,266160000,0.98680555555555549
2012-11-06,570,119,266160000,2.8551388888888889
2012-11-06,570,120,266160000,1.5747222222222221
2012-11-06,570,121,266160000,0.21625
2012-11-06,570,-1668,366864000,2.5836111111111109
2012-11-06,570,120,266170000,1.6529166666666666
2012-11-06,570,117,266170000,3.1512500000000006
2012-11-06,570,118,266170000,1.0972222222222223
2012-11-06,570,119,266170000,4.1784722222222221
2012-11-06,570,120,265502370,6.75125
2012-11-06,570,121,265502370,5.7290277777777776
2012-11-06,570,70,205240000,4.7513888888888891
2012-11-06,570,71,205240000,6.3318055555555555
2012-11-06,570,72,205240000,2.0022222222222217
2012-11-06,570,73,205240000,1.7004166666666667
2012-11-06,570,-1731,367528690,2.3027777777777776
2012-11-06,570,-1733,367528690,0.78916666666666668
2012-11-06,570,-1732,367528690,1.5690277777777777
2012-11-06,-454,-752,725012800,6.5505555555555555
2012-11-06,-454,-751,725012800,3.7995833333333335
2012-11-06,-454,498,618000500,8.4305555555555554
2012-11-06,-198,-850,224017000,0.88180555555555562
2012-11-06,-198,-851,224017000,0.37388888888888888
2012-11-06,-198,122,376602000,0.89902777777777776
2012-11-06,-198,-869,224051350,0.86249999999999993
2012-11-06,-198,-868,224051350,1.3761111111111113
2012-11-06,-198,-1299,412420796,4.9083333333333332
2012-11-06,-198,122,375714000,3.5793055555555555
2012-11-06,-198,-903,224918000,0.95083333333333331
2012-11-06,-198,-902,224918000,2.8048611111111112
2012-11-06,571,1499,273430790,1.5265277777777779
2012-11-06,571,1500,273430790,1.1761111111111111
2012-11-06,571,115,219005968,0.25027777777777777
2012-11-06,571,-1626,367411730,9.52736111111111
2012-11-06,571,-1525,366691880,7.4640277777777779
2012-11-06,571,-1524,366691880,1.5626388888888889
2012-11-06,571,81,205192000,4.8084722222222229
2012-11-06,571,-1712,367068230,7.3675000000000006
2012-11-06,571,-1710,367068230,5.5819444444444439
2012-11-06,571,118,266160000,2.3754166666666667
2012-11-06,571,119,266160000,1.2468055555555557
2012-11-06,571,-1668,366864000,1.6277777777777778
2012-11-06,571,118,266170000,2.6873611111111111
2012-11-06,571,-1526,303684000,5.0108333333333333
2012-11-06,571,82,205262000,2.3576388888888888
2012-11-06,571,79,205262000,1.2240277777777777
2012-11-06,571,80,205262000,0.69847222222222216
2012-11-06,571,81,205262000,3.0444444444444443
2012-11-06,571,78,205262000,1.4476388888888887
2012-11-06,571,81,205197000,2.4388888888888891
2012-11-06,571,79,205197000,0.7252777777777778
2012-11-06,571,78,205197000,1.3708333333333333
2012-11-06,571,76,205197000,1.7993055555555555
2012-11-06,571,80,205197000,0.82458333333333333
2012-11-06,571,116,219003103,0.21388888888888891
2012-11-06,571,-1734,367528690,3.3755555555555556
2012-11-06,571,-1733,367528690,12.131666666666668
2012-11-06,571,-1735,367528690,0.78152777777777782
2012-11-06,571,-1732,367528690,1.671388888888889
2012-11-06,-453,-752,725012800,5.6733333333333329
2012-11-06,-453,-753,725012800,0.87263888888888885
2012-11-06,-197,510,533333005,0.95013888888888887
2012-11-06,-197,508,533333005,2.5583333333333336
2012-11-06,-197,509,533333005,6.615
2012-11-06,-197,-1309,412400155,5.8406944444444449
2012-11-06,-197,-1308,412400155,0.72013888888888888
2012-11-06,-197,-856,224626000,1.4094444444444445
2012-11-06,-197,-850,224017000,4.5623611111111115
2012-11-06,-197,-851,224017000,1.0888888888888888
2012-11-06,-197,-870,224051350,5.1875
2012-11-06,-197,-868,224051350,1.3336111111111111
2012-11-06,-197,122,376601000,1.9040277777777779
2012-11-06,-197,-1290,412420584,10.351111111111111
2012-11-06,-197,-861,224001000,1.5111111111111111
2012-11-06,572,115,219005968,1.3994444444444445
2012-11-06,572,114,219005968,1.4509722222222223
2012-11-06,572,116,219005968,2.1508333333333334
2012-11-06,572,113,219005968,0.24930555555555556
2012-11-06,572,-1626,367411730,6.8647222222222224
2012-11-06,572,-1625,367411730,5.8104166666666668
2012-11-06,572,-1525,366691880,12.526944444444444
2012-11-06,572,-1709,366270000,3.3551388888888889
2012-11-06,572,-1710,366270000,5.640138888888889
2012-11-06,572,83,205192000,2.1544444444444446
2012-11-06,572,82,205192000,14.658888888888891
2012-11-06,572,81,205192000,2.225138888888889
2012-11-06,572,76,246557000,10.604722222222223
2012-11-06,572,114,219004242,1.0281944444444444
2012-11-06,572,-1524,366929780,2.6043055555555554
2012-11-06,572,-1522,366929780,3.0934722222222217
2012-11-06,572,-1525,366929780,3.11625
2012-11-06,572,-1669,366864000,5.8093055555555555
2012-11-06,572,-1630,367408020,12.466249999999999
2012-11-06,572,-1631,367408020,4.1338888888888894
2012-11-06,572,-1526,303684000,1.5345833333333334
2012-11-06,572,-1523,303684000,3.8569444444444447
2012-11-06,572,-1525,303684000,0.77777777777777779
2012-11-06,572,-1524,303684000,7.6268055555555563
2012-11-06,572,81,205262000,0.565
2012-11-06,572,82,205262000,7.3365277777777784
2012-11-06,572,77,205262000,7.1920833333333327
2012-11-06,572,77,205197000,4.0775000000000006
2012-11-06,572,81,205197000,1.7372222222222224
2012-11-06,572,83,205197000,0.45791666666666664
2012-11-06,572,82,205197000,7.9665277777777792
2012-11-06,572,78,205197000,2.25
2012-11-06,572,79,205197000,0.45027777777777778
2012-11-06,572,-1525,367082710,8.8255555555555549
2012-11-06,572,-1526,367082710,3.1584722222222221
2012-11-06,572,115,219003103,2.9319444444444449
2012-11-06,572,116,219003103,1.6558333333333333
2012-11-06,572,114,219003103,2.127361111111111
2012-11-06,572,-1733,367528690,0.769861111111111
2012-11-06,572,114,219006971,2.2958333333333334
2012-11-06,572,116,219006971,0.42027777777777781
2012-11-06,572,113,219006971,1.4852777777777779
2012-11-06,572,115,219006971,5.3975000000000009
2012-11-06,-452,-620,701000745,4.215
2012-11-06,-452,-754,725012800,5.6722222222222225
2012-11-06,-452,-755,725012800,0.83041666666666669
2012-11-06,-452,-619,701000876,3.4933333333333327
2012-11-06,-452,-619,701037000,5.3504166666666668
2012-11-06,-452,-617,701037000,1.5511111111111111
2012-11-06,-452,-617,701000929,1.1120833333333333
2012-11-06,-452,-619,701000929,3.4597222222222221
2012-11-06,-196,512,533333005,6.4466666666666663
2012-11-06,-196,511,533333005,2.5586111111111109
2012-11-06,-196,-1307,412400155,1.8022222222222224
2012-11-06,-196,-855,224626000,5.0873611111111119
2012-11-06,-196,-852,224017000,3.449583333333333
2012-11-06,-196,-869,224051350,2.9638888888888886
2012-11-06,-196,-870,224051350,4.1736111111111107
2012-11-06,-196,-1300,412420796,1.8669444444444445
2012-11-06,-196,-864,224001000,4.1755555555555555
2012-11-06,573,77,220042000,1.0013888888888887
2012-11-06,573,115,219005968,1.39875
2012-11-06,573,116,219005968,0.74930555555555556
2012-11-06,573,-1625,367411730,1.4918055555555556
2012-11-06,573,75,219188000,0.22055555555555556
2012-11-06,573,86,219188000,0.48527777777777781
2012-11-06,573,-1710,366270000,1.5016666666666667
2012-11-06,573,-1709,366270000,2.596111111111111
2012-11-06,573,-1708,366270000,5.5918055555555553
2012-11-06,573,82,219709000,1.3566666666666667
2012-11-06,573,83,219709000,0.8488888888888888
2012-11-06,573,113,219004242,1.2418055555555556
2012-11-06,573,114,219004242,3.1154166666666661
2012-11-06,573,-1525,366929780,7.3147222222222226
2012-11-06,573,-1524,366929780,1.5438888888888891
2012-11-06,573,-1669,338693000,1.7773611111111114
2012-11-06,573,-1672,338693000,1.4018055555555557
2012-11-06,573,-1631,367408020,3.2052777777777779
2012-11-06,573,-1630,367408020,3.9177777777777778
2012-11-06,573,-1522,303684000,5.013472222222223
2012-11-06,573,-1518,367122850,23.395833333333332
2012-11-06,573,-1739,366105000,1.5013888888888889
2012-11-06,573,-1737,366105000,6.9169444444444448
2012-11-06,573,-1736,366105000,0.60736111111111113
2012-11-06,573,-1738,366105000,13.141805555555557
2012-11-06,573,-1658,367390380,7.1333333333333329
2012-11-06,573,-1660,367390380,12.447916666666668
2012-11-06,573,-1659,367390380,3.8340277777777771
2012-11-06,573,113,220334000,0.41291666666666671
2012-11-06,573,-1671,366705860,4.9468055555555557
2012-11-06,573,-1678,366705860,1.6181944444444445
2012-11-06,573,-1680,366705860,3.0152777777777779
2012-11-06,573,-1661,338626000,0.84222222222222221
2012-11-06,573,-1659,338626000,7.8687499999999995
2012-11-06,573,-1657,338626000,0.80027777777777775
2012-11-06,573,-1660,338626000,4.1476388888888884
2012-11-06,573,-1658,338626000,3.5438888888888886
2012-11-06,573,-1525,367082710,11.3825
2012-11-06,573,113,219006971,1.442361111111111
2012-11-06,-451,-620,701000745,13.797916666666667
2012-11-06,-451,-618,701037000,5.68125
2012-11-06,-451,-609,701000929,5.6805555555555554
2012-11-06,-451,-616,701000929,0.81138888888888894
2012-11-06,-451,-614,701000929,0.79708333333333337
2012-11-06,-451,-612,701000929,1.0856944444444445
2012-11-06,-195,-851,224017000,1.3920833333333333
2012-11-06,-195,-852,224017000,5.0890277777777788
2012-11-06,-195,-869,224051350,1.7252777777777779
2012-11-06,-195,-1290,412420584,9.5875
2012-11-06,-195,-1288,412420584,4.7793055555555561
2012-11-06,-195,-1289,412420584,2.6874999999999996
2012-11-06,-195,-862,224001000,3.7222222222222223
2012-11-06,318,1213,413822301,11.899166666666666
2012-11-06,318,-529,224115880,1.6773611111111113
2012-11-06,318,-528,224115880,1.7901388888888889
2012-11-06,574,81,220128000,0.50055555555555553
2012-11-06,574,80,220128000,3.3286111111111119
2012-11-06,574,79,220042000,1.4009722222222223
2012-11-06,574,78,220042000,2.7994444444444446
2012-11-06,574,77,220042000,2.9493055555555561
2012-11-06,574,84,220042000,0.90013888888888893
2012-11-06,574,80,220042000,0.45027777777777778
2012-11-06,574,70,219956000,1.9648611111111109
2012-11-06,574,67,219956000,0.6529166666666667
2012-11-06,574,68,219956000,0.9473611111111111
2012-11-06,574,69,219956000,1.9152777777777779
2012-11-06,574,79,219188000,1.0727777777777778
2012-11-06,574,86,219188000,1.1034722222222222
2012-11-06,574,77,219188000,1.0691666666666668
2012-11-06,574,82,219188000,1.0469444444444445
2012-11-06,574,81,219188000,1.0693055555555555
2012-11-06,574,80,219188000,1.2772222222222223
2012-11-06,574,83,219188000,1.2793055555555557
2012-11-06,574,78,219188000,1.2691666666666668
2012-11-06,574,76,219188000,0.21041666666666667
2012-11-06,574,85,219188000,1.1156944444444443
2012-11-06,574,87,219188000,0.2225
2012-11-06,574,84,219188000,1.0797222222222222
2012-11-06,574,116,266388000,7.5441666666666656
2012-11-06,574,117,266388000,2.7719444444444443
2012-11-06,574,84,219709000,3.0573611111111112
2012-11-06,574,83,219709000,4.1072222222222212
2012-11-06,574,87,219709000,1.2379166666666668
2012-11-06,574,86,219709000,2.5597222222222227
2012-11-06,574,88,219709000,0.22055555555555556
2012-11-06,574,82,219709000,2.4691666666666663
2012-11-06,574,85,219709000,2.4730555555555553
2012-11-06,574,83,219001673,0.85444444444444434
2012-11-06,574,79,219001673,1.2770833333333331
2012-11-06,574,82,219001673,0.42374999999999996
2012-11-06,574,84,266322000,1.10125
2012-11-06,574,71,218162000,3.1141666666666659
2012-11-06,574,74,218162000,3.7418055555555556
2012-11-06,574,75,218162000,1.5838888888888887
2012-11-06,574,72,218162000,4.2073611111111111
2012-11-06,574,73,218162000,2.4565277777777776
2012-11-06,574,69,218162000,0.75180555555555562
2012-11-06,574,70,218162000,1.6824999999999999
2012-11-06,574,80,220135000,0.21694444444444444
2012-11-06,574,79,220135000,2.129861111111111
2012-11-06,574,-1670,366864000,1.3977777777777778
2012-11-06,574,117,266148000,4.1895833333333332
2012-11-06,574,116,266148000,6.4797222222222235
2012-11-06,574,-1737,366105000,0.43527777777777776
2012-11-06,574,-1738,366105000,1.1981944444444443
2012-11-06,574,-1669,366947000,1.1776388888888889
2012-11-06,574,114,266371000,2.8602777777777781
2012-11-06,574,-1672,366705860,0.76041666666666674
2012-11-06,574,-1671,366705860,1.4891666666666667
2012-11-06,574,76,211267780,3.4524999999999997
2012-11-06,574,73,211267780,2.435
2012-11-06,574,69,211267780,0.7416666666666667
2012-11-06,574,71,211267780,3.1541666666666668
2012-11-06,574,74,211267780,2.7726388888888884
2012-11-06,574,72,211267780,3.1512500000000006
2012-11-06,574,75,211267780,1.640138888888889
2012-11-06,574,70,211267780,2.0715277777777774
2012-11-06,574,77,211267780,2.7501388888888889
2012-11-06,574,110,219011274,1.4997222222222222
2012-11-06,574,109,219011274,1.1252777777777776
2012-11-06,574,107,219106000,1.2994444444444444
2012-11-06,574,108,219106000,0.66875000000000007
2012-11-06,574,79,219001592,1.253611111111111
2012-11-06,574,80,219001592,1.4800000000000002
2012-11-06,-450,422,441667000,9.7541666666666664
2012-11-06,-450,423,441667000,6.7934722222222224
2012-11-06,-450,421,441667000,0.77763888888888888
2012-11-06,-194,-1288,412400154,2.4519444444444445
2012-11-06,-194,-1287,412400154,0.98263888888888884
2012-11-06,-194,-1289,412400154,6.1119444444444451
2012-11-06,-194,-1290,412400154,1.8236111111111111
2012-11-06,-194,-1309,412400155,2.7352777777777777
2012-11-06,-194,-1308,412400155,5.4293055555555556
2012-11-06,-194,-244,416004204,7.3549999999999995
2012-11-06,-194,121,376601000,1.7418055555555556
2012-11-06,-194,-1302,412420796,1.9458333333333333
2012-11-06,-194,-1285,412420582,8.4315277777777755
2012-11-06,-194,-1280,412420582,1.810972222222222
2012-11-06,319,-528,224115880,1.7413888888888889
2012-11-06,575,84,219904000,1.3218055555555552
2012-11-06,575,83,219904000,5.8284722222222234
2012-11-06,575,81,220128000,1.8505555555555553
2012-11-06,575,80,220128000,0.82486111111111116
2012-11-06,575,84,220128000,0.45472222222222225
2012-11-06,575,82,220128000,1.8505555555555555
2012-11-06,575,83,220128000,2.0495833333333335
2012-11-06,575,74,257802500,1.41125
2012-11-06,575,73,257802500,1.6727777777777777
2012-11-06,575,78,257802500,2.1341666666666668
2012-11-06,575,71,257802500,2.8186111111111116
2012-11-06,575,77,257802500,1.4030555555555555
2012-11-06,575,72,257802500,1.7533333333333336
2012-11-06,575,75,257802500,1.7579166666666668
2012-11-06,575,76,257802500,1.6
2012-11-06,575,83,220042000,1.6595833333333334
2012-11-06,575,81,220042000,1.3494444444444444
2012-11-06,575,80,220042000,0.80069444444444438
2012-11-06,575,82,220042000,1.2495833333333333
2012-11-06,575,57,257131800,0.98972222222222217
2012-11-06,575,84,219871000,3.874166666666667
2012-11-06,575,64,219956000,1.1427777777777779
2012-11-06,575,62,219956000,1.1143055555555557
2012-11-06,575,69,219956000,0.21236111111111111
2012-11-06,575,67,219956000,0.65041666666666664
2012-11-06,575,63,219956000,1.1301388888888888
2012-11-06,575,66,219956000,0.89972222222222209
2012-11-06,575,60,219956000,0.89875
2012-11-06,575,65,219956000,1.3802777777777777
2012-11-06,575,61,219956000,1.09625
2012-11-06,575,68,219956000,0.41097222222222224
2012-11-06,575,87,219188000,1.01125
2012-11-06,575,116,266388000,1.4423611111111112
2012-11-06,575,77,258216000,1.7540277777777782
2012-11-06,575,78,258216000,1.5430555555555558
2012-11-06,575,76,258216000,1.5412499999999998
2012-11-06,575,79,258216000,0.65055555555555555
2012-11-06,575,74,258216000,1.3333333333333335
2012-11-06,575,75,258216000,1.5555555555555556
2012-11-06,575,-1740,366173000,3.7302777777777778
2012-11-06,575,-1741,366173000,0.82097222222222221
2012-11-06,575,87,219709000,1.3493055555555558
2012-11-06,575,81,219001673,3.7061111111111114
2012-11-06,575,82,219001673,2.537638888888889
2012-11-06,575,79,219001673,1.0329166666666667
2012-11-06,575,80,219001673,2.75875
2012-11-06,575,86,266322000,5.5026388888888871
2012-11-06,575,83,266322000,0.95
2012-11-06,575,88,266322000,1.4247222222222224
2012-11-06,575,87,266322000,2.699583333333333
2012-11-06,575,85,266322000,3.0502777777777781
2012-11-06,575,84,266322000,0.55027777777777787
2012-11-06,575,83,220135000,1.8476388888888888
2012-11-06,575,84,220135000,0.800138888888889
2012-11-06,575,116,266076000,2.9255555555555559
2012-11-06,575,116,266065000,3.3298611111111116
2012-11-06,575,84,220166000,0.70736111111111111
2012-11-06,575,83,220166000,2.2688888888888883
2012-11-06,575,-1671,366864000,5.570555555555555
2012-11-06,575,-1668,366864000,0.9636111111111112
2012-11-06,575,62,219941000,23.50375
2012-11-06,575,78,219418000,1.4726388888888888
2012-11-06,575,80,219418000,0.87805555555555559
2012-11-06,575,79,219418000,2.8666666666666671
2012-11-06,575,116,266148000,0.74138888888888888
2012-11-06,575,107,220142000,0.8370833333333334
2012-11-06,575,109,220142000,2.2955555555555551
2012-11-06,575,110,220142000,2.513611111111111
2012-11-06,575,108,220142000,1.9773611111111111
2012-11-06,575,111,220142000,0.61375
2012-11-06,575,73,259118000,1.7884722222222222
2012-11-06,575,77,259118000,1.8476388888888888
2012-11-06,575,72,259118000,1.7052777777777777
2012-11-06,575,71,259118000,1.7588888888888889
2012-11-06,575,76,259118000,1.642222222222222
2012-11-06,575,69,259118000,1.7806944444444444
2012-11-06,575,70,259118000,1.77375
2012-11-06,575,75,259118000,1.518888888888889
2012-11-06,575,74,259118000,1.5074999999999998
2012-11-06,575,96,219012276,0.800138888888889
2012-11-06,575,-1670,366947000,4.7470833333333333
2012-11-06,575,114,266371000,7.2433333333333323
2012-11-06,575,84,219002051,1.600138888888889
2012-11-06,575,-1673,366705860,4.855
2012-11-06,575,112,219001549,1.4716666666666667
2012-11-06,575,109,219001549,0.65680555555555553
2012-11-06,575,110,219001549,2.5670833333333332
2012-11-06,575,111,219001549,4.6763888888888889
2012-11-06,575,110,219106000,2.0798611111111112
2012-11-06,575,111,219106000,1.8605555555555557
2012-11-06,575,109,219106000,2.0863888888888886
2012-11-06,575,108,219106000,1.0352777777777777
2012-11-06,575,-96,232007140,4.61625
2012-11-06,575,-95,232007140,11.058333333333334
2012-11-06,575,83,219001592,1.510416666666667
2012-11-06,575,84,219001592,0.20805555555555555
2012-11-06,575,81,219001592,2.6011111111111109
2012-11-06,575,82,219001592,2.9068055555555556
2012-11-06,575,80,219001592,1.0738888888888889
2012-11-06,-449,-615,701000885,7.5690277777777775
2012-11-06,-193,-1288,412400154,0.9409722222222221
2012-11-06,-193,-1292,412400154,5.8498611111111112
2012-11-06,-193,-1287,412400154,1.8444444444444443
2012-11-06,-193,-1309,412400155,2.326944444444444
2012-11-06,-193,-1311,412400155,0.8701388888888888
2012-11-06,-193,-1310,412400155,0.95777777777777762
2012-11-06,-193,-1304,412420796,0.89944444444444438
2012-11-06,-193,-1286,412420582,6.5666666666666664
2012-11-06,-193,-1283,412420582,2.007222222222222
2012-11-06,-193,-1281,412420582,1.8106944444444446
2012-11-06,-193,-1284,412420582,2.5936111111111115
2012-11-06,-193,-1282,412420582,1.8945833333333331
2012-11-06,-193,-1280,412420585,1.8208333333333331
2012-11-06,-193,-1282,412420585,4.1508333333333338
2012-11-06,-193,-1277,412420585,4.6738888888888894
2012-11-06,-193,-1274,412420585,1.8147222222222221
2012-11-06,-193,-1278,412420585,5.7962500000000015
2012-11-06,320,-532,224115880,5.7277777777777779
2012-11-06,320,-530,224115880,1.7877777777777779
2012-11-06,320,-529,224115880,2.2519444444444443
2012-11-06,576,63,257248000,4.5747222222222224
2012-11-06,576,61,257248000,0.80097222222222231
2012-11-06,576,62,257248000,1.3493055555555555
2012-11-06,576,64,257248000,0.3248611111111111
2012-11-06,576,60,257248000,0.475
2012-11-06,576,87,219904000,1.6497222222222223
2012-11-06,576,84,219904000,0.25041666666666662
2012-11-06,576,85,219904000,1.3505555555555557
2012-11-06,576,86,219904000,1.5495833333333335
2012-11-06,576,84,220128000,1.3948611111111111
2012-11-06,576,86,220128000,2.2279166666666668
2012-11-06,576,85,220128000,1.5075
2012-11-06,576,99,219005954,0.30041666666666667
2012-11-06,576,78,257802500,0.24902777777777779
2012-11-06,576,79,257802500,1.1041666666666665
2012-11-06,576,1520,273430790,5.7120833333333332
2012-11-06,576,57,257131800,19.64972222222222
2012-11-06,576,56,257131800,1.9173611111111111
2012-11-06,576,58,257131800,0.41513888888888889
2012-11-06,576,84,219871000,1.0790277777777779
2012-11-06,576,90,219006005,3.899861111111111
2012-11-06,576,91,219006005,5.7508333333333344
2012-11-06,576,97,220051000,4.1008333333333331
2012-11-06,576,98,220051000,1.3498611111111112
2012-11-06,576,81,258216000,1.4726388888888886
2012-11-06,576,82,258216000,2.1130555555555555
2012-11-06,576,80,258216000,1.6691666666666665
2012-11-06,576,83,258216000,1.5518055555555554
2012-11-06,576,84,258216000,1.4006944444444445
2012-11-06,576,79,258216000,0.9525
2012-11-06,576,-1742,366173000,5.9530555555555562
2012-11-06,576,82,219001673,1.9620833333333334
2012-11-06,576,81,219001673,0.50069444444444444
2012-11-06,576,89,266322000,1.9998611111111109
2012-11-06,576,88,266322000,0.97611111111111115
2012-11-06,576,82,266322000,2.2969444444444447
2012-11-06,576,83,266322000,2.3698611111111112
2012-11-06,576,84,220135000,0.70166666666666666
2012-11-06,576,85,220135000,1.5002777777777778
2012-11-06,576,87,220135000,0.79916666666666658
2012-11-06,576,86,220135000,1.3008333333333333
2012-11-06,576,-1669,366761830,2.7565277777777784
2012-11-06,576,62,219633000,1.4501388888888889
2012-11-06,576,61,219633000,3.1747222222222229
2012-11-06,576,116,265457000,1.0479166666666666
2012-11-06,576,99,219012459,0.49944444444444447
2012-11-06,576,100,219012459,0.75013888888888891
2012-11-06,576,92,219007596,1.2001388888888889
2012-11-06,576,91,219007596,8.2025
2012-11-06,576,84,220166000,0.75
2012-11-06,576,85,220166000,1.4508333333333332
2012-11-06,576,86,220166000,0.67555555555555546
2012-11-06,576,99,219024000,0.76583333333333337
2012-11-06,576,98,219024000,2.3244444444444445
2012-11-06,576,97,219024000,1.3002777777777779
2012-11-06,576,84,219418000,1.2548611111111112
2012-11-06,576,81,219418000,2.2140277777777775
2012-11-06,576,82,219418000,1.6493055555555558
2012-11-06,576,83,219418000,1.7534722222222219
2012-11-06,576,80,219418000,1.3030555555555554
2012-11-06,576,91,219439000,0.77347222222222223
2012-11-06,576,98,219801000,0.685
2012-11-06,576,97,219801000,0.79986111111111113
2012-11-06,576,111,220142000,1.6531944444444444
2012-11-06,576,79,259118000,1.3026388888888887
2012-11-06,576,82,259118000,1.5491666666666666
2012-11-06,576,80,259118000,1.80125
2012-11-06,576,81,259118000,1.597361111111111
2012-11-06,576,78,259118000,0.50041666666666673
2012-11-06,576,69,259118000,0.21944444444444444
2012-11-06,576,96,219012276,1.4
2012-11-06,576,98,219012276,1.6013888888888888
2012-11-06,576,99,219012276,1.348888888888889
2012-11-06,576,97,219012276,1.5994444444444447
2012-11-06,576,-1670,366947000,2.2641666666666667
2012-11-06,576,-1672,366947000,1.408611111111111
2012-11-06,576,-1673,366947000,4.802777777777778
2012-11-06,576,-1671,366947000,4.1929166666666671
2012-11-06,576,87,220323000,1.3002777777777776
2012-11-06,576,86,220323000,1.2001388888888889
2012-11-06,576,85,220323000,1.4011111111111112
2012-11-06,576,84,220323000,0.80027777777777775
2012-11-06,576,86,219002051,1.5009722222222222
2012-11-06,576,87,219002051,0.87541666666666662
2012-11-06,576,84,219002051,0.25041666666666668
2012-11-06,576,85,219002051,5.0733333333333333
2012-11-06,576,62,220109000,0.63
2012-11-06,576,60,220109000,0.22402777777777777
2012-11-06,576,61,220109000,1.9229166666666666
2012-11-06,576,59,220109000,0.6301388888888888
2012-11-06,576,112,219001549,0.82625
2012-11-06,576,110,219001549,0.47027777777777779
2012-11-06,576,111,219001549,1.316527777777778
2012-11-06,576,112,219106000,0.21069444444444446
2012-11-06,576,111,219106000,0.6315277777777778
2012-11-06,576,87,219001592,0.45041666666666669
2012-11-06,576,84,219001592,1.2443055555555556
2012-11-06,576,86,219001592,1.4775
2012-11-06,576,85,219001592,1.3809722222222223
2012-11-06,576,99,219012351,1.2513888888888889
2012-11-06,576,100,219012351,1.7495833333333333
2012-11-06,-448,-610,701023000,1.5380555555555557
2012-11-06,-448,-657,701000516,11
2012-11-06,-448,-615,701000885,0.80944444444444441
2012-11-06,-448,420,441667000,1.6724999999999999
2012-11-06,-192,-1288,412400154,0.91152777777777771
2012-11-06,-192,-1287,412400154,0.89902777777777776
2012-11-06,-192,-1312,412400155,2.1769444444444446
2012-11-06,-192,-1311,412400155,1.5156944444444442
2012-11-06,-192,1620,540010800,2.0197222222222222
2012-11-06,-192,1621,540010800,2.49125
2012-11-06,-192,-1304,412420796,0.96291666666666664
2012-11-06,-192,-1275,412420585,1.8298611111111112
2012-11-06,-192,-1276,412420585,1.8370833333333334
2012-11-06,321,-533,224115880,1.8629166666666666
2012-11-06,321,-535,224115880,6.9452777777777781
2012-11-06,321,-536,224115880,1.6458333333333333
2012-11-06,577,59,257248000,0.43027777777777776
2012-11-06,577,60,257248000,0.22486111111111112
2012-11-06,577,87,219904000,0.54958333333333331
2012-11-06,577,90,219904000,1.1520833333333333
2012-11-06,577,89,219904000,1.3002777777777776
2012-11-06,577,88,219904000,1.5570833333333334
2012-11-06,577,89,220128000,1.8015277777777778
2012-11-06,577,101,219005954,2.6943055555555557
2012-11-06,577,99,219005954,2.2001388888888891
2012-11-06,577,100,219005954,2.2908333333333331
2012-11-06,577,102,219005954,0.8652777777777777
2012-11-06,577,57,219765000,0.83736111111111122
2012-11-06,577,56,219765000,0.40472222222222221
2012-11-06,577,56,257131800,0.861388888888889
2012-11-06,577,115,265635620,0.52097222222222217
2012-11-06,577,114,265635620,3.5983333333333336
2012-11-06,577,91,219006005,1.4993055555555554
2012-11-06,577,98,220051000,0.5
2012-11-06,577,98,219013178,1.0869444444444445
2012-11-06,577,84,258216000,0.3
2012-11-06,577,104,266077000,0.20416666666666666
2012-11-06,577,103,266077000,1.2438888888888888
2012-11-06,577,101,266077000,0.20055555555555554
2012-11-06,577,102,266077000,1.8424999999999998
2012-11-06,577,-1742,366173000,12.251388888888888
2012-11-06,577,-1741,366173000,0.79263888888888889
2012-11-06,577,105,219013966,3.1752777777777776
2012-11-06,577,106,219013966,2.0755555555555558
2012-11-06,577,84,266322000,1.3238888888888889
2012-11-06,577,87,220135000,0.75125
2012-11-06,577,89,220135000,0.45513888888888887
2012-11-06,577,88,220135000,1.2475
2012-11-06,577,100,219007589,0.99972222222222229
2012-11-06,577,101,219007589,0.59944444444444445
2012-11-06,577,99,219007589,1.5015277777777778
2012-11-06,577,61,219633000,0.55625
2012-11-06,577,59,219633000,1.4519444444444443
2012-11-06,577,60,219633000,1.3172222222222221
2012-11-06,577,58,219633000,0.85083333333333333
2012-11-06,577,116,266065000,0.69666666666666677
2012-11-06,577,101,219012459,0.25027777777777777
2012-11-06,577,98,219012459,1.3987499999999997
2012-11-06,577,100,219012459,8.20125
2012-11-06,577,99,219012459,7.2597222222222211
2012-11-06,577,100,219013485,1.0305555555555557
2012-11-06,577,99,219013485,1.2501388888888889
2012-11-06,577,101,219013485,1.0276388888888888
2012-11-06,577,103,219013485,1.0363888888888888
2012-11-06,577,104,219013485,2.0608333333333335
2012-11-06,577,105,219013485,0.6119444444444444
2012-11-06,577,102,219013485,1.5844444444444443
2012-11-06,577,98,219013485,0.48222222222222222
2012-11-06,577,99,219024000,4.7983333333333338
2012-11-06,577,102,219024000,1.2359722222222222
2012-11-06,577,101,219024000,3.3948611111111111
2012-11-06,577,100,219024000,3.7686111111111105
2012-11-06,577,98,219005583,0.48444444444444446
2012-11-06,577,85,219418000,3.3623611111111109
2012-11-06,577,87,219418000,1.0994444444444444
2012-11-06,577,84,219418000,1.4916666666666667
2012-11-06,577,86,219418000,3.1352777777777767
2012-11-06,577,83,219418000,0.25777777777777777
2012-11-06,577,-20,234671000,0.21388888888888891
2012-11-06,577,97,219481000,0.25236111111111109
2012-11-06,577,96,219481000,1.2968055555555553
2012-11-06,577,94,219481000,0.54916666666666658
2012-11-06,577,101,219801000,1.0273611111111109
2012-11-06,577,100,219801000,1.3102777777777779
2012-11-06,577,99,219801000,2.7186111111111106
2012-11-06,577,98,219801000,2.1518055555555553
2012-11-06,577,102,219801000,0.21097222222222223
2012-11-06,577,106,219005867,0.61527777777777781
2012-11-06,577,1497,273314740,10.25
2012-11-06,577,-1671,366947000,4.9316666666666666
2012-11-06,577,91,220323000,1.0568055555555556
2012-11-06,577,88,220323000,1.5990277777777777
2012-11-06,577,90,220323000,0.9556944444444444
2012-11-06,577,89,220323000,1.3987500000000002
2012-11-06,577,87,219002051,0.67555555555555558
2012-11-06,577,88,219002051,1.0465277777777777
2012-11-06,577,89,219002051,1.5452777777777778
2012-11-06,577,59,220109000,1.5030555555555554
2012-11-06,577,58,220109000,1.4440277777777777
2012-11-06,577,60,220109000,1.0715277777777779
2012-11-06,577,106,219005941,1.6405555555555553
2012-11-06,577,-223,431723000,12.086527777777778
2012-11-06,577,87,219001592,0.30055555555555558
2012-11-06,-447,-610,701023000,4.5555555555555554
2012-11-06,-447,-609,701006168,2.850972222222222
2012-11-06,-447,-615,701000885,6.6833333333333336
2012-11-06,-191,-1287,412400154,0.94486111111111115
2012-11-06,-191,-1288,412400154,0.87430555555555556
2012-11-06,-191,1621,540010800,0.85333333333333339
2012-11-06,-191,1620,540010800,1.7511111111111111
2012-11-06,-191,-1306,412420796,1.8341666666666665
2012-11-06,66,-1335,576375000,3.4733333333333332
2012-11-06,578,90,219904000,0.25041666666666668
2012-11-06,578,72,257898500,0.21847222222222223
2012-11-06,578,71,257898500,0.64347222222222222
2012-11-06,578,56,219765000,5.2847222222222232
2012-11-06,578,53,219765000,1.047638888888889
2012-11-06,578,55,219765000,5.3806944444444449
2012-11-06,578,57,219765000,0.62069444444444444
2012-11-06,578,54,219765000,2.2931944444444441
2012-11-06,578,103,220362000,1.2034722222222223
2012-11-06,578,97,219013178,1.0494444444444444
2012-11-06,578,96,219013178,0.20055555555555554
2012-11-06,578,110,266077000,0.20277777777777778
2012-11-06,578,104,219006301,3.1186111111111106
2012-11-06,578,105,219006301,0.20916666666666667
2012-11-06,578,55,219633000,0.90041666666666664
2012-11-06,578,53,219633000,1.1240277777777776
2012-11-06,578,57,219633000,1.484861111111111
2012-11-06,578,56,219633000,1.4977777777777779
2012-11-06,578,52,219633000,0.24944444444444441
2012-11-06,578,58,219633000,0.57611111111111113
2012-11-06,578,105,220241000,0.83041666666666669
2012-11-06,578,106,220241000,0.21694444444444444
2012-11-06,578,98,219005583,0.44569444444444445
2012-11-06,578,97,219005583,0.22527777777777777
2012-11-06,578,96,219439000,0.25013888888888891
2012-11-06,578,97,219481000,0.89805555555555561
2012-11-06,578,95,219481000,0.55055555555555546
2012-11-06,578,96,219481000,1.798888888888889
2012-11-06,578,98,219481000,1.1994444444444445
2012-11-06,578,106,219005867,0.21125
2012-11-06,578,105,219005867,1.9262499999999998
2012-11-06,578,104,219005867,1.9888888888888887
2012-11-06,578,1500,273314740,1.5502777777777776
2012-11-06,578,1499,273314740,6.1254166666666663
2012-11-06,578,105,220333000,0.61375
2012-11-06,578,58,220109000,0.20611111111111113
2012-11-06,578,56,220109000,1.5305555555555554
2012-11-06,578,53,220109000,1.4643055555555555
2012-11-06,578,55,220109000,0.43916666666666665
2012-11-06,578,57,220109000,2.0898611111111109
2012-11-06,578,54,220109000,0.68708333333333327
2012-11-06,578,105,219002827,0.62222222222222223
2012-11-06,578,106,219002827,0.40986111111111112
2012-11-06,578,104,219002827,1.8686111111111112
2012-11-06,578,107,265858000,2.324583333333333
2012-11-06,578,102,220343000,0.84013888888888888
2012-11-06,578,104,220343000,0.83930555555555553
2012-11-06,578,105,220343000,0.20319444444444446
2012-11-06,578,103,220343000,1.2470833333333333
2012-11-06,578,-96,232007140,8.7330555555555556
2012-11-06,578,7,235008490,18.994722222222222
2012-11-06,578,108,219005941,0.63055555555555554
2012-11-06,578,106,219005941,1.4693055555555556
2012-11-06,578,105,219005941,1.0386111111111112
2012-11-06,578,107,219005941,1.6629166666666668
2012-11-06,-446,-609,701006168,1.9486111111111108
2012-11-06,-446,-610,701031000,1.5418055555555554
2012-11-06,-446,-615,701000885,7.8401388888888892
2012-11-06,-190,1620,540010800,1.6769444444444446
2012-11-06,-190,1621,540010800,2.7083333333333335
2012-11-06,-190,-243,416004204,6.2212499999999995
2012-11-06,-190,-1306,412420796,1.8790277777777775
2012-11-06,67,-529,347002400,21.46402777777778
2012-11-06,323,1724,432626000,1.8199999999999998
2012-11-06,323,1725,432626000,10.735972222222223
2012-11-06,323,1727,432626000,5.0055555555555555
2012-11-06,323,1726,432626000,2.5788888888888888
2012-11-06,579,76,257529600,3.8077777777777779
2012-11-06,579,79,257529600,1.2473611111111111
2012-11-06,579,77,257529600,2.3315277777777776
2012-11-06,579,74,257529600,0.86527777777777781
2012-11-06,579,75,257529600,1.9120833333333336
2012-11-06,579,78,257529600,2.1068055555555554
2012-11-06,579,71,257898500,1.1352777777777776
2012-11-06,579,72,257898500,2.8326388888888889
2012-11-06,579,73,257898500,0.21791666666666668
2012-11-06,579,53,219765000,1.8522222222222222
2012-11-06,579,55,219765000,1.05
2012-11-06,579,54,219765000,3.5884722222222218
2012-11-06,579,98,220138000,2.4973611111111111
2012-11-06,579,99,220138000,0.80069444444444438
2012-11-06,579,107,219754000,3.6616666666666671
2012-11-06,579,108,219754000,2.7858333333333332
2012-11-06,579,102,220362000,2.5995833333333338
2012-11-06,579,108,265716000,4.0145833333333334
2012-11-06,579,107,265716000,1.2929166666666667
2012-11-06,579,105,220329000,1.2397222222222224
2012-11-06,579,106,220329000,0.21208333333333335
2012-11-06,579,95,219443000,1.89875
2012-11-06,579,94,219443000,2.2508333333333335
2012-11-06,579,93,219443000,0.89944444444444438
2012-11-06,579,108,219859000,1.5743055555555556
2012-11-06,579,99,219013178,1.6033333333333333
2012-11-06,579,102,219013178,1.0536111111111111
2012-11-06,579,103,219013178,1.8152777777777775
2012-11-06,579,96,219013178,0.74972222222222218
2012-11-06,579,98,219013178,2.7511111111111108
2012-11-06,579,97,219013178,1.0001388888888889
2012-11-06,579,109,266077000,0.41097222222222224
2012-11-06,579,106,266077000,1.4455555555555557
2012-11-06,579,108,266077000,1.0569444444444445
2012-11-06,579,107,266077000,1.2488888888888887
2012-11-06,579,95,219762000,1.4955555555555555
2012-11-06,579,94,219762000,0.25027777777777777
2012-11-06,579,104,219006301,0.62361111111111112
2012-11-06,579,103,219006301,1.98125
2012-11-06,579,55,219633000,0.75
2012-11-06,579,54,219633000,1.5502777777777779
2012-11-06,579,52,219633000,1.8005555555555555
2012-11-06,579,53,219633000,1.3758333333333335
2012-11-06,579,51,219633000,1.9509722222222221
2012-11-06,579,105,220241000,0.61430555555555555
2012-11-06,579,97,220241000,2.3497222222222223
2012-11-06,579,96,220241000,2.9009722222222218
2012-11-06,579,98,220241000,1.0505555555555555
2012-11-06,579,71,257160320,0.23194444444444445
2012-11-06,579,72,257160320,0.22319444444444442
2012-11-06,579,98,219005583,4.0525
2012-11-06,579,99,219005583,1.1748611111111111
2012-11-06,579,97,219005583,3.6748611111111109
2012-11-06,579,98,219439000,1.5016666666666667
2012-11-06,579,97,219439000,1.0494444444444446
2012-11-06,579,96,219439000,1.0505555555555555
2012-11-06,579,99,219481000,0.79805555555555552
2012-11-06,579,97,219481000,1.5008333333333332
2012-11-06,579,96,219481000,1.0504166666666668
2012-11-06,579,98,219481000,4.754722222222223
2012-11-06,579,97,219801000,1.5006944444444446
2012-11-06,579,99,219801000,0.25111111111111112
2012-11-06,579,96,219801000,0.25
2012-11-06,579,98,219801000,2.6005555555555553
2012-11-06,579,104,219005867,1.9983333333333331
2012-11-06,579,105,219005867,1.1384722222222221
2012-11-06,579,103,219005867,0.23097222222222225
2012-11-06,579,98,219001518,1.9527777777777779
2012-11-06,579,99,219001518,0.54875
2012-11-06,579,97,219001518,0.95
2012-11-06,579,0,235073457,4.6309722222222218
2012-11-06,579,105,219001522,0.67680555555555555
2012-11-06,579,104,219001522,0.42805555555555552
2012-11-06,579,97,220088000,1.6993055555555556
2012-11-06,579,96,220088000,0.45125
2012-11-06,579,98,220088000,3.3505555555555557
2012-11-06,579,99,220088000,1.0002777777777778
2012-11-06,579,105,220333000,5.0236111111111112
2012-11-06,579,52,220109000,3.0505555555555559
2012-11-06,579,54,220109000,1.2791666666666668
2012-11-06,579,55,220109000,0.85180555555555548
2012-11-06,579,53,220109000,1.4733333333333332
2012-11-06,579,51,220109000,0.6397222222222223
2012-11-06,579,104,219002827,2.7541666666666669
2012-11-06,579,107,265858000,1.46875
2012-11-06,579,104,220343000,0.82444444444444442
2012-11-06,579,102,220343000,2.8130555555555552
2012-11-06,579,103,220343000,1.6968055555555557
2012-11-06,579,106,220279000,1.2461111111111112
2012-11-06,579,105,220279000,2.3298611111111112
2012-11-06,579,107,265804000,9.2547222222222185
2012-11-06,579,108,265804000,0.62708333333333344
2012-11-06,579,108,219553000,2.1984722222222226
2012-11-06,579,107,219553000,1.7365277777777779
2012-11-06,579,106,219553000,0.69222222222222218
2012-11-06,579,-235,431723000,5.0954166666666669
2012-11-06,-445,-609,701006168,1.8743055555555557
2012-11-06,-445,-608,701006168,3.4276388888888887
2012-11-06,-445,-615,701000885,4.9988888888888887
2012-11-06,-189,1621,540010800,5.2959722222222219
2012-11-06,-189,74,432444000,1.6199999999999999
2012-11-06,-189,116,376602000,0.90555555555555556
2012-11-06,-189,116,376601000,1.550138888888889
2012-11-06,-189,-1308,412420796,2.0211111111111113
2012-11-06,-189,-1307,412420796,1.3379166666666666
2012-11-06,68,-529,347002400,8.1801388888888891
2012-11-06,68,-1333,576375000,0.91388888888888886
2012-11-06,324,1724,432626000,1.1836111111111112
2012-11-06,324,1725,432626000,2.3011111111111111
2012-11-06,580,53,219765000,1.3133333333333332
2012-11-06,580,52,219765000,0.21888888888888888
2012-11-06,580,100,220138000,5.8791666666666664
2012-11-06,580,102,220138000,0.29986111111111113
2012-11-06,580,101,220138000,4.2548611111111114
2012-11-06,580,97,220138000,0.49930555555555556
2012-11-06,580,99,220138000,4.5295833333333331
2012-11-06,580,98,220138000,1.2502777777777778
2012-11-06,580,107,219754000,3.0025
2012-11-06,580,108,219754000,6.9534722222222225
2012-11-06,580,107,265716000,2.8018055555555561
2012-11-06,580,108,265716000,3.050416666666667
2012-11-06,580,66,257092640,0.27597222222222223
2012-11-06,580,102,220329000,0.25027777777777777
2012-11-06,580,104,220329000,1.5241666666666667
2012-11-06,580,103,220329000,1.2520833333333337
2012-11-06,580,105,220329000,1.4490277777777778
2012-11-06,580,108,219859000,6.8686111111111119
2012-11-06,580,100,219013178,4.1118055555555557
2012-11-06,580,101,219013178,3.4495833333333334
2012-11-06,580,102,219013178,0.25013888888888891
2012-11-06,580,99,219013178,2.4986111111111109
2012-11-06,580,104,266077000,2.2009722222222221
2012-11-06,580,103,266077000,2.8038888888888889
2012-11-06,580,101,266077000,2.4986111111111109
2012-11-06,580,102,266077000,2.6047222222222217
2012-11-06,580,95,219762000,0.27527777777777773
2012-11-06,580,107,219762000,0.8058333333333334
2012-11-06,580,96,219762000,2.1281944444444445
2012-11-06,580,97,219762000,1.8756944444444443
2012-11-06,580,98,219762000,1.0491666666666666
2012-11-06,580,51,219633000,0.90013888888888882
2012-11-06,580,52,219633000,0.99944444444444447
2012-11-06,580,102,220241000,1.3813888888888888
2012-11-06,580,98,220241000,0.99833333333333318
2012-11-06,580,99,220241000,1.0997222222222223
2012-11-06,580,103,220241000,0.87888888888888883
2012-11-06,580,104,220241000,0.47347222222222224
2012-11-06,580,101,220241000,1.4481944444444443
2012-11-06,580,100,220241000,1.2005555555555554
2012-11-06,580,97,220241000,0.49986111111111114
2012-11-06,580,100,219013485,2.7088888888888887
2012-11-06,580,101,219013485,2.9497222222222219
2012-11-06,580,102,219013485,1.2493055555555557
2012-11-06,580,103,219013485,1.3756944444444446
2012-11-06,580,104,219013485,0.52527777777777773
2012-11-06,580,99,219013485,0.54972222222222222
2012-11-06,580,80,257236600,2.3002777777777776
2012-11-06,580,1519,273438080,15.665694444444448
2012-11-06,580,1518,273438080,3.459305555555555
2012-11-06,580,1517,273438080,3.0311111111111111
2012-11-06,580,1516,273438080,1.5766666666666667
2012-11-06,580,71,257160320,0.4341666666666667
2012-11-06,580,72,257160320,12.340416666666666
2012-11-06,580,99,219005583,1.7256944444444444
2012-11-06,580,100,219005583,2.9019444444444442
2012-11-06,580,101,219005583,1.7493055555555557
2012-11-06,580,99,219439000,1.2
2012-11-06,580,101,219439000,3.3074999999999997
2012-11-06,580,100,219439000,2.6005555555555557
2012-11-06,580,102,219013539,2.6115277777777774
2012-11-06,580,104,219013539,1.7005555555555556
2012-11-06,580,103,219013539,2.3004166666666666
2012-11-06,580,105,219013539,1.3001388888888887
2012-11-06,580,101,219013539,2.6483333333333334
2012-11-06,580,100,219013539,0.44986111111111116
2012-11-06,580,99,219481000,2.1
2012-11-06,580,100,219481000,2.6997222222222219
2012-11-06,580,101,219481000,2.3604166666666666
2012-11-06,580,99,219801000,2.3040277777777778
2012-11-06,580,101,219801000,0.49888888888888894
2012-11-06,580,100,219801000,2.8504166666666664
2012-11-06,580,98,219801000,0.25
2012-11-06,580,101,219001518,2.3006944444444448
2012-11-06,580,104,219001518,0.95027777777777778
2012-11-06,580,103,219001518,1.7008333333333334
2012-11-06,580,102,219001518,1.5495833333333333
2012-11-06,580,99,219001518,1.8043055555555556
2012-11-06,580,100,219001518,3.8491666666666671
2012-11-06,580,103,219001522,2.0983333333333336
2012-11-06,580,104,219001522,3.91125
2012-11-06,580,-1502,367410620,1.5638888888888889
2012-11-06,580,98,220088000,1.5505555555555555
2012-11-06,580,97,220088000,1.3006944444444446
2012-11-06,580,100,220088000,2.7486111111111109
2012-11-06,580,101,220088000,0.54861111111111116
2012-11-06,580,99,220088000,3.1604166666666664
2012-11-06,580,104,220333000,0.55
2012-11-06,580,105,220333000,1.0495833333333333
2012-11-06,580,1517,273423560,1.1806944444444445
2012-11-06,580,1516,273423560,3.0827777777777778
2012-11-06,580,1520,273423560,3.8115277777777781
2012-11-06,580,1519,273423560,7.6241666666666656
2012-11-06,580,1518,273423560,8.05888888888889
2012-11-06,580,104,220279000,2.1830555555555557
2012-11-06,580,105,220279000,3.1881944444444446
2012-11-06,580,106,265804000,0.21263888888888888
2012-11-06,580,107,265804000,11.242222222222221
2012-11-06,580,1519,273429220,10.359861111111112
2012-11-06,580,1520,273429220,5.5959722222222226
2012-11-06,580,1518,273429220,7.27138888888889
2012-11-06,580,1517,273429220,0.39125000000000004
2012-11-06,580,112,265612260,1.5481944444444444
2012-11-06,580,106,219553000,3.9200000000000004
2012-11-06,-444,-609,701023000,6.1252777777777778
2012-11-06,-444,-607,701023000,5.6729166666666666
2012-11-06,-444,-610,701006168,2.1251388888888889
2012-11-06,-444,-608,701031000,5.7069444444444439
2012-11-06,-444,1736,512000122,1.65875
2012-11-06,-444,-645,701000645,0.82791666666666663
2012-11-06,-444,-645,701079000,1.1175
2012-11-06,-188,1621,540010800,2.5459722222222223
2012-11-06,-188,-243,416004204,2.7661111111111114
2012-11-06,-188,115,376602000,2.5059722222222223
2012-11-06,-188,114,376602000,3.8080555555555557
2012-11-06,-188,114,376601000,12.945555555555554
2012-11-06,-188,115,376601000,1.7890277777777779
2012-11-06,-188,-1308,412420796,5.0502777777777776
2012-11-06,-188,115,375714000,0.90152777777777782
2012-11-06,-188,114,375714000,6.1265277777777785
2012-11-06,69,-1040,349052425,2.5179166666666664
2012-11-06,69,-1039,349052425,1.7198611111111111
2012-11-06,325,1214,413005222,4.3191666666666668
2012-11-06,325,1216,9020361,0.20958333333333334
2012-11-06,581,7,219125000,2.7318055555555558
2012-11-06,581,6,219125000,0.80277777777777781
2012-11-06,581,101,220138000,1.3506944444444442
2012-11-06,581,102,220138000,2.5990277777777777
2012-11-06,581,107,219754000,1.9998611111111111
2012-11-06,581,108,219754000,3.9119444444444444
2012-11-06,581,32,258228000,4.6293055555555558
2012-11-06,581,108,265716000,0.97500000000000009
2012-11-06,581,107,265716000,5.5337500000000013
2012-11-06,581,105,219294000,2.9086111111111106
2012-11-06,581,101,219294000,3.9506944444444434
2012-11-06,581,100,219294000,3.3490277777777777
2012-11-06,581,102,219294000,4.05125
2012-11-06,581,104,219294000,3.0498611111111114
2012-11-06,581,103,219294000,2.80125
2012-11-06,581,18,258238000,0.57680555555555557
2012-11-06,581,19,258238000,1.1804166666666667
2012-11-06,581,108,219859000,4.0669444444444443
2012-11-06,581,107,219859000,1.898611111111111
2012-11-06,581,-61,235002430,1.2537500000000001
2012-11-06,581,-62,235002430,10.06722222222222
2012-11-06,581,107,219762000,3.5338888888888889
2012-11-06,581,80,257236600,0.275
2012-11-06,581,102,219013539,2.7597222222222224
2012-11-06,581,101,219013539,2.6252777777777778
2012-11-06,581,103,219013539,2.6665277777777781
2012-11-06,581,104,219013539,2.6495833333333336
2012-11-06,581,100,219013539,1.6484722222222223
2012-11-06,581,101,219001518,0.6759722222222222
2012-11-06,581,102,219001518,0.87388888888888894
2012-11-06,581,2,235073457,3.8606944444444444
2012-11-06,581,-1504,367410620,6.4977777777777774
2012-11-06,581,-1503,367410620,6.5413888888888891
2012-11-06,581,107,265804000,2.060138888888889
2012-11-06,581,-61,235004129,1.6086111111111112
2012-11-06,581,103,219553000,3.304583333333333
2012-11-06,581,105,219553000,4.0837499999999993
2012-11-06,581,106,219553000,0.87708333333333344
2012-11-06,581,104,219553000,3.285
2012-11-06,581,5,219446000,10.064583333333331
2012-11-06,581,6,219446000,2.0638888888888891
2012-11-06,581,-234,431723000,0.81555555555555559
2012-11-06,581,-233,431723000,0.79833333333333334
2012-11-06,581,-235,431723000,6.3509722222222216
2012-11-06,-443,-643,701000960,5.7177777777777781
2012-11-06,-443,-641,701000960,1.033611111111111
2012-11-06,-443,-645,701000772,3.9675000000000002
2012-11-06,-443,-610,701006168,5.675416666666667
2012-11-06,-443,1736,512000122,3.6262499999999998
2012-11-06,-443,1739,512000122,0.98305555555555557
2012-11-06,-443,1737,512000122,1.4822222222222223
2012-11-06,-443,-645,701006204,0.83277777777777784
2012-11-06,-443,-645,701000612,1.5441666666666667
2012-11-06,-443,-645,701000642,0.81402777777777779
2012-11-06,-443,-645,701000645,1.8334722222222222
2012-11-06,-443,-645,701079000,2.4044444444444446
2012-11-06,-443,-615,701000933,1.9388888888888889
2012-11-06,-443,-645,701078000,0.80458333333333332
2012-11-06,-187,1622,540010800,4.3741666666666665
2012-11-06,-187,-243,416004204,4.1359722222222217
2012-11-06,-187,-242,416004204,3.7758333333333329
2012-11-06,-187,114,376602000,2.3475
2012-11-06,-187,115,376601000,0.82625
2012-11-06,-187,114,375714000,2.5126388888888891
2012-11-06,326,1214,927501109,4.6658333333333335
2012-11-06,326,1216,927501109,2.1394444444444449
2012-11-06,326,1217,927501109,5.1804166666666669
2012-11-06,326,1215,927501109,0.814861111111111
2012-11-06,326,1212,927501110,8.119305555555556
2012-11-06,326,1215,901303130,1.06125
2012-11-06,326,1217,901303130,5.0109722222222226
2012-11-06,326,1216,901303130,2.9638888888888886
2012-11-06,326,1218,901303130,2.3897222222222223
2012-11-06,326,1217,913003126,19.215277777777779
2012-11-06,326,1216,913003126,6.3133333333333326
2012-11-06,326,1216,412352887,2.7287500000000002
2012-11-06,326,1217,412352887,14.739444444444445
2012-11-06,326,1217,905018502,2.8043055555555556
2012-11-06,326,1215,9020361,1.7533333333333332
2012-11-06,326,1217,9020361,4.859166666666666
2012-11-06,326,1218,9020361,2.7381944444444444
2012-11-06,326,1216,9020361,2.7824999999999998
2012-11-06,326,1214,412353002,6.6191666666666666
2012-11-06,326,1215,412353002,10.549444444444443
2012-11-06,326,1213,412353002,0.10222222222222223
2012-11-06,582,3,219125000,5.5059722222222227
2012-11-06,582,5,219125000,3.3787500000000006
2012-11-06,582,4,219125000,7.5659722222222232
2012-11-06,582,6,219125000,2.6511111111111116
2012-11-06,582,-59,235003400,0.20277777777777778
2012-11-06,582,32,258228000,1.3445833333333335
2012-11-06,582,107,265716000,4.2969444444444447
2012-11-06,582,106,265705000,3.5394444444444444
2012-11-06,582,42,259689000,0.40027777777777779
2012-11-06,582,30,259689000,0.45347222222222222
2012-11-06,582,41,259689000,6.3301388888888885
2012-11-06,582,43,259689000,0.42527777777777781
2012-11-06,582,103,219294000,1.2483333333333333
2012-11-06,582,104,219294000,0.75138888888888888
2012-11-06,582,18,258238000,2.5194444444444444
2012-11-06,582,19,258238000,2.5805555555555557
2012-11-06,582,17,258238000,2.0484722222222222
2012-11-06,582,107,219859000,3.3781944444444449
2012-11-06,582,-61,235002430,0.98652777777777778
2012-11-06,582,-62,235002430,0.7959722222222223
2012-11-06,582,1,235059791,4.6409722222222225
2012-11-06,582,-3,235059791,8.7063888888888883
2012-11-06,582,107,219762000,0.91527777777777763
2012-11-06,582,106,219762000,2.7438888888888888
2012-11-06,582,8,257599600,0.51597222222222228
2012-11-06,582,7,257599600,1.4795833333333333
2012-11-06,582,9,257599600,0.22263888888888889
2012-11-06,582,105,265787000,10.408055555555556
2012-11-06,582,104,265787000,6.4101388888888886
2012-11-06,582,4,219386000,4.3916666666666666
2012-11-06,582,103,265785000,5.1997222222222215
2012-11-06,582,105,265785000,3.0300000000000002
2012-11-06,582,104,265785000,3.8222222222222224
2012-11-06,582,102,265785000,3.2922222222222226
2012-11-06,582,-1504,367410620,1.6072222222222221
2012-11-06,582,-1505,367410620,7.1773611111111117
2012-11-06,582,62,257125600,3.5777777777777784
2012-11-06,582,61,257125600,0.41902777777777778
2012-11-06,582,5,219446000,1.0354166666666667
2012-11-06,582,4,219446000,0.7975
2012-11-06,-442,-609,701006168,4.949583333333333
2012-11-06,-442,-645,701000553,7.593055555555555
2012-11-06,-442,1740,512000122,0.70680555555555546
2012-11-06,-442,1741,512000122,0.87638888888888888
2012-11-06,-442,1742,512000122,1.3947222222222222
2012-11-06,-442,1737,512000122,1.7805555555555554
2012-11-06,-442,1739,512000122,0.89472222222222209
2012-11-06,-442,-645,701006204,7.06125
2012-11-06,-442,-645,701000612,3.935138888888889
2012-11-06,-442,-645,701000642,1.9163888888888887
2012-11-06,-442,-645,701000645,6.841388888888889
2012-11-06,-442,-644,701000652,3.4494444444444441
2012-11-06,-442,-645,701000652,5.6625
2012-11-06,-442,-645,701000919,5.4569444444444448
2012-11-06,-442,-645,701079000,0.75125
2012-11-06,-442,-645,701078000,1.9440277777777779
2012-11-06,-186,-859,224156000,1.3904166666666666
2012-11-06,-186,-241,416004204,2.6894444444444443
2012-11-06,-186,396,432228000,4.3152777777777773
2012-11-06,-186,393,432228000,1.1565277777777776
2012-11-06,71,-1037,123450020,1.9475
2012-11-06,71,-1038,123450020,7.43875
2012-11-06,327,1215,927501109,0.20069444444444445
2012-11-06,327,1216,412352887,1.6179166666666667
2012-11-06,327,-1176,338126461,1.3277777777777777
2012-11-06,583,-60,235003400,0.40875
2012-11-06,583,90,259540000,1.35
2012-11-06,583,89,259540000,2.7004166666666669
2012-11-06,583,105,265705000,9.1802777777777784
2012-11-06,583,106,265705000,1.7533333333333334
2012-11-06,583,16,258238000,1.481527777777778
2012-11-06,583,15,258238000,0.21958333333333335
2012-11-06,583,17,258238000,0.23097222222222222
2012-11-06,583,106,220307000,0.82930555555555552
2012-11-06,583,107,219859000,2.2133333333333334
2012-11-06,583,106,219762000,4.078611111111111
2012-11-06,583,106,266150000,9.47486111111111
2012-11-06,583,105,266150000,6.7502777777777769
2012-11-06,583,107,266150000,0.77486111111111111
2012-11-06,583,105,265766000,0.47861111111111115
2012-11-06,583,104,265766000,4.857222222222223
2012-11-06,583,12,257599600,0.65555555555555556
2012-11-06,583,9,257599600,0.46138888888888885
2012-11-06,583,15,257599600,0.42291666666666666
2012-11-06,583,10,257599600,0.64513888888888893
2012-11-06,583,16,257599600,0.20597222222222222
2012-11-06,583,13,257599600,0.63125000000000009
2012-11-06,583,14,257599600,0.64888888888888885
2012-11-06,583,11,257599600,0.6711111111111111
2012-11-06,583,105,265787000,3.9231944444444444
2012-11-06,583,104,265787000,3.2713888888888887
2012-11-06,583,7,219386000,1.8629166666666668
2012-11-06,583,5,219386000,4.2212499999999995
2012-11-06,583,4,219503000,3.8774999999999995
2012-11-06,583,105,265785000,5.8518055555555559
2012-11-06,583,89,258542000,0.22486111111111112
2012-11-06,583,90,258542000,2.0476388888888888
2012-11-06,583,29,258158000,0.43930555555555556
2012-11-06,583,28,258158000,0.22777777777777777
2012-11-06,583,24,259651000,0.41444444444444445
2012-11-06,583,23,259651000,1.2902777777777779
2012-11-06,583,61,257125600,1.0565277777777777
2012-11-06,583,62,257125600,2.5408333333333335
2012-11-06,583,4,219446000,2.1759722222222222
2012-11-06,583,104,266251000,3.5774999999999997
2012-11-06,583,105,266251000,2.9569444444444444
2012-11-06,-441,-643,701000960,1.9680555555555554
2012-11-06,-441,-642,701000960,0.7780555555555555
2012-11-06,-441,-645,701000772,6.1215277777777777
2012-11-06,-441,1742,512000122,5.0998611111111112
2012-11-06,-441,1739,512000122,4.9077777777777785
2012-11-06,-441,-645,701006204,1.6148611111111111
2012-11-06,-441,-1799,512400000,1.7825
2012-11-06,-441,-1800,512400000,5.7076388888888889
2012-11-06,-441,-1796,512400000,0.98305555555555557
2012-11-06,-441,-1797,512400000,1.1194444444444445
2012-11-06,-441,1799,512400000,2.3779166666666667
2012-11-06,-441,-645,701000840,12.573888888888888
2012-11-06,-441,-645,701000612,5.6965277777777779
2012-11-06,-441,-645,701000882,10.753888888888889
2012-11-06,-441,-645,701006005,11.419166666666667
2012-11-06,-441,-645,701000642,0.80986111111111114
2012-11-06,-441,-645,701007044,3.9686111111111111
2012-11-06,-441,-645,701000645,3.4240277777777779
2012-11-06,-441,-645,701000652,4.558472222222222
2012-11-06,-441,-645,701000919,1.5791666666666666
2012-11-06,-441,-645,701079000,11.500833333333331
2012-11-06,-441,-612,701000933,0.75972222222222219
2012-11-06,-441,-609,701000933,4.9333333333333336
2012-11-06,-441,-615,701000933,5.0331944444444447
2012-11-06,-441,-611,701000933,0.77513888888888882
2012-11-06,-441,-614,701000933,0.81111111111111112
2012-11-06,-441,-613,701000933,4.15875
2012-11-06,-441,-645,701078000,2.8230555555555554
2012-11-06,-185,-858,224156000,1.16375
2012-11-06,-185,-863,224156000,8.5416666666666679
2012-11-06,-185,-861,224156000,1.4729166666666664
2012-11-06,-185,393,432228000,2.4761111111111105
2012-11-06,-185,397,432228000,4.0384722222222225
2012-11-06,328,-396,224101950,5.044027777777778
2012-11-06,328,-1176,338126461,15.556388888888886
2012-11-06,584,-61,235003400,0.80875000000000008
2012-11-06,584,-62,235003400,4.6952777777777772
2012-11-06,584,92,259540000,0.84930555555555565
2012-11-06,584,90,259540000,3.2004166666666665
2012-11-06,584,91,259540000,1.9487500000000002
2012-11-06,584,105,265705000,7.199583333333333
2012-11-06,584,104,265705000,0.42597222222222225
2012-11-06,584,106,265705000,1.9044444444444446
2012-11-06,584,16,258238000,0.20819444444444446
2012-11-06,584,15,258238000,0.62666666666666659
2012-11-06,584,105,220307000,1.4568055555555555
2012-11-06,584,106,220307000,2.9036111111111111
2012-11-06,584,105,266088000,3.50125
2012-11-06,584,106,266088000,3.0806944444444446
2012-11-06,584,104,266088000,0.9901388888888889
2012-11-06,584,2,235059791,11.05638888888889
2012-11-06,584,6,233714000,1.0447222222222221
2012-11-06,584,7,233714000,1.3754166666666667
2012-11-06,584,4,219441000,1.3361111111111112
2012-11-06,584,5,219441000,1.1195833333333334
2012-11-06,584,3,219441000,1.2359722222222222
2012-11-06,584,105,266150000,6.0415277777777776
2012-11-06,584,106,266150000,0.90013888888888882
2012-11-06,584,104,265766000,2.0784722222222221
2012-11-06,584,105,265766000,6.1636111111111109
2012-11-06,584,17,257599600,0.43652777777777779
2012-11-06,584,23,257599600,0.6625
2012-11-06,584,18,257599600,0.63916666666666666
2012-11-06,584,21,257599600,0.21916666666666668
2012-11-06,584,24,257599600,0.45402777777777781
2012-11-06,584,16,257599600,0.4161111111111111
2012-11-06,584,25,257599600,0.65638888888888891
2012-11-06,584,19,257599600,0.21819444444444447
2012-11-06,584,104,265349000,5.24625
2012-11-06,584,55,257034640,1.3006944444444444
2012-11-06,584,53,257034640,0.54902777777777778
2012-11-06,584,54,257034640,1.9497222222222219
2012-11-06,584,3,219503000,18.192638888888887
2012-11-06,584,1562,273310630,1.607361111111111
2012-11-06,584,1561,273310630,9.1827777777777762
2012-11-06,584,105,265785000,0.43291666666666667
2012-11-06,584,105,219010989,5.7670833333333347
2012-11-06,584,91,258542000,2.4091666666666667
2012-11-06,584,90,258542000,0.49944444444444447
2012-11-06,584,92,258542000,1.2677777777777779
2012-11-06,584,28,258158000,0.46125
2012-11-06,584,27,258158000,0.22111111111111109
2012-11-06,584,-53,232004550,0.21055555555555555
2012-11-06,584,-54,232004550,0.21055555555555555
2012-11-06,584,-9,231021000,17.449444444444445
2012-11-06,584,57,258498000,0.25083333333333335
2012-11-06,584,53,258498000,0.27569444444444446
2012-11-06,584,56,258498000,4.916666666666667
2012-11-06,584,54,258498000,3.1627777777777775
2012-11-06,584,55,258498000,7.4611111111111112
2012-11-06,584,107,219948000,2.3825000000000003
2012-11-06,584,106,219948000,1.44125
2012-11-06,584,104,266251000,4.1705555555555556
2012-11-06,584,103,266251000,0.21319444444444446
2012-11-06,584,105,266251000,4.4525
2012-11-06,584,103,265803000,2.66
2012-11-06,584,105,265803000,3.2954166666666671
2012-11-06,584,102,265803000,0.40652777777777777
2012-11-06,-440,-645,701000960,12.550555555555555
2012-11-06,-440,-645,701000729,0.80527777777777787
2012-11-06,-440,-645,701000772,5.6541666666666668
2012-11-06,-440,-645,701000539,5.7075
2012-11-06,-440,-645,701006204,2.8384722222222223
2012-11-06,-440,-1794,512400000,1.5388888888888888
2012-11-06,-440,-1800,512400000,0.80624999999999991
2012-11-06,-440,1797,512400000,2.8415277777777779
2012-11-06,-440,1799,512400000,1.3254166666666667
2012-11-06,-440,-644,701000619,5.69513888888889
2012-11-06,-440,-645,701000619,4.0129166666666665
2012-11-06,-440,-645,701000882,9.93763888888889
2012-11-06,-440,-644,701006005,0.79527777777777775
2012-11-06,-440,-645,701006005,3.5355555555555553
2012-11-06,-440,-645,701000642,8.80263888888889
2012-11-06,-440,-645,701000899,3.98625
2012-11-06,-440,-645,701007044,11.040416666666667
2012-11-06,-440,-645,701000645,2.8458333333333332
2012-11-06,-440,-645,701000658,8.7652777777777757
2012-11-06,-440,-645,701079000,6.4627777777777782
2012-11-06,-440,-645,701000932,11.819305555555555
2012-11-06,-440,-644,701000932,5.3527777777777779
2012-11-06,-440,-645,701078000,10.181527777777777
2012-11-06,-184,-858,224156000,1.1668055555555554
2012-11-06,-184,397,432228000,2.8323611111111111
2012-11-06,-184,392,432228000,1.8184722222222223
2012-11-06,-184,-867,224619000,1.7427777777777778
2012-11-06,-184,-868,224619000,2.1043055555555554
2012-11-06,329,-397,224101950,1.81
2012-11-06,329,-411,224101950,2.6004166666666668
2012-11-06,585,-62,235003400,18.533472222222223
2012-11-06,585,-63,235003400,1.1993055555555556
2012-11-06,585,92,259434000,2.4779166666666668
2012-11-06,585,93,259434000,1.5815277777777776
2012-11-06,585,93,259540000,3.0252777777777773
2012-11-06,585,94,259540000,0.25847222222222221
2012-11-06,585,92,259540000,1.7277777777777776
2012-11-06,585,106,257608500,2.8915277777777781
2012-11-06,585,105,257608500,1.0888888888888888
2012-11-06,585,104,257608500,2.5013888888888891
2012-11-06,585,104,220307000,1.7522222222222223
2012-11-06,585,105,220307000,2.4709722222222221
2012-11-06,585,104,266088000,3.2695833333333333
2012-11-06,585,105,266088000,4.6516666666666664
2012-11-06,585,106,266088000,0.80124999999999991
2012-11-06,585,56,257459520,1.375
2012-11-06,585,57,257459520,0.25
2012-11-06,585,1,219441000,9.5391666666666666
2012-11-06,585,2,219441000,3.0879166666666666
2012-11-06,585,105,266150000,0.21513888888888888
2012-11-06,585,102,266246000,0.20041666666666669
2012-11-06,585,103,266246000,1.6569444444444441
2012-11-06,585,92,257349500,1.3184722222222223
2012-11-06,585,93,257349500,0.66875
2012-11-06,585,103,265349000,4.2559722222222227
2012-11-06,585,104,265349000,2.3141666666666669
2012-11-06,585,53,257034640,4.2268055555555559
2012-11-06,585,55,257034640,1.1495833333333334
2012-11-06,585,54,257034640,5.0268055555555557
2012-11-06,585,2,219386000,8.0613888888888887
2012-11-06,585,94,259450000,0.59541666666666671
2012-11-06,585,51,257017240,1.5265277777777779
2012-11-06,585,1562,273310630,7.1944444444444446
2012-11-06,585,104,219010989,2.8444444444444441
2012-11-06,585,105,219010989,1.4419444444444445
2012-11-06,585,93,258542000,1.6993055555555556
2012-11-06,585,92,258542000,0.77597222222222217
2012-11-06,585,27,258158000,0.62777777777777777
2012-11-06,585,-55,232004550,1.8231944444444443
2012-11-06,585,-54,232004550,4.8005555555555546
2012-11-06,585,7,231021000,5.9343055555555555
2012-11-06,585,9,231021000,0.56111111111111112
2012-11-06,585,10,231021000,0.43861111111111112
2012-11-06,585,8,231021000,0.76805555555555549
2012-11-06,585,54,258498000,6.2012500000000008
2012-11-06,585,55,258498000,1.6602777777777775
2012-11-06,585,105,219948000,3.9395833333333341
2012-11-06,585,106,219948000,3.3755555555555556
2012-11-06,585,28,259521000,0.215
2012-11-06,585,5,219446000,7.2947222222222221
2012-11-06,585,103,266251000,6.95
2012-11-06,585,105,265803000,0.41708333333333336
2012-11-06,585,104,265803000,3.9520833333333334
2012-11-06,585,90,257190140,3.9109722222222225
2012-11-06,585,91,257190140,2.4497222222222224
2012-11-06,-439,-645,701000960,5.0052777777777777
2012-11-06,-439,-645,701000729,4.5459722222222227
2012-11-06,-439,1742,441182000,1.399027777777778
2012-11-06,-439,1743,441182000,1.3213888888888889
2012-11-06,-439,-645,701000516,12.55
2012-11-06,-439,-645,701000772,2.1429166666666668
2012-11-06,-439,-645,701000539,7.64
2012-11-06,-439,-645,701006204,9.1344444444444441
2012-11-06,-439,-644,701006204,2.1470833333333337
2012-11-06,-439,-1793,512400000,6.4780555555555557
2012-11-06,-439,-645,701000612,6.7023611111111112
2012-11-06,-439,-644,701000619,2.1444444444444444
2012-11-06,-439,-645,701000619,10.970277777777778
2012-11-06,-439,-645,701006005,9.9073611111111113
2012-11-06,-439,-644,701000642,2.1415277777777777
2012-11-06,-439,-645,701000642,3.4268055555555557
2012-11-06,-439,-643,701000642,5.7758333333333338
2012-11-06,-439,-645,701007044,7.2236111111111105
2012-11-06,-439,-645,701000652,4.2030555555555553
2012-11-06,-439,-645,701000658,8.9334722222222229
2012-11-06,-439,-644,701000919,5.7120833333333341
2012-11-06,-439,-645,701079000,2.1516666666666664
2012-11-06,-439,-645,701000941,16.795416666666668
2012-11-06,-439,-645,701078000,7.9044444444444446
2012-11-06,-183,72,432444000,1.6461111111111111
2012-11-06,-183,-866,224619000,1.3776388888888889
2012-11-06,330,-399,224101950,5.1568055555555556
2012-11-06,330,-400,224101950,1.4459722222222222
2012-11-06,330,-408,224101950,1.7684722222222222
2012-11-06,586,93,259434000,1.2216666666666667
2012-11-06,586,94,259434000,3.5519444444444441
2012-11-06,586,98,259434000,1.1651388888888889
2012-11-06,586,97,259434000,1.41125
2012-11-06,586,95,259434000,1.1
2012-11-06,586,102,265791000,2.7886111111111109
2012-11-06,586,95,259540000,2.8675
2012-11-06,586,94,259540000,2.5086111111111107
2012-11-06,586,96,259540000,0.22097222222222224
2012-11-06,586,30,259689000,0.21444444444444444
2012-11-06,586,31,259689000,6.9869444444444442
2012-11-06,586,103,257608500,2.4659722222222227
2012-11-06,586,104,257608500,5.2094444444444443
2012-11-06,586,105,257608500,2.3283333333333331
2012-11-06,586,104,220307000,2.7231944444444447
2012-11-06,586,103,220307000,1.0287499999999998
2012-11-06,586,55,257459520,1.252361111111111
2012-11-06,586,96,257308740,0.99916666666666676
2012-11-06,586,101,265756000,13.642499999999998
2012-11-06,586,101,266246000,0.95041666666666669
2012-11-06,586,103,266246000,1.7645833333333334
2012-11-06,586,102,266246000,9.6838888888888874
2012-11-06,586,93,257349500,2.7294444444444443
2012-11-06,586,95,257349500,2.1554166666666665
2012-11-06,586,94,257349500,0.61930555555555555
2012-11-06,586,96,257349500,1.1001388888888888
2012-11-06,586,101,265349000,1.1327777777777777
2012-11-06,586,102,265349000,4.9519444444444449
2012-11-06,586,103,265349000,1.0779166666666666
2012-11-06,586,54,257034640,1.2983333333333333
2012-11-06,586,53,257034640,1.2048611111111112
2012-11-06,586,96,259450000,2.427083333333333
2012-11-06,586,95,259450000,5.7744444444444447
2012-11-06,586,94,259450000,0.32875
2012-11-06,586,53,257017240,1.9004166666666666
2012-11-06,586,52,257017240,2.1258333333333335
2012-11-06,586,51,257017240,2.3237500000000004
2012-11-06,586,1565,273310630,5.587361111111111
2012-11-06,586,104,219010989,0.82125
2012-11-06,586,103,219010989,3.7456944444444442
2012-11-06,586,95,258542000,1.9515277777777778
2012-11-06,586,26,258158000,0.66625
2012-11-06,586,-51,232004550,1.5006944444444446
2012-11-06,586,-53,232004550,4.7688888888888883
2012-11-06,586,-52,232004550,3.5780555555555553
2012-11-06,586,-54,232004550,0.40805555555555556
2012-11-06,586,10,231021000,0.41777777777777775
2012-11-06,586,11,231021000,0.62527777777777771
2012-11-06,586,12,231021000,0.48319444444444448
2012-11-06,586,100,266199000,14.870694444444439
2012-11-06,586,101,266199000,9.175
2012-11-06,586,104,219948000,5.2302777777777774
2012-11-06,586,105,219948000,1.4776388888888889
2012-11-06,586,27,259521000,0.670138888888889
2012-11-06,586,104,265803000,0.4752777777777778
2012-11-06,586,103,265803000,5.7929166666666667
2012-11-06,586,102,265803000,1.8275
2012-11-06,-438,-645,701000729,9.9051388888888887
2012-11-06,-438,1743,441182000,2.0912499999999996
2012-11-06,-438,-645,701000840,11.802777777777777
2012-11-06,-438,-645,701000612,6.4826388888888893
2012-11-06,-438,-645,701000619,0.81638888888888894
2012-11-06,-438,-645,701000882,7.1330555555555559
2012-11-06,-438,-645,701006005,2.1526388888888888
2012-11-06,-438,-645,701007044,2.169861111111111
2012-11-06,-438,-645,701000645,2.1527777777777777
2012-11-06,-438,-645,701000649,19.025000000000002
2012-11-06,-438,-645,701000652,6.4722222222222223
2012-11-06,-438,-645,701000658,5.9154166666666663
2012-11-06,-438,-645,701000919,6.3527777777777779
2012-11-06,-438,-645,701000932,10.976388888888888
2012-11-06,-438,-645,701000941,6.1123611111111114
2012-11-06,-182,-859,224156000,1.7916666666666665
2012-11-06,-182,394,432228000,1.5447222222222221
2012-11-06,-182,-866,224619000,1.8333333333333333
2012-11-06,331,-407,224101950,1.6743055555555555
2012-11-06,331,-403,224101950,1.8097222222222222
2012-11-06,331,-402,224101950,1.4266666666666667
2012-11-06,587,99,259434000,3.1298611111111105
2012-11-06,587,96,259434000,1.9980555555555557
2012-11-06,587,97,259434000,1.751527777777778
2012-11-06,587,95,259434000,0.9
2012-11-06,587,98,259434000,3.3018055555555557
2012-11-06,587,100,265791000,6.8881944444444443
2012-11-06,587,102,265791000,1.9538888888888886
2012-11-06,587,101,265791000,7.8220833333333317
2012-11-06,587,96,259540000,2.8419444444444446
2012-11-06,587,30,259689000,0.42874999999999996
2012-11-06,587,102,257608500,1.8545833333333333
2012-11-06,587,103,257608500,3.1269444444444447
2012-11-06,587,103,220307000,1.4556944444444442
2012-11-06,587,95,257308740,0.47472222222222227
2012-11-06,587,97,257308740,5.2509722222222237
2012-11-06,587,96,257308740,4.0512500000000005
2012-11-06,587,101,265756000,5.1211111111111123
2012-11-06,587,100,265756000,5.23861111111111
2012-11-06,587,102,266246000,1.6466666666666665
2012-11-06,587,100,266246000,3.2038888888888888
2012-11-06,587,101,266246000,4.6822222222222223
2012-11-06,587,97,257349500,1.4884722222222222
2012-11-06,587,96,257349500,1.2619444444444441
2012-11-06,587,97,259450000,6.4344444444444431
2012-11-06,587,96,259450000,0.69805555555555554
2012-11-06,587,0,219503000,12.893194444444443
2012-11-06,587,99,257012900,0.84958333333333325
2012-11-06,587,100,257012900,3.6512500000000006
2012-11-06,587,101,219010989,1.7108333333333334
2012-11-06,587,102,219010989,2.1459722222222224
2012-11-06,587,103,219010989,1.0554166666666667
2012-11-06,587,96,258542000,2.4001388888888888
2012-11-06,587,97,258542000,2.399861111111111
2012-11-06,587,23,259640000,0.20875
2012-11-06,587,21,259640000,0.62902777777777774
2012-11-06,587,22,259640000,0.4301388888888889
2012-11-06,587,-51,232004550,0.97944444444444434
2012-11-06,587,-52,232004550,0.14319444444444446
2012-11-06,587,104,219948000,2.4740277777777777
2012-11-06,587,27,259521000,0.22125
2012-11-06,587,26,259521000,0.628611111111111
2012-11-06,587,33,259521000,0.37597222222222226
2012-11-06,587,98,257021940,0.99847222222222221
2012-11-06,587,102,265803000,3.745
2012-11-06,587,101,265803000,0.6726388888888889
2012-11-06,-437,1742,441182000,6.6066666666666682
2012-11-06,-181,-863,224156000,3.3905555555555553
2012-11-06,-181,395,432228000,0.85819444444444448
2012-11-06,332,-405,224101950,1.8261111111111112
2012-11-06,588,100,265791000,2.225
2012-11-06,588,101,265791000,2.2515277777777776
2012-11-06,588,-33,235085082,0.31805555555555554
2012-11-06,588,-32,235085082,0.99583333333333335
2012-11-06,588,106,257705500,0.20583333333333331
2012-11-06,588,105,257705500,0.20458333333333334
2012-11-06,588,104,257705500,0.633888888888889
2012-11-06,588,106,257103140,3.7565277777777779
2012-11-06,588,105,257103140,0.62652777777777779
2012-11-06,588,108,266163000,9.0084722222222222
2012-11-06,588,107,266163000,0.44236111111111109
2012-11-06,588,105,257757500,1.2497222222222224
2012-11-06,588,35,258397000,3.9920833333333334
2012-11-06,588,34,258397000,0.70694444444444449
2012-11-06,588,111,266161000,4.0062500000000005
2012-11-06,588,110,266161000,3.546388888888889
2012-11-06,588,26,259281000,0.23458333333333331
2012-11-06,588,109,265606270,0.872638888888889
2012-11-06,588,108,265606270,6.7924999999999995
2012-11-06,588,106,257754500,0.40986111111111112
2012-11-06,588,106,257185420,3.308333333333334
2012-11-06,588,105,257185420,4.5604166666666677
2012-11-06,588,97,259450000,0.85736111111111124
2012-11-06,588,98,259450000,6.6068055555555549
2012-11-06,588,101,257012900,2.6247222222222222
2012-11-06,588,100,257012900,3.9265277777777787
2012-11-06,588,101,219010989,2.5175000000000005
2012-11-06,588,100,219010989,0.21055555555555555
2012-11-06,588,102,219010989,0.64
2012-11-06,588,98,258542000,3.1744444444444446
2012-11-06,588,97,258542000,0.90041666666666664
2012-11-06,588,32,258158000,0.975138888888889
2012-11-06,588,20,259640000,0.62027777777777771
2012-11-06,588,19,259640000,0.21833333333333332
2012-11-06,588,105,257750500,0.20875
2012-11-06,588,106,257750500,0.20777777777777778
2012-11-06,588,31,259521000,0.21555555555555556
2012-11-06,588,30,259521000,0.21694444444444444
2012-11-06,588,98,257021940,4.4505555555555549
2012-11-06,-436,1742,441182000,3.6216666666666661
2012-11-06,-436,1744,512161000,0.74930555555555545
2012-11-06,-180,-863,224156000,1.0240277777777778
2012-11-06,-180,-860,224156000,1.4372222222222222
2012-11-06,-180,395,432228000,0.88069444444444445
2012-11-06,-180,-866,224619000,2.5147222222222219
2012-11-06,333,1207,905103298,4.153888888888889
2012-11-06,333,1208,905103298,8.1819444444444454
2012-11-06,589,106,257705500,7.653611111111112
2012-11-06,589,104,257705500,2.2820833333333335
2012-11-06,589,107,257705500,0.20597222222222222
2012-11-06,589,106,257103140,6.025
2012-11-06,589,105,257103140,1.4369444444444446
2012-11-06,589,105,257757500,6.8518055555555559
2012-11-06,589,33,258397000,2.2052777777777779
2012-11-06,589,34,258397000,7.3893055555555573
2012-11-06,589,22,259335000,0.20722222222222222
2012-11-06,589,23,259335000,0.6431944444444444
2012-11-06,589,110,266161000,5.4809722222222215
2012-11-06,589,26,259281000,1.0788888888888888
2012-11-06,589,24,259281000,0.41902777777777778
2012-11-06,589,25,259281000,0.43291666666666667
2012-11-06,589,105,257191020,1.8679166666666669
2012-11-06,589,106,257191020,9.5469444444444438
2012-11-06,589,109,257174140,2.1352777777777776
2012-11-06,589,107,257754500,0.2063888888888889
2012-11-06,589,106,257754500,9.9415277777777789
2012-11-06,589,105,257185420,0.41555555555555557
2012-11-06,589,102,257098140,0.47111111111111115
2012-11-06,589,101,257098140,3.371666666666667
2012-11-06,589,105,257143720,1.2498611111111111
2012-11-06,589,103,257143720,1.0219444444444443
2012-11-06,589,104,257143720,4.2095833333333328
2012-11-06,589,29,258158000,1.2791666666666663
2012-11-06,589,28,258158000,1.0523611111111111
2012-11-06,589,32,258158000,1.0636111111111111
2012-11-06,589,27,258158000,0.22291666666666665
2012-11-06,589,31,258158000,1.0933333333333333
2012-11-06,589,30,258158000,1.2876388888888888
2012-11-06,589,19,259640000,0.63527777777777783
2012-11-06,589,105,257069540,4.3901388888888881
2012-11-06,589,106,257069540,3.9359722222222224
2012-11-06,589,106,257750500,8.9269444444444446
2012-11-06,589,107,257750500,2.2844444444444445
2012-11-06,589,30,259521000,0.42041666666666666
2012-11-06,589,28,259521000,0.65236111111111117
2012-11-06,589,29,259521000,0.63791666666666669
2012-11-06,589,1507,273336810,3.0291666666666668
2012-11-06,589,1506,273336810,12.752500000000001
2012-11-06,589,1505,273336810,2.3543055555555554
2012-11-06,589,106,257739500,2.6912499999999993
2012-11-06,589,107,257739500,5.3680555555555562
2012-11-06,589,105,257316340,1.1052777777777778
2012-11-06,589,106,257316340,4.815138888888888
2012-11-06,-435,1741,441182000,5.6801388888888891
2012-11-06,-435,-648,701000539,4.9350000000000005
2012-11-06,-435,1746,512161000,1.8026388888888887
2012-11-06,-435,1747,512161000,15.28263888888889
2012-11-06,-179,-863,224156000,0.80458333333333332
2012-11-06,-179,394,432228000,3.90125
2012-11-06,-179,-1167,431704230,3.7084722222222219
2012-11-06,590,107,257705500,4.1695833333333345
2012-11-06,590,106,257705500,0.83125
2012-11-06,590,-1729,366845000,0.78083333333333327
2012-11-06,590,-1728,366845000,0.80541666666666667
2012-11-06,590,33,258397000,1.9398611111111113
2012-11-06,590,26,259281000,0.42138888888888892
2012-11-06,590,25,259281000,0.62236111111111114
2012-11-06,590,5,219441000,7.92
2012-11-06,590,109,257174140,4.2823611111111113
2012-11-06,590,108,257174140,0.23347222222222222
2012-11-06,590,105,257143720,0.52847222222222223
2012-11-06,590,41,257603500,4.6466666666666665
2012-11-06,590,25,258158000,0.86375
2012-11-06,590,26,258158000,1.0611111111111111
2012-11-06,590,27,258158000,0.6479166666666667
2012-11-06,590,24,258158000,0.4276388888888889
2012-11-06,590,20,259640000,0.63458333333333339
2012-11-06,590,-6,234690000,15.678888888888888
2012-11-06,590,106,257069540,0.20416666666666666
2012-11-06,590,107,257069540,0.67388888888888887
2012-11-06,590,105,257069540,0.2376388888888889
2012-11-06,590,28,259521000,0.22486111111111112
2012-11-06,590,26,259521000,0.64680555555555552
2012-11-06,590,27,259521000,0.63194444444444442
2012-11-06,590,25,259521000,0.43319444444444444
2012-11-06,590,107,257739500,3.3393055555555562
2012-11-06,590,106,257316340,3.7593055555555557
2012-11-06,-434,1741,441182000,3.4590277777777776
2012-11-06,-178,-861,224156000,0.90541666666666676
2012-11-06,-178,-863,224156000,1.3602777777777777
2012-11-06,-178,-862,224156000,0.4225
2012-11-06,-178,-1167,431704230,2.2672222222222214
2012-11-06,-178,-867,224619000,6.9511111111111115
2012-11-06,79,1588,431798000,1.8216666666666668
2012-11-06,79,1589,431798000,0.96944444444444444
2012-11-06,335,-1197,369970281,0.45666666666666667
2012-11-06,591,32,259103000,2.3568055555555558
2012-11-06,591,32,258397000,1.0858333333333332
2012-11-06,591,19,259335000,0.21361111111111111
2012-11-06,591,28,259335000,0.54541666666666666
2012-11-06,591,25,259281000,0.41375
2012-11-06,591,26,259281000,0.41208333333333336
2012-11-06,591,58,257120620,0.275
2012-11-06,591,23,258158000,0.42277777777777781
2012-11-06,591,22,258158000,0.43805555555555553
2012-11-06,591,20,259640000,0.43055555555555558
2012-11-06,591,-5,234690000,7.1569444444444441
2012-11-06,591,24,259521000,0.84208333333333329
2012-11-06,591,23,259521000,0.82694444444444426
2012-11-06,591,22,259521000,0.85722222222222222
2012-11-06,-177,-863,224156000,2.2295833333333333
2012-11-06,-177,-862,224156000,0.47763888888888889
2012-11-06,-177,-1166,431704230,2.407083333333333
2012-11-06,80,1589,431798000,0.92375000000000007
2012-11-06,336,-1197,369970281,0.43472222222222223
2012-11-06,336,-1196,369970281,3.3354166666666671
2012-11-06,336,-1195,369970281,2.4499999999999997
2012-11-06,336,-153,312854000,6.6393055555555556
2012-11-06,592,33,259103000,3.3458333333333332
2012-11-06,592,28,259335000,0.6725
2012-11-06,592,26,259281000,0.42805555555555552
2012-11-06,592,59,257120620,1.1584722222222221
2012-11-06,592,54,257172600,0.33
2012-11-06,592,53,257172600,3.8033333333333332
2012-11-06,592,31,218363000,7.6772222222222224
2012-11-06,592,30,218363000,2.8593055555555558
2012-11-06,592,1664,273890710,1.870972222222222
2012-11-06,592,1663,273890710,0.77930555555555547
2012-11-06,592,104,257004210,0.64041666666666663
2012-11-06,592,21,259521000,1.3026388888888889
2012-11-06,592,20,259521000,0.85180555555555548
2012-11-06,592,22,259521000,0.63236111111111115
2012-11-06,-176,-1166,431704230,3.2295833333333337
2012-11-06,-176,-1167,431704230,0.72666666666666668
2012-11-06,81,-1052,730017000,2.5109722222222222
2012-11-06,81,1589,431798000,1.5868055555555558
2012-11-06,337,-153,312854000,1.7465277777777777
2012-11-06,593,1665,273525000,1.5027777777777778
2012-11-06,593,1665,273819700,4.9611111111111112
2012-11-06,593,20,259335000,0.44875
2012-11-06,593,19,259335000,0.46
2012-11-06,593,1665,273437810,0.80277777777777759
2012-11-06,593,1664,273437810,0.79986111111111113
2012-11-06,593,31,218363000,2.2616666666666667
2012-11-06,593,30,218363000,2.6636111111111109
2012-11-06,593,1664,273890710,1.61375
2012-11-06,593,1665,273890710,1.5444444444444443
2012-11-06,593,20,259428000,0.20611111111111113
2012-11-06,593,18,259640000,0.42638888888888887
2012-11-06,593,20,259521000,1.9655555555555555
2012-11-06,593,21,259521000,0.21888888888888891
2012-11-06,593,19,259521000,1.9149999999999998
2012-11-06,-175,-1166,431704230,0.55555555555555558
2012-11-06,-175,-1167,431704230,1.8283333333333334
2012-11-06,82,1589,431798000,1.6645833333333335
2012-11-06,82,1586,431798000,1.9001388888888888
2012-11-06,338,-153,312854000,1.7972222222222223
2012-11-06,594,1663,273525000,2.2722222222222221
2012-11-06,594,1665,273525000,0.83611111111111114
2012-11-06,594,105,257158920,3.6993055555555552
2012-11-06,594,33,259103000,2.5422222222222222
2012-11-06,594,1666,273425450,0.80416666666666681
2012-11-06,594,1665,273425450,1.1554166666666668
2012-11-06,594,1665,273819700,5.8891666666666662
2012-11-06,594,19,259335000,0.64722222222222214
2012-11-06,594,18,259335000,0.64722222222222225
2012-11-06,594,1665,273896300,1.538888888888889
2012-11-06,594,1666,273896300,3.1276388888888889
2012-11-06,594,1665,273437810,3.4548611111111112
2012-11-06,594,1665,273890710,8.0779166666666669
2012-11-06,594,1666,273890710,3.1126388888888892
2012-11-06,594,-12,233636000,1.9045833333333333
2012-11-06,594,-11,233636000,1.7306944444444443
2012-11-06,594,21,259521000,0.678611111111111
2012-11-06,594,22,259521000,0.21388888888888891
2012-11-06,-430,-632,701006080,5.6836111111111105
2012-11-06,-430,-632,701000755,8.8268055555555556
2012-11-06,-430,-633,701000755,3.4434722222222218
2012-11-06,-430,-631,701000755,9.8120833333333337
2012-11-06,-430,-634,701000755,1.5495833333333333
2012-11-06,-430,-631,701000757,4.1768055555555561
2012-11-06,-430,-631,701000793,4.78625
2012-11-06,-430,-631,701000578,2.1472222222222221
2012-11-06,-430,-633,701000578,3.4279166666666665
2012-11-06,-430,-632,701000834,6.5901388888888883
2012-11-06,-430,-631,701000834,2.8333333333333335
2012-11-06,-430,-633,701000834,5.481527777777778
2012-11-06,-430,-632,701007040,10.69125
2012-11-06,-430,-634,701007040,0.80555555555555558
2012-11-06,-430,-633,701007040,6.9701388888888882
2012-11-06,-430,-631,701007040,5.1897222222222226
2012-11-06,-430,-631,701006300,2.7473611111111111
2012-11-06,-430,-632,701006300,0.99541666666666673
2012-11-06,-430,-631,701000934,7.8100000000000005
2012-11-06,-430,-632,701000934,5.1852777777777774
2012-11-06,-430,-634,701000934,0.56833333333333336
2012-11-06,-430,-633,701000934,5.754999999999999
2012-11-06,-430,-631,701006061,4.7891666666666666
2012-11-06,-174,-1167,431704230,3.3220833333333335
2012-11-06,83,1589,431798000,0.88625
2012-11-06,339,-152,312854000,1.8227777777777778
2012-11-06,595,1664,273525000,1.5737500000000002
2012-11-06,595,1665,273525000,5.07125
2012-11-06,595,106,257158920,4.1251388888888894
2012-11-06,595,105,257158920,1.2038888888888888
2012-11-06,595,44,250090000,0.3198611111111111
2012-11-06,595,33,259103000,3.31875
2012-11-06,595,1665,273425450,1.1556944444444444
2012-11-06,595,1664,273425450,1.5015277777777778
2012-11-06,595,1666,273819700,1.2065277777777779
2012-11-06,595,1665,273819700,3.3756944444444446
2012-11-06,595,248,276787000,1.4349999999999998
2012-11-06,595,246,276787000,1.452361111111111
2012-11-06,595,1666,273896300,0.7729166666666667
2012-11-06,595,1665,273896300,9.9070833333333326
2012-11-06,595,-187,251360110,7.2120833333333341
2012-11-06,595,1665,273437810,0.78624999999999989
2012-11-06,595,1664,273437810,3.175
2012-11-06,595,1666,273437810,4.962361111111111
2012-11-06,595,1665,273890710,6.4459722222222222
2012-11-06,595,-11,233636000,0.7125
2012-11-06,595,-12,233636000,14.207222222222221
2012-11-06,595,-13,233636000,0.42722222222222223
2012-11-06,595,17,235000270,8.7876388888888872
2012-11-06,595,16,235000270,14.023055555555549
2012-11-06,595,22,259521000,0.21666666666666667
2012-11-06,595,23,259521000,0.4284722222222222
2012-11-06,-429,-631,701000757,5.7233333333333336
2012-11-06,-429,-631,701000793,4.947222222222222
2012-11-06,-429,-631,701000578,5.71625
2012-11-06,-429,-631,701006061,6.4580555555555552
2012-11-06,-173,61,431753000,0.9193055555555556
2012-11-06,-173,-1167,431704230,2.2765277777777784
2012-11-06,-173,-1166,431704230,1.4834722222222223
2012-11-06,84,1584,431798000,1.6334722222222222
2012-11-06,84,1589,431798000,1.3111111111111111
2012-11-06,596,1666,273525000,4.9759722222222225
2012-11-06,596,1665,273525000,7.1581944444444456
2012-11-06,596,1665,273425450,3.8973611111111111
2012-11-06,596,1665,273819700,7.1840277777777777
2012-11-06,596,247,276787000,1.452638888888889
2012-11-06,596,246,276787000,0.61763888888888885
2012-11-06,596,248,276787000,1.86125
2012-11-06,596,1666,273896300,5.5819444444444448
2012-11-06,596,-187,251360110,0.80652777777777773
2012-11-06,596,-186,251360110,1.6008333333333331
2012-11-06,596,2,232806000,6.9008333333333329
2012-11-06,596,1665,273437810,9.4094444444444445
2012-11-06,596,1660,273295000,2.2693055555555555
2012-11-06,596,-13,233636000,4.5504166666666661
2012-11-06,596,-12,233636000,1.7465277777777777
2012-11-06,596,17,235000270,0.4720833333333333
2012-11-06,-428,-590,701033000,2.3844444444444441
2012-11-06,-428,-631,701000793,5.699583333333333
2012-11-06,-428,-612,701000793,5.6920833333333336
2012-11-06,-428,-629,701000793,1.2458333333333333
2012-11-06,-428,-648,701006058,3.041666666666667
2012-11-06,-172,-1166,431704230,0.84569444444444453
2012-11-06,85,-1316,576375000,1.0786111111111112
2012-11-06,85,1587,431798000,0.77319444444444441
2012-11-06,85,1588,431798000,2.1286111111111112
2012-11-06,341,1722,431070000,0.79125
2012-11-06,341,1204,412369132,0.10055555555555555
2012-11-06,341,-151,312854000,2.5983333333333336
2012-11-06,597,-1738,367362580,0.76833333333333331
2012-11-06,597,1666,273425450,0.78041666666666665
2012-11-06,597,1667,273425450,2.3152777777777778
2012-11-06,597,-188,251360110,2.3194444444444442
2012-11-06,597,-196,251360110,7.3833333333333337
2012-11-06,597,0,232806000,2.3169444444444443
2012-11-06,597,1662,273295000,3.8777777777777773
2012-11-06,597,1656,273295000,1.5
2012-11-06,597,-7,235001050,0.20555555555555555
2012-11-06,597,-9,235001050,0.61972222222222217
2012-11-06,597,-10,235001050,1.24375
2012-11-06,597,-8,235001050,1.0311111111111111
2012-11-06,-427,-590,701033000,20.518333333333334
2012-11-06,-427,-589,701033000,1.8281944444444447
2012-11-06,-171,-1166,431704230,0.86249999999999993
2012-11-06,86,1587,431798000,0.99444444444444435
2012-11-06,86,1586,431798000,1.5802777777777779
2012-11-06,342,1723,431070000,0.80277777777777781
2012-11-06,342,1203,412369132,0.82722222222222219
2012-11-06,342,1204,412369132,0.20472222222222222
2012-11-06,342,-149,312854000,8.2329166666666662
2012-11-06,598,-54,224018440,16.46125
2012-11-06,598,-1739,367362580,1.5825
2012-11-06,598,-53,225341000,3.1054166666666667
2012-11-06,598,-52,225341000,2.8113888888888892
2012-11-06,598,-54,225341000,8.7154166666666661
2012-11-06,598,1706,273847700,1.5281944444444444
2012-11-06,598,1656,273295000,8.7922222222222217
2012-11-06,598,-9,235001050,5.8047222222222237
2012-11-06,598,-8,235001050,1.8591666666666669
2012-11-06,598,-7,235001050,1.4554166666666666
2012-11-06,-170,61,431753000,2.7191666666666667
2012-11-06,-170,60,431889000,0.88277777777777777
2012-11-06,87,1584,431798000,0.925
2012-11-06,87,1586,431798000,3.8513888888888888
2012-11-06,343,1370,431535000,3.4254166666666661
2012-11-06,343,1371,431535000,10.664027777777781
2012-11-06,599,-51,224018440,11.03875
2012-11-06,599,-51,225341000,9.7376388888888883
2012-11-06,599,4,232007300,7.0084722222222222
2012-11-06,599,1706,273847700,0.39319444444444446
2012-11-06,599,1708,273847700,5.425
2012-11-06,599,1707,273847700,15.813194444444445
2012-11-06,599,1653,273295000,5.5854166666666663
2012-11-06,599,1696,273445310,5.583333333333333
2012-11-06,599,1695,273445310,1.8326388888888889
2012-11-06,599,1708,273319630,3.4102777777777775
2012-11-06,599,1707,273319630,6.4651388888888883
2012-11-06,599,-9,235001050,2.4706944444444443
2012-11-06,599,-10,235001050,0.2038888888888889
2012-11-06,599,-8,235001050,3.2959722222222223
2012-11-06,599,-32,235000820,25.93611111111111
2012-11-06,599,-31,235000820,1.536111111111111
2012-11-06,-425,-589,701006020,1.2774999999999999
2012-11-06,-169,62,431753000,0.82722222222222208
2012-11-06,-169,61,431753000,0.78333333333333333
2012-11-06,-169,60,431889000,1.7226388888888888
2012-11-06,-169,61,431889000,0.66791666666666671
2012-11-06,-169,62,431457000,0.99555555555555542
2012-11-06,88,1584,431798000,0.78208333333333324
2012-11-06,344,1287,440104210,1.8675000000000002
2012-11-06,344,1288,440104210,0.28875
2012-11-06,344,1337,432575000,0.20680555555555558
2012-11-06,344,337,247146270,1.3498611111111112
2012-11-06,344,1723,431070000,1.5243055555555554
2012-11-06,344,1729,431070000,7.8186111111111112
2012-11-06,344,1728,431070000,3.7631944444444438
2012-11-06,344,1727,431070000,3.95
2012-11-06,344,1370,431535000,0.43458333333333332
2012-11-06,344,1371,431535000,4.0116666666666658
2012-11-06,344,337,247142860,1.338611111111111
2012-11-06,344,1337,431003121,1.0208333333333335
2012-11-06,600,53,257014900,0.20027777777777778
2012-11-06,600,1694,273445310,5.7827777777777776
2012-11-06,600,1695,273445310,2.3273611111111112
2012-11-06,600,1692,273445310,3.0754166666666665
2012-11-06,600,1693,273445310,4.7795833333333331
2012-11-06,600,1708,273319630,8.1819444444444436
2012-11-06,600,1707,273319630,5.6268055555555554
2012-11-06,600,-8,235001050,5.6254166666666654
2012-11-06,-424,-591,701006020,0.77819444444444441
2012-11-06,-424,-589,701006020,3.4273611111111109
2012-11-06,-424,-592,701006020,0.80277777777777781
2012-11-06,-168,62,431753000,1.1256944444444446
2012-11-06,-168,61,431889000,1.3086111111111109
2012-11-06,-168,67,431750000,3.5331944444444443
2012-11-06,-168,62,431457000,3.5591666666666661
2012-11-06,345,1289,440000003,2.6847222222222227
2012-11-06,345,1288,440104210,7.1011111111111127
2012-11-06,345,1287,440104210,0.70222222222222219
2012-11-06,345,1196,926219026,3.3949999999999996
2012-11-06,345,335,247146270,7.9498611111111126
2012-11-06,345,337,247146270,2.241944444444445
2012-11-06,345,336,247146270,8.00666666666667
2012-11-06,345,334,247146270,3.5841666666666665
2012-11-06,345,1284,440134960,1.564861111111111
2012-11-06,345,335,247146040,7.3333333333333321
2012-11-06,345,334,247146040,5.2304166666666667
2012-11-06,345,336,247146040,8.65472222222222
2012-11-06,345,337,247146040,1.2613888888888889
2012-11-06,345,125,247146890,5.8781944444444445
2012-11-06,345,336,247142860,7.4977777777777765
2012-11-06,345,337,247142860,2.6980555555555554
2012-11-06,345,334,247142860,5.6009722222222216
2012-11-06,345,335,247142860,6.0145833333333343
2012-11-06,601,-46,228206600,7.9291666666666671
2012-11-06,601,-26,250494000,2.2823611111111108
2012-11-06,601,-26,250493000,1.3648611111111111
2012-11-06,601,-25,250493000,0.74347222222222231
2012-11-06,601,53,257014900,2.3247222222222219
2012-11-06,601,52,257014900,0.45055555555555554
2012-11-06,601,53,257217940,1.3006944444444446
2012-11-06,601,52,257217940,1.8501388888888892
2012-11-06,601,-26,250000096,0.49041666666666667
2012-11-06,-423,-588,701006020,1.1159722222222221
2012-11-06,-423,-594,701006020,4.9275
2012-11-06,-423,-590,701006020,0.83319444444444446
2012-11-06,-423,-589,701006020,2.0481944444444444
2012-11-06,-167,65,432319000,1.68625
2012-11-06,-167,66,431750000,0.92361111111111116
2012-11-06,-167,64,432503000,1.6147222222222222
2012-11-06,-167,61,431457000,1.8004166666666668
2012-11-06,346,1286,440111111,0.25972222222222219
2012-11-06,346,124,247300110,10.035138888888889
2012-11-06,346,1287,440104210,0.88361111111111112
2012-11-06,346,1196,926219026,1.25125
2012-11-06,346,1196,926219033,8.79236111111111
2012-11-06,346,1197,926000438,3.0836111111111109
2012-11-06,346,1195,926000438,1.6293055555555558
2012-11-06,346,1196,926211180,3.9326388888888886
2012-11-06,346,1288,440145030,0.41430555555555559
2012-11-06,346,124,247146440,10.696250000000001
2012-11-06,346,124,256000723,15.328472222222221
2012-11-06,346,123,256000723,4.2495833333333337
2012-11-06,602,-42,228206600,11.8125
2012-11-06,602,-25,250494000,2.5008333333333335
2012-11-06,602,-24,250494000,0.545
2012-11-06,602,-25,250493000,1.9313888888888888
2012-11-06,602,-26,250493000,0.585
2012-11-06,602,-42,232007250,7.1809722222222225
2012-11-06,602,-40,232007250,11.813333333333333
2012-11-06,602,52,257014900,0.2747222222222222
2012-11-06,602,50,257014900,0.4244444444444444
2012-11-06,602,1,232007300,7.1833333333333336
2012-11-06,602,-625,316067000,1.5527777777777778
2012-11-06,602,-624,316067000,12.763888888888891
2012-11-06,602,-24,250000096,0.44125000000000003
2012-11-06,602,-25,250000096,3.2849999999999997
2012-11-06,-422,-585,701000850,1.9706944444444445
2012-11-06,-422,-588,701006020,1.1352777777777778
2012-11-06,-422,-586,701006020,4.9049999999999994
2012-11-06,-422,-587,701006020,2.1293055555555553
2012-11-06,-166,70,431135000,2.6945833333333331
2012-11-06,-166,65,432319000,1.7808333333333333
2012-11-06,-166,61,431753000,0.92208333333333337
2012-11-06,-166,60,431889000,0.89819444444444441
2012-11-06,-166,68,431782000,1.8051388888888888
2012-11-06,-166,66,431750000,0.89763888888888888
2012-11-06,-166,67,431791000,1.6626388888888888
2012-11-06,-166,64,432503000,0.90597222222222218
2012-11-06,91,-433,440969000,6.4925
2012-11-06,347,1286,440111111,2.0072222222222225
2012-11-06,347,1287,440111111,1.1988888888888889
2012-11-06,347,131,247146760,2.7063888888888892
2012-11-06,347,130,247146760,2.3884722222222221
2012-11-06,347,128,247300110,0.14041666666666666
2012-11-06,347,126,247300110,0.78416666666666668
2012-11-06,347,1723,431070000,5.0583333333333336
2012-11-06,347,1197,926000438,5.6565277777777769
2012-11-06,347,1196,926000438,8.6240277777777781
2012-11-06,347,1196,926312339,1.0591666666666666
2012-11-06,347,1288,440123290,0.71638888888888885
2012-11-06,347,1287,440122870,0.73083333333333333
2012-11-06,603,-23,250494000,0.45638888888888884
2012-11-06,603,-24,250494000,0.2348611111111111
2012-11-06,603,-24,245811000,0.67958333333333332
2012-11-06,603,14,235003460,4.6501388888888888
2012-11-06,603,-24,250493000,1.933472222222222
2012-11-06,603,1690,273874000,13.226111111111113
2012-11-06,603,-128,231100000,11.026111111111112
2012-11-06,603,-127,231100000,10.241805555555556
2012-11-06,603,-16,235010670,1.7569444444444444
2012-11-06,603,-17,235010670,2.8620833333333331
2012-11-06,603,-18,235010670,0.22458333333333333
2012-11-06,603,1,232007300,2.2005555555555554
2012-11-06,603,-17,233294000,0.9951388888888888
2012-11-06,603,-18,233294000,0.41791666666666666
2012-11-06,603,-16,233294000,4.0973611111111108
2012-11-06,603,12,228190900,4.63875
2012-11-06,603,-626,316067000,1.4833333333333334
2012-11-06,603,-625,316067000,1.6166666666666667
2012-11-06,603,-23,250000096,1.1894444444444445
2012-11-06,603,-24,250000096,0.21930555555555553
2012-11-06,-421,-585,701006020,4.9483333333333333
2012-11-06,-165,70,431135000,0.95
2012-11-06,-165,64,432319000,0.17930555555555555
2012-11-06,-165,65,432319000,0.876388888888889
2012-11-06,-165,61,431753000,3.947916666666667
2012-11-06,-165,60,431889000,3.9450000000000003
2012-11-06,-165,66,431750000,2.8820833333333331
2012-11-06,-165,67,431791000,0.75847222222222221
2012-11-06,-165,64,432503000,2.8980555555555556
2012-11-06,-165,61,431457000,1.8536111111111111
2012-11-06,-165,62,431457000,0.91902777777777778
2012-11-06,92,-434,440969000,4.8311111111111114
2012-11-06,92,-432,440969000,1.9118055555555555
2012-11-06,92,-431,440969000,1.7022222222222223
2012-11-06,92,-433,440969000,1.7956944444444445
2012-11-06,348,1199,412327425,5.4058333333333328
2012-11-06,348,1193,926030083,13.69597222222222
2012-11-06,348,1195,926030083,2.8755555555555561
2012-11-06,348,1196,926030083,4.2525
2012-11-06,348,130,247146760,0.23430555555555554
2012-11-06,348,1198,800014601,0.92583333333333329
2012-11-06,348,1197,800014602,4.762083333333333
2012-11-06,348,1196,800014602,6.8890277777777778
2012-11-06,348,126,247300110,1.0525
2012-11-06,348,127,247300110,3.4518055555555551
2012-11-06,348,128,247300110,2.4602777777777778
2012-11-06,348,1290,440150810,3.0215277777777776
2012-11-06,348,1291,440150810,3.0455555555555556
2012-11-06,348,1193,412369179,0.91541666666666666
2012-11-06,348,1196,412369185,1.819722222222222
2012-11-06,348,1197,412369185,2.2556944444444444
2012-11-06,348,1195,412369185,3.0652777777777773
2012-11-06,348,1196,412327481,6.5249999999999995
2012-11-06,348,1195,412327482,0.25791666666666668
2012-11-06,348,1196,412327482,6.4930555555555545
2012-11-06,348,1195,412365116,3.3808333333333329
2012-11-06,348,1196,412365116,3.8395833333333336
2012-11-06,348,1193,412365116,7.9684722222222231
2012-11-06,348,1195,412323135,4.4993055555555559
2012-11-06,348,1196,412323135,2.0475
2012-11-06,348,1195,412323136,3.4233333333333329
2012-11-06,348,1196,412323136,1.5994444444444444
2012-11-06,348,1196,412328256,2.1726388888888892
2012-11-06,348,1197,412328256,2.8345833333333332
2012-11-06,348,1195,412323137,1.2048611111111112
2012-11-06,348,1197,412323137,2.89875
2012-11-06,348,1196,412323137,8.5673611111111114
2012-11-06,348,1196,412323138,11.115555555555558
2012-11-06,348,1197,412323138,1.9023611111111109
2012-11-06,348,1195,412323138,1.0656944444444445
2012-11-06,348,1198,412327497,2.753055555555556
2012-11-06,348,1196,412323146,1.1244444444444444
2012-11-06,348,1197,412327501,5.7225
2012-11-06,348,1196,412327501,3.9206944444444445
2012-11-06,348,1196,412323151,10.363055555555553
2012-11-06,348,1195,412323151,1.6963888888888889
2012-11-06,348,1196,412323152,7.1619444444444458
2012-11-06,348,1195,412323152,2.1311111111111112
2012-11-06,348,1195,412323157,3.6854166666666668
2012-11-06,348,1196,412323157,7.4011111111111116
2012-11-06,348,1195,412323158,2.0323611111111108
2012-11-06,348,1196,412323158,6.5798611111111116
2012-11-06,348,1195,412323159,0.951111111111111
2012-11-06,348,1196,412323159,8.8331944444444428
2012-11-06,348,1195,412323161,1.2497222222222222
2012-11-06,348,1196,412323161,5.9394444444444439
2012-11-06,348,1195,412323166,0.42305555555555557
2012-11-06,348,1196,412323166,7.9706944444444439
2012-11-06,348,1196,412323167,7.6752777777777768
2012-11-06,348,1195,412323167,1.0772222222222223
2012-11-06,348,1292,440153220,4.1223611111111111
2012-11-06,348,1288,440123290,21.981527777777778
2012-11-06,348,1287,440123290,1.996388888888889
2012-11-06,348,1193,412369054,0.2338888888888889
2012-11-06,348,1193,926013101,2.2966666666666669
2012-11-06,348,1195,926030009,3.4113888888888888
2012-11-06,348,1196,926030009,3.9254166666666666
2012-11-06,348,1193,926030009,17.905
2012-11-06,348,126,247146440,1.4541666666666666
2012-11-06,348,127,247146440,3.5133333333333336
2012-11-06,348,128,247146440,3.0505555555555555
2012-11-06,348,1195,926012630,3.9961111111111114
2012-11-06,348,1287,440122870,2.6515277777777779
2012-11-06,348,1197,412365561,3.0598611111111111
2012-11-06,348,1196,412365561,6.28888888888889
2012-11-06,604,-63,231167000,7.1954166666666666
2012-11-06,604,-62,231167000,3.88
2012-11-06,604,-64,231156000,10.272638888888888
2012-11-06,604,-65,231156000,3.5854166666666667
2012-11-06,604,-66,231156000,1.5481944444444444
2012-11-06,604,-23,250494000,0.73583333333333334
2012-11-06,604,-20,250494000,0.2113888888888889
2012-11-06,604,-22,250494000,0.21416666666666667
2012-11-06,604,-24,250494000,2.7223611111111117
2012-11-06,604,-21,250494000,0.22763888888888889
2012-11-06,604,-24,250493000,0.43833333333333335
2012-11-06,604,-128,231100000,10.274027777777778
2012-11-06,604,-17,235010670,4.4080555555555554
2012-11-06,604,-19,235010670,2.6658333333333335
2012-11-06,604,-18,235010670,4.6388888888888884
2012-11-06,604,-20,235010670,0.84638888888888886
2012-11-06,604,-16,235010670,2.1813888888888888
2012-11-06,604,1,232007300,1.6718055555555553
2012-11-06,604,0,232007300,1.11375
2012-11-06,604,-20,233294000,0.94180555555555556
2012-11-06,604,-19,233294000,4.189166666666666
2012-11-06,604,-17,233294000,0.62652777777777779
2012-11-06,604,-18,233294000,5.4009722222222223
2012-11-06,604,-22,250000096,0.44138888888888894
2012-11-06,604,-23,250000096,0.44763888888888892
2012-11-06,-420,-612,701000543,2.5544444444444445
2012-11-06,-420,-613,701000543,5.2094444444444452
2012-11-06,-420,-614,701000543,5.2030555555555562
2012-11-06,-420,-615,701000543,2.4724999999999997
2012-11-06,-420,-582,701000850,1.1625
2012-11-06,-420,-606,701000636,5.3834722222222222
2012-11-06,-420,-605,701000636,5.314861111111111
2012-11-06,-420,-602,701000636,9.715
2012-11-06,-420,-604,701000636,7.9918055555555556
2012-11-06,-420,-606,701006038,1.305
2012-11-06,-420,-603,701006038,0.76388888888888884
2012-11-06,-420,-601,701006038,1.8056944444444443
2012-11-06,-420,-604,701006038,4.2741666666666669
2012-11-06,-420,-605,701006038,3.8524999999999996
2012-11-06,-164,70,431135000,1.7902777777777779
2012-11-06,-164,64,432319000,3.6975
2012-11-06,-164,68,431782000,3.5718055555555557
2012-11-06,-164,66,431750000,2.4947222222222223
2012-11-06,-164,67,431791000,3.0624999999999996
2012-11-06,-164,63,432503000,2.7531944444444445
2012-11-06,-164,61,431457000,4.355
2012-11-06,349,1198,412327425,12.546111111111113
2012-11-06,349,1195,926030083,0.21680555555555556
2012-11-06,349,129,247146760,0.39347222222222222
2012-11-06,349,1198,800014601,1.05375
2012-11-06,349,1196,800014602,0.62402777777777785
2012-11-06,349,1195,412327481,3.1981944444444448
2012-11-06,349,1196,412327481,2.5194444444444444
2012-11-06,349,1196,412327482,1.7072222222222222
2012-11-06,349,1195,412327482,3.077638888888889
2012-11-06,349,1193,412365116,0.46597222222222223
2012-11-06,349,1195,412365116,0.21944444444444444
2012-11-06,349,1195,412323135,8.9744444444444458
2012-11-06,349,1195,412323136,10.107083333333332
2012-11-06,349,1197,412323138,0.91916666666666669
2012-11-06,349,1196,412327494,0.88708333333333333
2012-11-06,349,1196,412323146,1.2458333333333336
2012-11-06,349,1196,412327501,2.8470833333333334
2012-11-06,349,1198,412328283,1.8377777777777777
2012-11-06,349,1288,440131690,0.96861111111111109
2012-11-06,349,1291,440151660,0.61791666666666667
2012-11-06,349,1196,412321906,21.417916666666663
2012-11-06,349,1292,440152190,1.8163888888888891
2012-11-06,349,1197,412327554,1.1573611111111111
2012-11-06,349,1198,412327554,1.5658333333333334
2012-11-06,349,1195,412327313,0.22930555555555554
2012-11-06,349,1196,412327313,1.4354166666666666
2012-11-06,349,1196,412321946,17.71597222222222
2012-11-06,349,1198,412327332,2.3106944444444446
2012-11-06,349,1194,818000045,17.913611111111109
2012-11-06,349,1192,926013101,1.0594444444444444
2012-11-06,349,1193,926013101,7.3594444444444447
2012-11-06,349,1195,818000046,23.389583333333327
2012-11-06,349,1195,818000047,23.82694444444445
2012-11-06,349,1195,818000051,8.5083333333333329
2012-11-06,349,127,247142580,1.0972222222222221
2012-11-06,349,130,247142580,0.92222222222222217
2012-11-06,349,128,247142580,1.8056944444444445
2012-11-06,349,1195,818000053,5.3852777777777776
2012-11-06,349,1291,440153270,2.784305555555556
2012-11-06,349,1195,818000056,1.0366666666666666
2012-11-06,349,1192,926030009,1.7275
2012-11-06,349,1193,926030009,0.28763888888888889
2012-11-06,349,127,247146440,0.75055555555555553
2012-11-06,349,1194,818000079,2.8770833333333328
2012-11-06,349,1195,926012630,1.2368055555555553
2012-11-06,349,1196,926012630,1.060138888888889
2012-11-06,349,1196,412323035,0.70916666666666672
2012-11-06,349,1197,412327393,8.2688888888888883
2012-11-06,349,1289,440022000,0.22222222222222221
2012-11-06,349,1198,412327411,7.8488888888888892
2012-11-06,349,1197,412365561,2.018472222222222
2012-11-06,349,1196,412365561,7.7805555555555568
2012-11-06,605,-6,233098000,0.47027777777777779
2012-11-06,605,-62,231167000,11.762638888888889
2012-11-06,605,-64,231156000,1.0390277777777779
2012-11-06,605,-65,231156000,7.1718055555555553
2012-11-06,605,-22,250494000,0.67222222222222228
2012-11-06,605,-20,250494000,2.8045833333333334
2012-11-06,605,-21,250494000,4.7434722222222225
2012-11-06,605,-20,250493000,0.95694444444444438
2012-11-06,605,-21,250493000,0.90027777777777773
2012-11-06,605,-21,250102700,1.4418055555555556
2012-11-06,605,-21,233294000,0.96333333333333337
2012-11-06,605,-20,233294000,3.3522222222222222
2012-11-06,605,-22,250000096,0.89402777777777764
2012-11-06,605,-20,250000096,0.49083333333333334
2012-11-06,605,-21,250000096,1.5413888888888891
2012-11-06,-419,-581,701000850,1.2455555555555555
2012-11-06,-419,-613,701000629,0.46902777777777777
2012-11-06,-419,-616,701000629,0.7861111111111112
2012-11-06,-419,-614,701000629,0.69930555555555562
2012-11-06,-163,63,432319000,0.78236111111111106
2012-11-06,-163,60,431753000,3.2669444444444444
2012-11-06,-163,1733,412420436,10.049305555555556
2012-11-06,-163,59,431889000,5.3427777777777781
2012-11-06,-163,66,431791000,1.8765277777777778
2012-11-06,-163,78,432226000,0.90263888888888888
2012-11-06,-163,75,432226000,0.85125
2012-11-06,-163,74,432226000,2.3781944444444445
2012-11-06,-163,77,432226000,3.3556944444444441
2012-11-06,-163,63,432503000,0.88055555555555554
2012-11-06,-163,61,431457000,0.50152777777777779
2012-11-06,350,1196,412323076,6.0180555555555557
2012-11-06,350,1198,412327446,0.34944444444444445
2012-11-06,350,1196,412328246,3.6902777777777782
2012-11-06,350,1195,412328246,3.8526388888888894
2012-11-06,350,1197,412328247,0.7270833333333333
2012-11-06,350,1196,812041021,5.1544444444444446
2012-11-06,350,1195,412323135,0.69861111111111107
2012-11-06,350,1195,412323136,0.4393055555555555
2012-11-06,350,1195,412323141,5.3994444444444447
2012-11-06,350,1196,412323141,4.6398611111111112
2012-11-06,350,1197,412323141,1.275
2012-11-06,350,1195,412327494,0.22875
2012-11-06,350,1196,812012360,20.908055555555556
2012-11-06,350,1194,812012360,2.6351388888888891
2012-11-06,350,1196,412328265,3.5383333333333336
2012-11-06,350,1195,412328265,4.4461111111111107
2012-11-06,350,1194,412328265,0.90097222222222206
2012-11-06,350,1195,412323146,2.393472222222222
2012-11-06,350,1194,412323146,1.8980555555555554
2012-11-06,350,1196,412328269,5.9595833333333328
2012-11-06,350,1195,412328269,2.4459722222222222
2012-11-06,350,1195,412328272,0.25569444444444445
2012-11-06,350,1196,412328272,1.847361111111111
2012-11-06,350,1195,412328273,2.6462499999999998
2012-11-06,350,1195,412328274,1.1240277777777776
2012-11-06,350,1196,412328274,0.58958333333333335
2012-11-06,350,1195,412328281,7.5027777777777773
2012-11-06,350,1196,412328281,5.4615277777777766
2012-11-06,350,1291,440151660,0.47388888888888892
2012-11-06,350,1292,440151660,3.1091666666666664
2012-11-06,350,1196,412327533,1.7752777777777777
2012-11-06,350,1195,412327533,8.5715277777777779
2012-11-06,350,1196,412327534,1.0731944444444443
2012-11-06,350,1195,412327534,1.3665277777777778
2012-11-06,350,1195,412321908,18.177083333333336
2012-11-06,350,1194,412321913,15.886250000000002
2012-11-06,350,1195,818000010,1.0630555555555556
2012-11-06,350,1196,818000010,1.1179166666666667
2012-11-06,350,1195,412327313,3.4020833333333331
2012-11-06,350,1194,412327313,1.0622222222222222
2012-11-06,350,1292,440101523,3.5036111111111103
2012-11-06,350,1195,818000027,2.4395833333333337
2012-11-06,350,1195,818000043,0.67041666666666666
2012-11-06,350,1196,818000043,2.5484722222222227
2012-11-06,350,1196,818000050,5.6948611111111118
2012-11-06,350,1195,818000050,0.56125
2012-11-06,350,1195,818000053,0.47138888888888886
2012-11-06,350,1195,412387001,18.978888888888889
2012-11-06,350,1197,412327358,0.59875
2012-11-06,350,1290,440113100,2.0618055555555554
2012-11-06,350,1289,440113100,10.141527777777778
2012-11-06,350,1197,412327374,7.7544444444444443
2012-11-06,350,1196,412327377,11.656944444444445
2012-11-06,350,1197,412327382,13.260833333333334
2012-11-06,350,1197,412327385,6.0412500000000007
2012-11-06,350,1196,412323035,7.1152777777777771
2012-11-06,350,1195,412323035,2.7697222222222226
2012-11-06,350,1195,412323044,7.9293055555555556
2012-11-06,350,1194,412323044,0.24541666666666667
2012-11-06,350,1196,412323044,14.000416666666668
2012-11-06,350,1196,412327397,5.0297222222222215
2012-11-06,350,1197,412327398,16.782361111111111
2012-11-06,350,1198,412327404,18.176527777777778
2012-11-06,350,1294,440119280,2.2786111111111111
2012-11-06,350,1293,440119280,2.5275
2012-11-06,350,-142,312854000,7.3466666666666667
2012-11-06,350,1195,412323058,8.8566666666666674
2012-11-06,350,1196,412323058,8.669027777777778
2012-11-06,350,1198,412327411,10.589166666666667
2012-11-06,350,1196,412323061,6.8306944444444451
2012-11-06,350,1195,412323061,15.767777777777777
2012-11-06,350,1196,412327414,0.10972222222222222
2012-11-06,350,1197,412327414,1.2970833333333334
2012-11-06,350,1195,412323063,5.69125
2012-11-06,350,1196,412323063,4.5022222222222226
2012-11-06,350,1197,412327416,0.69083333333333341
2012-11-06,350,1198,412327416,9.4493055555555561
2012-11-06,350,1196,413078009,0.20527777777777778
2012-11-06,350,1195,413078009,0.40458333333333329
2012-11-06,350,1196,412323065,1.2355555555555555
2012-11-06,606,-69,231081000,4.5393055555555559
2012-11-06,606,-19,250493000,3.2675
2012-11-06,606,-20,250493000,1.2865277777777777
2012-11-06,606,-4,234896000,1.0438888888888889
2012-11-06,606,-5,234896000,0.20944444444444443
2012-11-06,606,-69,231321000,3.5519444444444441
2012-11-06,606,-22,250000096,6.181805555555556
2012-11-06,606,-20,250000096,0.91763888888888889
2012-11-06,-418,-613,701000823,12.23763888888889
2012-11-06,-418,-612,701000823,5.4356944444444446
2012-11-06,-418,-614,701000823,5.8765277777777776
2012-11-06,-418,-616,701000823,0.89125
2012-11-06,-418,-611,701000629,2.4234722222222222
2012-11-06,-418,-612,701000629,3.4473611111111109
2012-11-06,-418,-614,701000629,0.99972222222222229
2012-11-06,-418,-613,701000629,1.8975
2012-11-06,-418,-582,701006042,7.9609722222222219
2012-11-06,-162,69,431135000,0.87805555555555548
2012-11-06,-162,63,432319000,3.4704166666666669
2012-11-06,-162,60,431753000,3.752361111111111
2012-11-06,-162,59,431889000,0.87222222222222223
2012-11-06,-162,67,431782000,0.84166666666666656
2012-11-06,-162,65,431750000,3.9279166666666665
2012-11-06,-162,66,431791000,1.4595833333333332
2012-11-06,-162,74,432226000,1.4068055555555554
2012-11-06,-162,86,432226000,0.91124999999999989
2012-11-06,-162,73,432226000,2.8290277777777777
2012-11-06,-162,85,432226000,1.8205555555555555
2012-11-06,-162,78,432226000,0.80722222222222229
2012-11-06,-162,62,432503000,1.695
2012-11-06,-162,63,432503000,1.7277777777777779
2012-11-06,-162,60,431457000,3.2536111111111108
2012-11-06,95,-169,224068180,6.6527777777777768
2012-11-06,95,-168,224068180,8.3443055555555556
2012-11-06,95,-167,224068180,7.6697222222222221
2012-11-06,95,-169,224116330,7.1652777777777779
2012-11-06,95,-167,224116330,5.6052777777777782
2012-11-06,95,-168,224116330,10.015694444444446
2012-11-06,351,1196,412327197,3.5109722222222226
2012-11-06,351,1197,412328231,2.1669444444444443
2012-11-06,351,1194,800012842,2.2944444444444443
2012-11-06,351,1196,412328246,2.1470833333333332
2012-11-06,351,1197,412328247,18.774583333333332
2012-11-06,351,1196,412323141,1.3868055555555556
2012-11-06,351,1197,412323141,0.84083333333333332
2012-11-06,351,1292,440101523,0.81583333333333341
2012-11-06,351,257,237487000,0.64930555555555558
2012-11-06,351,258,237487000,8.6401388888888881
2012-11-06,351,1197,412327354,21.75513888888889
2012-11-06,351,1197,412327358,17.130277777777778
2012-11-06,351,1197,412327359,1.30875
2012-11-06,351,1197,412327361,1.9604166666666667
2012-11-06,351,1197,412327363,3.837361111111111
2012-11-06,351,1197,412327364,15.304583333333332
2012-11-06,351,1197,412327365,1.5166666666666666
2012-11-06,351,1197,412327366,12.473611111111111
2012-11-06,351,1197,412327371,2.8579166666666671
2012-11-06,351,1197,412327373,1.0094444444444444
2012-11-06,351,1197,412327374,10.593333333333332
2012-11-06,351,257,237538000,1.0623611111111113
2012-11-06,351,258,237538000,1.02
2012-11-06,351,1197,412327382,11.401111111111112
2012-11-06,351,1197,412327384,5.6890277777777776
2012-11-06,351,1197,412327385,5.5494444444444451
2012-11-06,351,1197,412327387,3.8648611111111109
2012-11-06,351,1197,412327388,1.3652777777777778
2012-11-06,351,1197,412327392,3.17625
2012-11-06,351,1197,412327393,9.7604166666666661
2012-11-06,351,1197,412327397,0.76944444444444438
2012-11-06,351,1193,412323306,0.85611111111111116
2012-11-06,351,1197,412327402,2.5820833333333333
2012-11-06,351,1196,412323058,3.965
2012-11-06,351,1196,412323061,1.8794444444444443
2012-11-06,351,1197,412327414,16.371944444444445
2012-11-06,351,1196,412323063,3.5134722222222221
2012-11-06,351,1197,412327416,8.1152777777777771
2012-11-06,607,-70,231081000,9.1634722222222216
2012-11-06,607,-69,231081000,3.1133333333333337
2012-11-06,607,-4,234896000,0.86722222222222234
2012-11-06,607,-70,231321000,1.2779166666666666
2012-11-06,607,-14,235002330,5.6472222222222221
2012-11-06,-417,-613,701000629,0.2122222222222222
2012-11-06,-417,-610,701000629,0.20819444444444446
2012-11-06,-417,-611,701000629,0.62125
2012-11-06,-417,-612,701000629,0.6544444444444445
2012-11-06,-417,-583,701006042,11.790277777777778
2012-11-06,-161,69,431135000,4.4873611111111114
2012-11-06,-161,-1297,412420433,8.82986111111111
2012-11-06,-161,-1301,412420433,10.128611111111111
2012-11-06,-161,-1300,412420433,1.877361111111111
2012-11-06,-161,-1299,412420433,1.3525
2012-11-06,-161,-1298,412420433,1.9861111111111109
2012-11-06,-161,67,431782000,1.9418055555555556
2012-11-06,-161,66,431791000,3.3741666666666665
2012-11-06,-161,72,432226000,3.004027777777778
2012-11-06,-161,86,432226000,0.88763888888888887
2012-11-06,-161,80,432226000,1.5706944444444444
2012-11-06,-161,83,432226000,1.927777777777778
2012-11-06,-161,85,432226000,1.6904166666666665
2012-11-06,-161,60,431457000,4.2472222222222218
2012-11-06,96,-169,224068180,1.8527777777777779
2012-11-06,96,-169,224116330,1.7081944444444446
2012-11-06,352,118,247305540,1.0105555555555554
2012-11-06,352,259,237487000,1.5015277777777778
2012-11-06,352,258,237487000,5.9883333333333333
2012-11-06,352,1295,440101800,8.5054166666666671
2012-11-06,352,1294,440101800,3.1598611111111108
2012-11-06,352,258,237538000,5.6705555555555573
2012-11-06,352,257,237538000,2.1629166666666668
2012-11-06,352,1197,412327385,7.515138888888889
2012-11-06,352,1293,440147930,4.7577777777777772
2012-11-06,352,1196,412327397,8.3869444444444454
2012-11-06,608,1732,273848100,1.5395833333333333
2012-11-06,608,1731,273848100,5.6509722222222223
2012-11-06,608,1734,273848100,1.641388888888889
2012-11-06,608,1730,273848100,5.737222222222222
2012-11-06,608,1733,273848100,1.51
2012-11-06,608,-70,231081000,4.8040277777777778
2012-11-06,608,-71,231081000,0.45125
2012-11-06,608,-1799,273351740,2.2763888888888886
2012-11-06,608,-18,235001170,9.46263888888889
2012-11-06,608,-17,235001170,3.8933333333333331
2012-11-06,608,-15,235001170,18.953888888888891
2012-11-06,608,-16,235001170,10.242916666666666
2012-11-06,608,-70,231321000,5.9994444444444444
2012-11-06,608,-20,235003080,23.612083333333331
2012-11-06,608,-27,233282000,7.1680555555555552
2012-11-06,-416,-579,701000850,4.9343055555555555
2012-11-06,-416,-583,701006042,1.5575
2012-11-06,-416,-581,701006042,4.5748611111111108
2012-11-06,-416,-582,701006042,4.5608333333333331
2012-11-06,-160,62,432319000,5.3815277777777775
2012-11-06,-160,59,431753000,0.86416666666666664
2012-11-06,-160,58,431889000,0.83875
2012-11-06,-160,66,431782000,2.6240277777777776
2012-11-06,-160,64,431750000,4.6051388888888889
2012-11-06,-160,62,432503000,2.3952777777777774
2012-11-06,-160,60,431457000,2.9470833333333335
2012-11-06,353,121,247142940,1.049722222222222
2012-11-06,353,120,247142940,2.3997222222222225
2012-11-06,353,135,247145520,0.54583333333333339
2012-11-06,353,136,247145520,2.9033333333333338
2012-11-06,353,117,247305540,6.0938888888888885
2012-11-06,353,118,247305540,2.9645833333333336
2012-11-06,353,128,247145570,0.21180555555555558
2012-11-06,353,129,247145570,1.02875
2012-11-06,353,250,237958000,1.4579166666666667
2012-11-06,353,251,237958000,1.2801388888888889
2012-11-06,353,257,237487000,0.21097222222222223
2012-11-06,353,258,237487000,7.70888888888889
2012-11-06,353,134,247081890,1.788472222222222
2012-11-06,353,132,247081890,6.4038888888888881
2012-11-06,353,133,247081890,0.25027777777777777
2012-11-06,353,1294,440101800,0.54986111111111113
2012-11-06,353,1295,440101800,13.571111111111112
2012-11-06,353,136,247148210,1.8855555555555554
2012-11-06,353,135,247148210,0.23541666666666666
2012-11-06,353,257,237538000,0.58444444444444443
2012-11-06,353,258,237538000,1.2858333333333334
2012-11-06,353,130,247142880,3.2433333333333332
2012-11-06,353,129,247142880,5.6030555555555539
2012-11-06,609,-5,232148000,8.9543055555555551
2012-11-06,609,-2,232148000,8.7233333333333327
2012-11-06,609,1799,273351740,0.80527777777777776
2012-11-06,609,1798,273351740,3.429583333333333
2012-11-06,609,25,232253000,0.99458333333333337
2012-11-06,609,24,232253000,1.3291666666666666
2012-11-06,609,-70,231321000,0.20027777777777778
2012-11-06,609,-71,231321000,1.5247222222222223
2012-11-06,609,-26,233282000,11.830555555555556
2012-11-06,-159,62,432319000,1.3943055555555555
2012-11-06,-159,59,431753000,1.3915277777777777
2012-11-06,-159,58,431753000,2.9456944444444444
2012-11-06,-159,-1294,412420434,1.786111111111111
2012-11-06,-159,-1292,412420434,2.0356944444444443
2012-11-06,-159,-1295,412420434,3.6715277777777779
2012-11-06,-159,58,431889000,5.1497222222222216
2012-11-06,-159,64,431750000,0.89097222222222228
2012-11-06,-159,65,431791000,4.4933333333333332
2012-11-06,-159,-1231,431704520,0.9094444444444445
2012-11-06,-159,-1232,431704520,0.54041666666666666
2012-11-06,-159,62,432503000,1.3959722222222222
2012-11-06,354,1293,440102400,22.38236111111112
2012-11-06,354,120,247142940,0.79958333333333331
2012-11-06,354,136,247145520,2.2248611111111112
2012-11-06,354,135,247145520,2.4233333333333333
2012-11-06,354,117,247305540,2.0823611111111111
2012-11-06,354,118,247305540,5.3073611111111116
2012-11-06,354,257,247146590,5.6231944444444455
2012-11-06,354,256,247146590,2.6294444444444443
2012-11-06,354,258,247146590,8.1472222222222239
2012-11-06,354,259,247146590,1.9511111111111108
2012-11-06,354,128,247145570,1.4348611111111109
2012-11-06,354,126,247300220,1.2997222222222222
2012-11-06,354,131,247081890,6.5827777777777774
2012-11-06,354,134,247081890,0.94972222222222213
2012-11-06,354,133,247081890,0.52166666666666672
2012-11-06,354,132,247081890,1.6293055555555553
2012-11-06,354,135,247148210,2.4240277777777779
2012-11-06,354,136,247148210,0.44833333333333331
2012-11-06,354,135,247144650,0.21666666666666667
2012-11-06,354,249,237698000,1.5123611111111113
2012-11-06,354,248,237698000,0.22361111111111109
2012-11-06,354,251,237698000,0.41736111111111113
2012-11-06,354,250,237698000,1.7112500000000002
2012-11-06,354,128,247142880,2.0105555555555554
2012-11-06,354,129,247142880,2.161111111111111
2012-11-06,354,130,247142880,1.9729166666666669
2012-11-06,354,126,247142880,0.25291666666666668
2012-11-06,610,-2,232148000,8.6023611111111116
2012-11-06,610,1799,273351740,0.78611111111111109
2012-11-06,610,25,232253000,6.3884722222222212
2012-11-06,610,1742,273810080,5.5965277777777782
2012-11-06,610,1741,273810080,1.5620833333333333
2012-11-06,610,-67,231321000,0.22472222222222221
2012-11-06,610,-68,231321000,0.24972222222222221
2012-11-06,610,1743,273421800,5.3683333333333332
2012-11-06,610,1741,273421800,6.3818055555555562
2012-11-06,610,1742,273421800,8.61638888888889
2012-11-06,-414,-584,701000850,4.9756944444444446
2012-11-06,-158,-1221,432448000,0.52513888888888882
2012-11-06,-158,-1220,432448000,0.3776388888888888
2012-11-06,-158,68,431135000,6.2358333333333329
2012-11-06,-158,-1296,412420434,1.0743055555555556
2012-11-06,-158,-1295,412420434,3.2970833333333331
2012-11-06,-158,-1294,412420434,0.85736111111111113
2012-11-06,-158,-1297,412420434,11.321111111111112
2012-11-06,-158,1729,412420436,5.3866666666666667
2012-11-06,-158,65,431782000,2.37375
2012-11-06,-158,66,431782000,1.4583333333333335
2012-11-06,-158,64,431750000,4.2380555555555555
2012-11-06,-158,65,431791000,0.86388888888888893
2012-11-06,-158,-1232,431704520,0.30805555555555553
2012-11-06,-158,-1231,431704520,0.83777777777777773
2012-11-06,-158,61,432503000,3.7961111111111108
2012-11-06,99,-157,715309184,3.4218055555555558
2012-11-06,99,-159,715309184,11.594166666666666
2012-11-06,99,-160,341059000,1.1559722222222222
2012-11-06,99,-159,341059000,2.4756944444444446
2012-11-06,355,136,247145520,5.0855555555555547
2012-11-06,355,135,247145520,3.7376388888888892
2012-11-06,355,137,247145520,3.504027777777778
2012-11-06,355,138,247145520,0.9161111111111111
2012-11-06,355,134,247147320,0.94041666666666657
2012-11-06,355,133,247147320,0.28444444444444444
2012-11-06,355,118,247305540,1.1966666666666665
2012-11-06,355,257,247146590,2.6177777777777775
2012-11-06,355,256,247146590,1.7930555555555552
2012-11-06,355,135,247148210,2.8090277777777777
2012-11-06,355,136,247148210,11.516944444444444
2012-11-06,355,137,247148210,3.2799999999999994
2012-11-06,355,138,247148210,1.4005555555555556
2012-11-06,355,134,247144650,0.64250000000000007
2012-11-06,355,135,247144650,2.601805555555555
2012-11-06,355,122,247144150,1.6231944444444444
2012-11-06,355,123,247144150,0.72361111111111109
2012-11-06,355,129,247142880,2.822222222222222
2012-11-06,611,1747,273841520,6.4019444444444442
2012-11-06,611,1741,273810080,1.4898611111111111
2012-11-06,611,1742,273810080,15.340277777777779
2012-11-06,611,1744,273421800,1.5365277777777777
2012-11-06,611,1743,273421800,1.6461111111111111
2012-11-06,-157,-1228,432448000,0.89166666666666661
2012-11-06,-157,-1219,432448000,1.6770833333333333
2012-11-06,-157,-1225,432448000,3.2868055555555555
2012-11-06,-157,-1222,432448000,1.4572222222222222
2012-11-06,-157,62,432319000,5.1579166666666669
2012-11-06,-157,65,431782000,2.8331944444444446
2012-11-06,-157,64,431791000,0.85694444444444451
2012-11-06,-157,-1231,431704520,2.2705555555555557
2012-11-06,-157,-1232,431704520,0.82652777777777775
2012-11-06,-157,61,432503000,0.93611111111111112
2012-11-06,100,-159,341060000,2.0851388888888889
2012-11-06,100,-161,341060000,8.2452777777777779
2012-11-06,100,-162,341060000,3.6641666666666666
2012-11-06,100,-160,341060000,6.0533333333333337
2012-11-06,100,-159,341059000,5.2125000000000012
2012-11-06,100,-161,341059000,1.8055555555555556
2012-11-06,100,-158,341059000,0.20430555555555557
2012-11-06,100,-160,341059000,3.9244444444444446
2012-11-06,356,1201,412349465,12.093333333333334
2012-11-06,356,1295,440504130,1.16875
2012-11-06,356,1201,412349519,4.0783333333333331
2012-11-06,356,1200,412349519,1.0466666666666666
2012-11-06,356,1200,412349778,9.239305555555557
2012-11-06,356,1201,412349778,4.2677777777777779
2012-11-06,356,127,247300220,3.6306944444444449
2012-11-06,356,1201,412349326,12.348749999999999
2012-11-06,356,1200,412349339,9.257083333333334
2012-11-06,356,1201,412349339,3.5293055555555553
2012-11-06,356,1201,412349369,2.7741666666666664
2012-11-06,356,1200,412349369,11.131388888888889
2012-11-06,356,1202,412349369,2.0740277777777778
2012-11-06,356,1201,412349377,4.1722222222222225
2012-11-06,356,117,247146950,1.5727777777777778
2012-11-06,356,118,247146950,7.1869444444444444
2012-11-06,356,119,247146950,9.73513888888889
2012-11-06,356,1201,412349639,3.6169444444444445
2012-11-06,356,119,247144150,1.8009722222222222
2012-11-06,356,118,247144150,3.2011111111111115
2012-11-06,356,117,247144150,0.74277777777777776
2012-11-06,356,122,247144150,0.21388888888888891
2012-11-06,356,121,247144150,0.88402777777777775
2012-11-06,356,120,247144150,1.5252777777777777
2012-11-06,356,125,247144150,0.85083333333333333
2012-11-06,612,1748,273841520,1.6479166666666667
2012-11-06,612,1749,273841520,4.1588888888888889
2012-11-06,612,-63,231321000,1.1756944444444444
2012-11-06,612,-64,231321000,0.22597222222222221
2012-11-06,612,207,230941650,3.3851388888888887
2012-11-06,612,12,232007650,31.494166666666665
2012-11-06,-156,-1228,432448000,0.80875
2012-11-06,-156,-1219,432448000,1.4283333333333332
2012-11-06,-156,1729,412420436,1.4654166666666666
2012-11-06,-156,1730,412420436,0.9740277777777776
2012-11-06,-156,65,431782000,0.90138888888888891
2012-11-06,-156,64,431791000,5.1216666666666661
2012-11-06,-156,-1231,431704520,0.90972222222222221
2012-11-06,-156,61,432503000,3.4469444444444441
2012-11-06,101,-161,341060000,1.6091666666666666
2012-11-06,101,-162,341060000,1.9651388888888888
2012-11-06,101,-161,341059000,3.6326388888888888
2012-11-06,101,-162,341059000,1.9805555555555556
2012-11-06,357,1205,412349485,0.21486111111111111
2012-11-06,357,1204,412349505,15.920833333333334
2012-11-06,357,1295,440504130,1.3769444444444443
2012-11-06,357,1296,440504130,1.721111111111111
2012-11-06,357,1218,415090505,8.680416666666666
2012-11-06,357,1202,412349778,6.8066666666666666
2012-11-06,357,126,247300220,3.4484722222222222
2012-11-06,357,125,247300220,3.3443055555555565
2012-11-06,357,127,247300220,3.4322222222222218
2012-11-06,357,1201,412349325,7.1765277777777783
2012-11-06,357,1201,412349326,5.7443055555555551
2012-11-06,357,1202,412349327,8.4204166666666662
2012-11-06,357,1202,412349338,0.40180555555555553
2012-11-06,357,1202,412349339,8.7519444444444456
2012-11-06,357,1202,412349341,14.374166666666667
2012-11-06,357,1204,412349102,4.6954166666666666
2012-11-06,357,1201,412349367,6.9772222222222222
2012-11-06,357,1202,412349369,0.76625
2012-11-06,357,1201,412349369,1.9256944444444444
2012-11-06,357,117,247146950,0.80194444444444435
2012-11-06,357,116,247146950,5.5098611111111113
2012-11-06,357,118,247146950,2.0247222222222221
2012-11-06,357,1202,412349395,1.1348611111111111
2012-11-06,357,1203,412349653,3.6295833333333332
2012-11-06,357,1202,412349653,6.525555555555556
2012-11-06,357,118,247144150,4.8423611111111118
2012-11-06,357,117,247144150,2.0266666666666668
2012-11-06,357,124,247144150,0.90666666666666651
2012-11-06,357,1202,412349398,0.2525
2012-11-06,613,1751,273841520,1.3891666666666667
2012-11-06,613,1750,273841520,9.9008333333333329
2012-11-06,613,186,230002550,6.3815277777777784
2012-11-06,613,-62,231321000,1.0491666666666666
2012-11-06,613,-63,231321000,0.54999999999999993
2012-11-06,613,208,230941650,2.1363888888888889
2012-11-06,613,207,230941650,4.5602777777777774
2012-11-06,-155,-1226,432448000,0.74736111111111114
2012-11-06,-155,-1224,432448000,1.9927777777777778
2012-11-06,-155,-1219,432448000,1.4555555555555557
2012-11-06,-155,67,431135000,1.3220833333333333
2012-11-06,-155,1730,412420436,9.4877777777777776
2012-11-06,-155,64,431782000,3.0859722222222223
2012-11-06,-155,1596,416004246,3.4208333333333334
2012-11-06,-155,-1231,431704520,1.7965277777777779
2012-11-06,-155,-1232,431704520,1.5948611111111111
2012-11-06,102,1782,431053000,1.9940277777777777
2012-11-06,358,116,247142940,2.7979166666666666
2012-11-06,358,1207,412349484,1.3681944444444443
2012-11-06,358,1206,412349484,2.4125
2012-11-06,358,1205,412349484,2.0616666666666665
2012-11-06,358,1206,412349485,7.8052777777777784
2012-11-06,358,1205,412349485,1.6484722222222221
2012-11-06,358,126,247147320,2.3251388888888891
2012-11-06,358,1296,440504130,3.4923611111111108
2012-11-06,358,1216,415090505,8.24
2012-11-06,358,-93,224052840,6.0719444444444441
2012-11-06,358,1202,412349327,4.3965277777777771
2012-11-06,358,1201,412349632,1.0625
2012-11-06,358,1202,412349632,1.7143055555555553
2012-11-06,358,1204,412348883,0.27222222222222225
2012-11-06,358,1203,412348883,8.4079166666666669
2012-11-06,358,1202,412348883,12.634444444444444
2012-11-06,358,1204,412349395,0.40305555555555561
2012-11-06,358,1202,412349395,3.3475
2012-11-06,358,1203,412349395,1.2093055555555554
2012-11-06,358,1202,412349653,1.26
2012-11-06,358,117,247144430,3.081666666666667
2012-11-06,614,1742,273444660,12.88361111111111
2012-11-06,614,1740,273444660,1.5302777777777778
2012-11-06,614,1745,273444660,0.78347222222222224
2012-11-06,614,1743,273444660,3.8129166666666663
2012-11-06,614,1744,273444660,0.80722222222222229
2012-11-06,614,1741,273444660,3.5633333333333335
2012-11-06,614,1753,273847400,6.2356944444444444
2012-11-06,614,1750,273847400,11.161666666666667
2012-11-06,614,1752,273847400,6.4318055555555551
2012-11-06,614,190,230002550,3.11375
2012-11-06,614,189,230002550,4.43875
2012-11-06,614,-81,231440000,4.5490277777777779
2012-11-06,614,-82,231440000,0.3001388888888889
2012-11-06,614,-79,231440000,4.9502777777777789
2012-11-06,614,-80,231440000,2.2509722222222224
2012-11-06,614,-77,231289000,5.4050000000000011
2012-11-06,614,-76,231289000,3.3579166666666671
2012-11-06,614,-78,231289000,0.87416666666666665
2012-11-06,614,-62,231321000,1.3244444444444445
2012-11-06,614,-48,231181000,0.90027777777777773
2012-11-06,614,-49,231181000,1.4525
2012-11-06,614,207,230941650,3.6234722222222224
2012-11-06,614,208,230941650,2.4163888888888887
2012-11-06,-410,-597,701000583,6.4265277777777783
2012-11-06,-410,-582,701000583,1.5541666666666667
2012-11-06,-410,-579,701000583,6.4361111111111109
2012-11-06,-154,-1219,432448000,0.79875000000000007
2012-11-06,-154,-1226,432448000,1.0779166666666666
2012-11-06,-154,67,431135000,2.3541666666666665
2012-11-06,-154,66,431135000,3.7255555555555557
2012-11-06,-154,64,431782000,2.9997222222222222
2012-11-06,-154,-1231,431704520,2.2044444444444444
2012-11-06,103,512,440916000,3.1479166666666667
2012-11-06,103,511,440916000,10.162638888888889
2012-11-06,103,510,440916000,1.2498611111111111
2012-11-06,103,1682,431251000,1.6249999999999998
2012-11-06,103,1681,431251000,0.8
2012-11-06,103,1678,431251000,2.015
2012-11-06,103,1680,431251000,1.9358333333333333
2012-11-06,103,1781,431053000,1.7945833333333332
2012-11-06,103,1783,431053000,1.9302777777777778
2012-11-06,103,1780,431053000,1.5251388888888888
2012-11-06,103,511,441835000,4.2991666666666664
2012-11-06,359,1204,416000007,1.9809722222222221
2012-11-06,359,1203,416000007,0.20333333333333334
2012-11-06,359,116,247142940,1.8666666666666667
2012-11-06,359,1207,412349987,2.118611111111111
2012-11-06,359,1207,412349988,2.2691666666666666
2012-11-06,359,1206,412349988,0.45347222222222222
2012-11-06,359,1208,412349484,0.25638888888888889
2012-11-06,359,1205,412349485,0.20444444444444443
2012-11-06,359,121,247147310,0.79902777777777778
2012-11-06,359,114,247144240,0.75027777777777782
2012-11-06,359,124,247147320,3.9172222222222217
2012-11-06,359,125,247147320,5.9723611111111117
2012-11-06,359,126,247147320,3.2008333333333332
2012-11-06,359,114,247145020,1.148611111111111
2012-11-06,359,1206,412349522,0.20847222222222223
2012-11-06,359,1207,412349522,0.42680555555555555
2012-11-06,359,1207,412349523,0.36972222222222223
2012-11-06,359,-86,224052840,0.27638888888888891
2012-11-06,359,1206,812041331,2.5636111111111113
2012-11-06,359,1206,812041337,2.0880555555555556
2012-11-06,359,1206,812041338,1.2863888888888888
2012-11-06,359,1207,812041339,0.77611111111111108
2012-11-06,359,1206,812041339,1.6509722222222223
2012-11-06,359,1207,412349316,0.21416666666666667
2012-11-06,359,1206,412349316,0.69430555555555551
2012-11-06,359,1206,412349317,0.56
2012-11-06,359,1206,412349332,1.2508333333333335
2012-11-06,359,1207,412349332,0.65680555555555553
2012-11-06,359,1206,412349333,0.57875
2012-11-06,359,1207,412349333,1.2166666666666666
2012-11-06,359,117,247143860,2.7513888888888882
2012-11-06,359,326,271072436,1.4754166666666668
2012-11-06,359,327,271072436,3.2034722222222221
2012-11-06,359,1206,412349365,4.5556944444444447
2012-11-06,359,1206,412349366,3.9875
2012-11-06,359,1203,412349902,1.0211111111111111
2012-11-06,359,1204,412349902,1.6529166666666666
2012-11-06,359,1203,412349904,5.068888888888889
2012-11-06,359,1204,412349904,3.4738888888888892
2012-11-06,359,1206,412349401,5.391805555555556
2012-11-06,359,1204,412349918,1.4290277777777782
2012-11-06,359,118,247144430,1.8508333333333336
2012-11-06,359,120,247144430,3.8386111111111108
2012-11-06,359,121,247144430,3.9313888888888888
2012-11-06,359,117,247144430,1.2762499999999999
2012-11-06,359,119,247144430,3.0004166666666672
2012-11-06,615,208,230987350,18.533749999999998
2012-11-06,615,16,235008110,1.9398611111111113
2012-11-06,615,14,235008110,0.66
2012-11-06,615,15,235008110,10.914583333333335
2012-11-06,615,-82,231440000,0.30027777777777775
2012-11-06,615,-76,231289000,7.7265277777777781
2012-11-06,615,-77,231289000,5.6731944444444444
2012-11-06,615,-78,231289000,0.77444444444444449
2012-11-06,615,1758,273849000,3.0502777777777776
2012-11-06,615,-61,231321000,1.7761111111111112
2012-11-06,615,-60,231321000,0.70083333333333331
2012-11-06,615,-48,231181000,4.0309722222222222
2012-11-06,615,-51,231181000,2.115277777777778
2012-11-06,615,-49,231181000,3.049027777777777
2012-11-06,615,-50,231181000,5.45236111111111
2012-11-06,615,207,230941650,6.85375
2012-11-06,615,208,230941650,0.96611111111111114
2012-11-06,-153,-1219,432448000,2.64
2012-11-06,-153,1596,416004246,1.7043055555555557
2012-11-06,-153,1595,416004246,1.6386111111111112
2012-11-06,104,1676,431251000,1.6865277777777778
2012-11-06,104,1677,431251000,4.93125
2012-11-06,104,1671,431251000,1.5925
2012-11-06,104,1675,431251000,1.3940277777777776
2012-11-06,104,1673,431251000,3.1461111111111113
2012-11-06,104,1672,431251000,0.9
2012-11-06,104,1674,431251000,1.7694444444444444
2012-11-06,104,1779,431053000,2.462361111111111
2012-11-06,360,1203,416000007,0.83416666666666661
2012-11-06,360,1204,416000007,0.21819444444444444
2012-11-06,360,113,247058200,5.5784722222222225
2012-11-06,360,115,247142940,1.6099999999999999
2012-11-06,360,116,247142940,0.675
2012-11-06,360,349,247145250,1.2743055555555558
2012-11-06,360,348,247145250,12.954166666666666
2012-11-06,360,1206,412349988,0.22972222222222222
2012-11-06,360,1207,412349988,1.310138888888889
2012-11-06,360,1207,412349484,2.1072222222222226
2012-11-06,360,1208,412349484,5.0056944444444449
2012-11-06,360,1208,412349485,6.13875
2012-11-06,360,1207,412349485,0.60555555555555562
2012-11-06,360,120,247147310,5.9413888888888895
2012-11-06,360,119,247147310,6.08861111111111
2012-11-06,360,121,247147310,6.1841666666666688
2012-11-06,360,118,247147310,0.91708333333333336
2012-11-06,360,114,247144240,4.5258333333333329
2012-11-06,360,124,247147320,0.21513888888888888
2012-11-06,360,114,247145020,0.74916666666666665
2012-11-06,360,126,247142720,4.2148611111111114
2012-11-06,360,124,247142720,0.62874999999999992
2012-11-06,360,125,247142720,3.915972222222222
2012-11-06,360,1202,412327242,5.3176388888888875
2012-11-06,360,120,247141200,1.1265277777777778
2012-11-06,360,1206,412349522,1.4961111111111109
2012-11-06,360,1208,412349522,1.4888888888888887
2012-11-06,360,1207,412349522,10.140833333333331
2012-11-06,360,1207,412349523,12.29638888888889
2012-11-06,360,1206,412349523,2.8019444444444446
2012-11-06,360,-89,224052840,6.2084722222222224
2012-11-06,360,-86,224052840,1.3520833333333333
2012-11-06,360,1207,812041331,0.64013888888888881
2012-11-06,360,1207,812041337,2.0047222222222221
2012-11-06,360,1206,812041338,0.11611111111111111
2012-11-06,360,1205,812041339,0.23777777777777778
2012-11-06,360,1208,812041339,2.4743055555555555
2012-11-06,360,1207,812041339,7.1615277777777768
2012-11-06,360,1208,412349316,5.5780555555555544
2012-11-06,360,1206,412349316,1.6015277777777777
2012-11-06,360,1207,412349316,6.4283333333333328
2012-11-06,360,1207,412349317,7.1555555555555541
2012-11-06,360,1206,412349317,1.9204166666666667
2012-11-06,360,326,271072654,2.5281944444444449
2012-11-06,360,325,271072654,11.90486111111111
2012-11-06,360,327,271072654,0.5247222222222222
2012-11-06,360,1207,412349332,1.7472222222222222
2012-11-06,360,1207,412349333,1.8943055555555557
2012-11-06,360,1206,412349344,3.4288888888888893
2012-11-06,360,1207,412349344,12.618611111111111
2012-11-06,360,1206,412349345,3.7004166666666669
2012-11-06,360,1208,412349345,1.0459722222222223
2012-11-06,360,1207,412349345,14.57125
2012-11-06,360,1207,812041379,0.30319444444444443
2012-11-06,360,120,247139500,0.74930555555555556
2012-11-06,360,116,247143860,0.70430555555555552
2012-11-06,360,117,247143860,1.639861111111111
2012-11-06,360,326,271072436,1.901111111111111
2012-11-06,360,1208,412349365,0.42291666666666666
2012-11-06,360,1207,412349365,4.3647222222222215
2012-11-06,360,1207,412349366,5.8738888888888887
2012-11-06,360,1208,412349366,0.60430555555555565
2012-11-06,360,115,247143620,11.680138888888891
2012-11-06,360,113,247143620,2.7055555555555557
2012-11-06,360,1204,412349902,0.20208333333333334
2012-11-06,360,119,247149010,3.5199999999999996
2012-11-06,360,118,247149010,3.7861111111111105
2012-11-06,360,120,247149010,4.32625
2012-11-06,360,122,247149010,2.11875
2012-11-06,360,117,247149010,2.650694444444444
2012-11-06,360,121,247149010,3.4762500000000003
2012-11-06,360,152,247121880,4.4545833333333338
2012-11-06,360,1208,412349401,0.58208333333333329
2012-11-06,360,1207,412349401,4.18
2012-11-06,360,1203,412349918,0.92041666666666677
2012-11-06,360,1204,412349918,0.41916666666666669
2012-11-06,360,121,247144430,0.88347222222222221
2012-11-06,360,120,247144430,1.6988888888888889
2012-11-06,616,14,232008020,1.4237499999999998
2012-11-06,616,15,232008020,1.1101388888888888
2012-11-06,616,13,232008020,0.22027777777777779
2012-11-06,616,16,235008110,0.24444444444444444
2012-11-06,616,15,235008110,3.3073611111111116
2012-11-06,616,14,235008110,6.8811111111111121
2012-11-06,616,1759,273849000,10.250416666666666
2012-11-06,616,1758,273849000,6.5748611111111108
2012-11-06,616,1760,273849000,3.9247222222222224
2012-11-06,616,-60,231321000,0.24986111111111112
2012-11-06,616,-51,231181000,4.1197222222222223
2012-11-06,616,-48,231181000,0.7072222222222222
2012-11-06,616,-10,235004110,3.8768055555555554
2012-11-06,616,-11,235004110,14.895833333333334
2012-11-06,616,-606,316013290,6.4386111111111113
2012-11-06,-152,1593,416004246,3.6268055555555554
2012-11-06,-152,1594,416004246,1.8655555555555554
2012-11-06,-152,1596,416004246,5.4318055555555551
2012-11-06,-152,-1231,431704520,2.3165277777777775
2012-11-06,-152,-1232,431704520,1.949861111111111
2012-11-06,105,512,440916000,2.8081944444444447
2012-11-06,105,1671,431251000,1.8751388888888889
2012-11-06,105,1776,431053000,1.8190277777777775
2012-11-06,105,1775,431053000,1.7695833333333333
2012-11-06,105,1777,431053000,1.9491666666666667
2012-11-06,105,1778,431053000,1.4983333333333333
2012-11-06,105,1780,431053000,1.7084722222222224
2012-11-06,361,113,247058200,4.9006944444444445
2012-11-06,361,114,247058200,0.81777777777777771
2012-11-06,361,115,247142940,0.27555555555555555
2012-11-06,361,1208,412349484,8.2497222222222231
2012-11-06,361,113,247144240,3.8093055555555559
2012-11-06,361,112,247144240,1.8493055555555553
2012-11-06,361,125,247142720,3.5938888888888885
2012-11-06,361,126,247142720,1.316111111111111
2012-11-06,361,124,247142720,2.3544444444444448
2012-11-06,361,118,247141200,0.48597222222222225
2012-11-06,361,120,247141200,0.57180555555555557
2012-11-06,361,119,247141200,2.0340277777777778
2012-11-06,361,1209,412349522,2.7701388888888889
2012-11-06,361,1208,412349522,6.6911111111111117
2012-11-06,361,1207,412349522,0.46222222222222226
2012-11-06,361,1207,412349523,0.51444444444444448
2012-11-06,361,1208,812041339,4.1070833333333336
2012-11-06,361,1208,412349316,1.5836111111111113
2012-11-06,361,1208,412349317,4.7144444444444442
2012-11-06,361,1207,412349329,6.8483333333333327
2012-11-06,361,1208,412349329,0.95305555555555554
2012-11-06,361,343,247146130,7.0408333333333335
2012-11-06,361,346,247146130,1.6906944444444445
2012-11-06,361,344,247146130,7.693888888888889
2012-11-06,361,345,247146130,7.5138888888888893
2012-11-06,361,1208,412349344,5.3762500000000006
2012-11-06,361,1208,412349345,2.3625
2012-11-06,361,1207,812041379,1.3231944444444443
2012-11-06,361,1208,812041379,0.18416666666666667
2012-11-06,361,120,247139500,3.3498611111111116
2012-11-06,361,116,247143860,2.273194444444445
2012-11-06,361,1207,412349365,2.855833333333333
2012-11-06,361,1208,412349365,8.89625
2012-11-06,361,1208,412349366,6.7593055555555557
2012-11-06,361,1207,412349366,3.2618055555555561
2012-11-06,361,154,247121850,3.7272222222222222
2012-11-06,361,153,247121850,1.5338888888888891
2012-11-06,361,113,247143620,7.3551388888888907
2012-11-06,361,114,247143620,1.4731944444444443
2012-11-06,361,115,247143620,0.92694444444444446
2012-11-06,361,117,247149010,2.5530555555555554
2012-11-06,361,152,247121880,8.3047222222222228
2012-11-06,361,1208,412349401,5.281944444444445
2012-11-06,361,1207,412349401,7.5911111111111111
2012-11-06,361,343,247304930,2.2258333333333331
2012-11-06,361,344,247304930,8.2668055555555569
2012-11-06,361,345,247304930,5.121944444444444
2012-11-06,361,346,247304930,8.2600000000000016
2012-11-06,617,13,232008020,6.7463888888888892
2012-11-06,617,14,232008020,0.52541666666666664
2012-11-06,617,-47,231343000,6.3665277777777787
2012-11-06,617,1756,440025000,0.77555555555555555
2012-11-06,617,-59,231107000,2.8662499999999995
2012-11-06,617,-58,231107000,0.62152777777777779
2012-11-06,617,-9,235004110,8.6472222222222221
2012-11-06,617,-606,316013290,3.8569444444444443
2012-11-06,617,1779,273358840,8.6438888888888883
2012-11-06,-151,-1219,432448000,6.0366666666666653
2012-11-06,-151,-1232,431704520,2.7620833333333334
2012-11-06,106,512,440916000,4.2718055555555559
2012-11-06,106,1775,431053000,1.9943055555555556
2012-11-06,106,1777,431053000,1.5838888888888889
2012-11-06,106,1773,431053000,1.7555555555555555
2012-11-06,106,511,441835000,2.7930555555555561
2012-11-06,362,114,247058200,2.11625
2012-11-06,362,114,247144240,2.9899999999999998
2012-11-06,362,113,247144240,3.420555555555556
2012-11-06,362,125,247142720,0.25583333333333336
2012-11-06,362,124,247142720,0.6906944444444445
2012-11-06,362,112,247151690,3.6768055555555557
2012-11-06,362,118,247141200,0.64444444444444449
2012-11-06,362,116,247143860,1.2759722222222223
2012-11-06,362,115,247143860,1.07625
2012-11-06,362,153,247121850,3.47375
2012-11-06,362,113,247143620,0.25013888888888891
2012-11-06,362,114,247143620,6.2531944444444454
2012-11-06,362,135,247144650,0.69555555555555548
2012-11-06,362,134,247144650,2.1827777777777775
2012-11-06,362,133,247144650,3.6059722222222228
2012-11-06,362,117,247149010,1.27375
2012-11-06,362,152,247121880,2.5243055555555554
2012-11-06,618,1763,440794000,2.7704166666666667
2012-11-06,618,-47,231343000,7.1952777777777781
2012-11-06,618,1758,440025000,2.3190277777777779
2012-11-06,618,1756,440025000,4.8609722222222222
2012-11-06,618,1759,440025000,2.4190277777777776
2012-11-06,618,1760,440025000,1.5538888888888889
2012-11-06,618,1757,440025000,4.168333333333333
2012-11-06,618,-607,316013290,1.4998611111111111
2012-11-06,618,1778,273358840,12.709305555555556
2012-11-06,618,1777,273358840,2.314861111111111
2012-11-06,-150,1597,416004246,5.7945833333333336
2012-11-06,-150,-1190,432367000,1.7015277777777778
2012-11-06,-150,-1234,431704520,5.0530555555555559
2012-11-06,107,511,440916000,1.8302777777777779
2012-11-06,107,511,441835000,0.89597222222222217
2012-11-06,363,112,247144240,4.0811111111111105
2012-11-06,363,113,247144240,0.77402777777777776
2012-11-06,363,112,247151690,12.632500000000002
2012-11-06,363,111,247151690,3.0827777777777774
2012-11-06,363,121,247152010,12.889305555555556
2012-11-06,363,122,247152010,3.9779166666666668
2012-11-06,363,120,247139500,1.6872222222222222
2012-11-06,363,115,247143860,4.050416666666667
2012-11-06,363,154,247121850,1.3661111111111111
2012-11-06,363,153,247121850,8.3781944444444445
2012-11-06,363,114,247143620,0.82513888888888887
2012-11-06,363,133,247144650,0.553611111111111
2012-11-06,363,131,247144650,1.601388888888889
2012-11-06,363,132,247144650,1.6284722222222223
2012-11-06,363,153,247121880,2.5270833333333331
2012-11-06,363,154,247121880,3.4741666666666671
2012-11-06,619,-44,231134000,2.9358333333333331
2012-11-06,619,-45,231134000,8.3481944444444434
2012-11-06,619,-46,231134000,2.5091666666666668
2012-11-06,619,1764,440794000,2.6234722222222224
2012-11-06,619,1766,440794000,12.875416666666668
2012-11-06,619,1763,440794000,0.77902777777777776
2012-11-06,619,1765,440794000,3.1055555555555556
2012-11-06,619,1767,440794000,1.5526388888888889
2012-11-06,619,-46,231343000,7.6056944444444445
2012-11-06,619,1762,440025000,2.3220833333333335
2012-11-06,619,1760,440025000,0.79
2012-11-06,619,1759,440025000,1.8926388888888885
2012-11-06,619,1761,440025000,2.32625
2012-11-06,619,-606,316323000,1.2543055555555556
2012-11-06,619,-605,316323000,1.7856944444444445
2012-11-06,619,-401,257563600,11.860555555555557
2012-11-06,619,-607,316013290,1.5084722222222222
2012-11-06,-149,-1190,432367000,0.35222222222222221
2012-11-06,-149,-1191,432367000,0.56138888888888894
2012-11-06,108,-171,616807000,3.49125
2012-11-06,364,112,247151690,3.2302777777777782
2012-11-06,364,276,247142770,5.5459722222222219
2012-11-06,364,277,247142770,3.2522222222222226
2012-11-06,364,116,247143860,3.6005555555555557
2012-11-06,364,115,247143860,0.21777777777777779
2012-11-06,364,153,247121850,1.3997222222222221
2012-11-06,364,154,247121850,3.134722222222222
2012-11-06,364,154,247121880,1.4736111111111112
2012-11-06,620,-64,231316000,3.478194444444445
2012-11-06,620,-65,231316000,0.20319444444444446
2012-11-06,620,-43,231134000,5.2715277777777771
2012-11-06,620,-45,231134000,4.5394444444444444
2012-11-06,620,7,232008020,10.147777777777778
2012-11-06,620,9,232008020,3.1138888888888889
2012-11-06,620,52,259131000,3.674722222222222
2012-11-06,620,51,259131000,1.1863888888888889
2012-11-06,620,-46,231343000,3.3976388888888889
2012-11-06,620,-605,316323000,6.4577777777777783
2012-11-06,620,-606,316323000,1.5459722222222223
2012-11-06,620,-401,257563600,7.1716666666666669
2012-11-06,620,-47,231105000,0.86486111111111108
2012-11-06,620,-607,316013290,3.1
2012-11-06,109,-171,616807000,3.9824999999999995
2012-11-06,365,1222,800013615,0.27416666666666667
2012-11-06,365,-113,263271000,7.0304166666666665
2012-11-06,365,-116,263271000,1.4641666666666668
2012-11-06,365,-117,263271000,1.4143055555555555
2012-11-06,365,275,247142770,7.2804166666666692
2012-11-06,365,274,247142770,2.2675
2012-11-06,365,276,247142770,5.1072222222222212
2012-11-06,365,359,271066002,7.2602777777777776
2012-11-06,365,360,271066002,6.98125
2012-11-06,365,116,247143580,1.5423611111111111
2012-11-06,365,117,247143860,1.1995833333333334
2012-11-06,365,116,247143860,0.85083333333333333
2012-11-06,365,358,271072501,4.3051388888888891
2012-11-06,365,359,271072501,1.7469444444444444
2012-11-06,365,360,271072501,0.776388888888889
2012-11-06,621,-64,231316000,18.958333333333332
2012-11-06,621,-405,331208000,1.5370833333333334
2012-11-06,621,-406,331208000,6.375
2012-11-06,621,-41,231364000,5.4143055555555559
2012-11-06,621,-40,231364000,9.5077777777777772
2012-11-06,621,-606,316323000,1.5709722222222222
2012-11-06,621,1773,273810110,5.2298611111111111
2012-11-06,621,1776,273810110,1.95
2012-11-06,621,1774,273810110,7.1695833333333336
2012-11-06,621,1775,273810110,9.4366666666666674
2012-11-06,621,-42,231180000,20.455555555555556
2012-11-06,621,-41,231180000,2.3444444444444446
2012-11-06,621,-47,231105000,1.7747222222222225
2012-11-06,621,-608,316013290,6.3831944444444444
2012-11-06,621,-62,231051000,0.69819444444444445
2012-11-06,621,-63,231051000,3.5131944444444447
2012-11-06,621,-64,231051000,2.8059722222222221
2012-11-06,621,-65,231051000,3.8672222222222228
2012-11-06,-147,-1232,431482000,0.89986111111111111
2012-11-06,-147,-1191,432367000,1.3823611111111112
2012-11-06,110,-171,616807000,1.5273611111111112
2012-11-06,110,-172,616807000,1.9748611111111112
2012-11-06,366,1223,412326146,0.23222222222222222
2012-11-06,366,-35,224297770,0.49986111111111109
2012-11-06,366,-36,224297770,4.1640277777777781
2012-11-06,366,-37,224297770,2.8173611111111114
2012-11-06,366,-38,224297770,0.45777777777777773
2012-11-06,366,-34,224297770,2.2973611111111114
2012-11-06,366,-115,263271000,2.6195833333333334
2012-11-06,366,-114,263271000,5.1231944444444446
2012-11-06,366,-118,263271000,5.2597222222222229
2012-11-06,366,-318,224295000,2.4419444444444443
2012-11-06,366,-21,224305280,6.80375
2012-11-06,366,1220,412322182,0.50527777777777783
2012-11-06,366,358,271066002,3.5966666666666667
2012-11-06,366,1221,412008083,9.5445833333333336
2012-11-06,366,1220,412008083,7.1444444444444457
2012-11-06,366,116,247143580,4.5180555555555557
2012-11-06,366,248,237004000,0.6166666666666667
2012-11-06,366,250,237004000,0.66027777777777785
2012-11-06,366,249,237004000,5.165277777777777
2012-11-06,366,360,271072501,3.8806944444444444
2012-11-06,366,1223,412321533,6.8331944444444446
2012-11-06,622,-405,331208000,9.4656944444444449
2012-11-06,622,-404,331208000,1.5708333333333333
2012-11-06,622,-41,231364000,8.69361111111111
2012-11-06,622,1776,441870000,5.7822222222222228
2012-11-06,622,1779,441870000,6.5384722222222225
2012-11-06,622,1778,441870000,9.5429166666666667
2012-11-06,622,1777,441870000,1.525
2012-11-06,622,-604,316323000,1.5161111111111112
2012-11-06,622,-43,231159000,1.2025
2012-11-06,622,-44,231159000,2.1475
2012-11-06,622,-45,231159000,0.675138888888889
2012-11-06,622,-38,231084000,9.9333333333333336
2012-11-06,622,-47,231105000,1.2519444444444445
2012-11-06,622,-45,231105000,2.0975
2012-11-06,622,-46,231105000,2.9452777777777781
2012-11-06,622,-48,231105000,1.275
2012-11-06,622,-49,231105000,0.24972222222222223
2012-11-06,622,-608,316013290,3.0694444444444446
2012-11-06,-146,-1232,431482000,1.3038888888888889
2012-11-06,-146,-1233,431482000,0.85152777777777788
2012-11-06,111,-171,616807000,3.0949999999999998
2012-11-06,111,-172,616807000,1.9593055555555556
2012-11-06,111,-171,616999035,5.0027777777777773
2012-11-06,367,1224,412333569,11.809583333333336
2012-11-06,367,1225,412213512,2.9008333333333334
2012-11-06,367,1224,412320024,1.0531944444444445
2012-11-06,367,1226,800019488,0.11708333333333333
2012-11-06,367,1221,412705568,4.4747222222222218
2012-11-06,367,-37,224297770,0.77499999999999991
2012-11-06,367,-36,224297770,0.225
2012-11-06,367,1221,412705332,6.7152777777777768
2012-11-06,367,1224,412325175,0.8486111111111112
2012-11-06,367,1223,412325175,0.20416666666666666
2012-11-06,367,1221,110701124,12.00375
2012-11-06,367,1225,412321352,0.1825
2012-11-06,367,1224,8072781,1.6601388888888888
2012-11-06,367,1221,415091028,4.1190277777777773
2012-11-06,367,1220,412705622,3.3951388888888889
2012-11-06,367,1221,412705623,0.70777777777777784
2012-11-06,367,-318,224295000,0.78555555555555556
2012-11-06,367,-317,224295000,1.8018055555555557
2012-11-06,367,-79,263406940,0.69875
2012-11-06,367,-81,263406940,0.75958333333333328
2012-11-06,367,-80,263406940,2.225
2012-11-06,367,-85,263402350,1.674722222222222
2012-11-06,367,-84,263402350,0.45
2012-11-06,367,1220,412324985,0.24583333333333332
2012-11-06,367,1221,412054398,5.5372222222222236
2012-11-06,367,1225,412881030,1.5298611111111111
2012-11-06,367,-85,263578000,1.4655555555555555
2012-11-06,367,-83,263578000,0.91361111111111115
2012-11-06,367,-84,263578000,2.3758333333333335
2012-11-06,367,-86,263578000,0.41513888888888889
2012-11-06,367,1221,412008083,0.716388888888889
2012-11-06,367,1220,412008083,3.5675
2012-11-06,367,116,247143580,3.4730555555555558
2012-11-06,367,117,247143580,0.64569444444444446
2012-11-06,367,115,247143580,1.2847222222222221
2012-11-06,367,1221,800010143,18.688888888888876
2012-11-06,367,1222,800010143,2.717222222222222
2012-11-06,367,-26,225943970,0.77527777777777773
2012-11-06,367,1225,412881078,1.872638888888889
2012-11-06,367,1221,412665533,8.7429166666666642
2012-11-06,367,1221,800004542,4.6758333333333342
2012-11-06,367,1225,412881088,1.5843055555555559
2012-11-06,367,1224,412881088,0.25194444444444447
2012-11-06,367,1221,800004053,9.0804166666666681
2012-11-06,367,1225,412587999,2.6952777777777781
2012-11-06,367,250,237004000,1.4665277777777777
2012-11-06,367,251,237004000,0.4127777777777778
2012-11-06,367,252,237004000,7.0240277777777775
2012-11-06,367,1225,558558699,1.2901388888888889
2012-11-06,367,1221,9021937,2.8213888888888885
2012-11-06,367,124,247147510,1.0575
2012-11-06,367,125,247147510,0.86291666666666678
2012-11-06,367,1224,412321533,2.5731944444444443
2012-11-06,623,-404,331208000,3.1223611111111111
2012-11-06,623,-508,331119000,1.5543055555555556
2012-11-06,623,-507,331119000,2.2863888888888888
2012-11-06,623,-604,316323000,1.55375
2012-11-06,623,-47,231159000,0.225
2012-11-06,623,-46,231159000,0.42472222222222222
2012-11-06,623,-49,231105000,1.3487500000000001
2012-11-06,623,-50,231105000,0.70013888888888887
2012-11-06,-145,-1232,431482000,1.8074999999999999
2012-11-06,-145,-1233,431482000,0.825
2012-11-06,112,-172,616807000,2.9544444444444449
2012-11-06,112,-171,616807000,4.2544444444444451
2012-11-06,112,-172,616999035,2.0080555555555555
2012-11-06,112,-171,616999035,3.6281944444444445
2012-11-06,368,1225,412213512,2.5620833333333333
2012-11-06,368,273,240426000,0.54958333333333331
2012-11-06,368,1224,223456789,15.984444444444446
2012-11-06,368,1224,412320797,0.64847222222222223
2012-11-06,368,1225,412705310,6.1311111111111112
2012-11-06,368,1225,110706739,7.2002777777777789
2012-11-06,368,1221,412705332,8.4905555555555559
2012-11-06,368,1221,110701124,7.3691666666666675
2012-11-06,368,1225,412321352,0.30874999999999997
2012-11-06,368,1220,412705622,13.125416666666666
2012-11-06,368,1221,412705622,1.9422222222222223
2012-11-06,368,1221,412705623,0.32138888888888889
2012-11-06,368,-315,224295000,3.98875
2012-11-06,368,-318,224295000,1.6470833333333332
2012-11-06,368,-78,263406940,0.29888888888888887
2012-11-06,368,-79,263406940,4.3038888888888884
2012-11-06,368,-88,263402350,0.43666666666666665
2012-11-06,368,-87,263402350,9.5358333333333309
2012-11-06,368,-84,263402350,0.84333333333333327
2012-11-06,368,-86,263402350,1.6583333333333334
2012-11-06,368,-85,263402350,1.6638888888888888
2012-11-06,368,-85,263407470,3.6940277777777784
2012-11-06,368,-86,263407470,1.2318055555555554
2012-11-06,368,-83,263407470,5.3331944444444446
2012-11-06,368,-84,263407470,8.44888888888889
2012-11-06,368,-118,263413870,17.799305555555556
2012-11-06,368,1225,412320114,0.46611111111111114
2012-11-06,368,1220,412324984,0.59541666666666671
2012-11-06,368,1220,412324985,0.25777777777777777
2012-11-06,368,1221,412324484,0.42694444444444446
2012-11-06,368,-83,263578000,0.63638888888888889
2012-11-06,368,-86,263578000,1.8566666666666665
2012-11-06,368,-84,263578000,4.4070833333333335
2012-11-06,368,-85,263578000,6.0666666666666664
2012-11-06,368,1221,120872088,0.20819444444444446
2012-11-06,368,116,247143580,0.22722222222222221
2012-11-06,368,-105,263418780,4.6379166666666674
2012-11-06,368,-252,204206750,0.6315277777777778
2012-11-06,368,-253,204206750,1.4798611111111113
2012-11-06,368,1221,800010143,0.25083333333333335
2012-11-06,368,1222,800010143,0.47972222222222222
2012-11-06,368,1227,412555688,2.2608333333333333
2012-11-06,368,1224,412321965,0.76
2012-11-06,368,1221,412665533,3.6072222222222226
2012-11-06,368,1221,800004542,1.5880555555555556
2012-11-06,368,-90,263410880,2.4994444444444444
2012-11-06,368,-91,263410880,2.2254166666666664
2012-11-06,368,-89,263410880,0.6843055555555555
2012-11-06,368,128,247143370,1.3731944444444444
2012-11-06,368,1221,800004053,6.340694444444444
2012-11-06,368,1225,412326358,1.1591666666666667
2012-11-06,368,1221,800010718,0.6431944444444444
2012-11-06,368,1225,412587999,2.7731944444444445
2012-11-06,368,251,237004000,0.61930555555555555
2012-11-06,368,250,237004000,2.92125
2012-11-06,368,249,237004000,3.3826388888888892
2012-11-06,368,1224,412321769,0.2401388888888889
2012-11-06,368,-80,263406570,2.6911111111111108
2012-11-06,368,-82,263406570,2.934166666666667
2012-11-06,368,-84,263406570,5.6274999999999986
2012-11-06,368,-83,263406570,2.3113888888888887
2012-11-06,368,-85,263406570,4.3594444444444447
2012-11-06,368,-81,263406570,3.6577777777777776
2012-11-06,368,124,247147510,1.1883333333333332
2012-11-06,368,122,247147510,1.106111111111111
2012-11-06,368,123,247147510,1.7929166666666667
2012-11-06,368,125,247147510,1.2723611111111111
2012-11-06,368,127,247147510,0.42930555555555555
2012-11-06,368,126,247147510,2.3690277777777777
2012-11-06,624,-405,331208000,1.5277777777777777
2012-11-06,624,-604,316323000,6.4047222222222224
2012-11-06,624,-42,231084000,4.2013888888888893
2012-11-06,624,-43,231084000,7.1276388888888889
2012-11-06,624,-45,231084000,4.7913888888888883
2012-11-06,624,-51,231105000,1.4330555555555557
2012-11-06,624,-50,231105000,0.5740277777777778
2012-11-06,-144,-1233,431482000,3.127361111111111
2012-11-06,-144,-1191,432367000,1.8733333333333335
2012-11-06,113,-171,616807000,2.3038888888888889
2012-11-06,113,-172,616999035,1.5340277777777778
2012-11-06,369,271,240426000,1.3031944444444443
2012-11-06,369,273,240426000,3.8734722222222224
2012-11-06,369,270,237876000,5.5254166666666666
2012-11-06,369,271,237876000,0.6002777777777778
2012-11-06,369,-106,263418780,4.1887500000000006
2012-11-06,369,-253,204206750,0.2038888888888889
2012-11-06,369,-76,263236000,6.7436111111111119
2012-11-06,369,-75,263236000,7.1194444444444427
2012-11-06,369,-74,263236000,0.67694444444444446
2012-11-06,369,-77,263236000,1.6254166666666667
2012-11-06,369,-91,263410880,0.24986111111111109
2012-11-06,369,-89,263410880,0.47541666666666665
2012-11-06,369,-88,263410880,1.7406944444444445
2012-11-06,369,151,247300040,0.70958333333333334
2012-11-06,369,128,247143370,2.8251388888888891
2012-11-06,369,129,247143370,0.65486111111111112
2012-11-06,369,1226,820040917,0.57319444444444434
2012-11-06,369,248,237654000,0.42805555555555558
2012-11-06,369,126,247147510,1.7201388888888891
2012-11-06,369,127,247147510,0.21347222222222223
2012-11-06,369,122,247147510,0.21458333333333335
2012-11-06,625,-55,231145000,0.50055555555555553
2012-11-06,625,-54,231145000,0.24958333333333332
2012-11-06,625,-56,231145000,0.29958333333333331
2012-11-06,625,-507,331119000,2.2680555555555557
2012-11-06,625,-51,231150000,0.60000000000000009
2012-11-06,625,-53,231150000,7.2369444444444442
2012-11-06,625,-54,231150000,1.0143055555555556
2012-11-06,625,-52,231150000,2.7581944444444448
2012-11-06,625,-50,231150000,0.23249999999999998
2012-11-06,625,-53,231105000,0.75097222222222215
2012-11-06,625,-54,231105000,1.0970833333333334
2012-11-06,625,-52,231105000,0.85375
2012-11-06,625,-58,231105000,0.778888888888889
2012-11-06,625,-57,231105000,0.7993055555555556
2012-11-06,625,-55,231105000,0.89361111111111113
2012-11-06,625,-51,231105000,0.30000000000000004
2012-11-06,625,-56,231105000,0.8076388888888888
2012-11-06,-399,-563,701000778,4.8019444444444446
2012-11-06,-143,-1233,431482000,3.403888888888889
2012-11-06,-143,-1319,412420792,4.1459722222222224
2012-11-06,-143,-1320,412420792,1.8066666666666666
2012-11-06,114,-172,616999035,0.96333333333333337
2012-11-06,114,-1779,431700970,0.97902777777777772
2012-11-06,370,1226,800007694,2.6880555555555561
2012-11-06,370,1227,800007694,7.7355555555555569
2012-11-06,370,270,240426000,3.4541666666666666
2012-11-06,370,271,240426000,0.99958333333333338
2012-11-06,370,247,237418000,1.5612499999999998
2012-11-06,370,-75,263408670,4.3002777777777776
2012-11-06,370,271,237876000,3.4984722222222224
2012-11-06,370,270,237876000,1.1658333333333335
2012-11-06,370,1226,810080290,0.68055555555555558
2012-11-06,370,-313,224295000,4.2795833333333331
2012-11-06,370,-316,224295000,2.5666666666666664
2012-11-06,370,1226,800000873,0.88555555555555565
2012-11-06,370,1225,800000873,0.88263888888888875
2012-11-06,370,1226,412325014,0.3790277777777778
2012-11-06,370,-103,263418780,4.2279166666666663
2012-11-06,370,-104,263418780,2.5783333333333331
2012-11-06,370,129,247144390,1.4565277777777776
2012-11-06,370,128,247144390,1.3011111111111111
2012-11-06,370,129,247143370,1.8836111111111109
2012-11-06,370,128,247143370,1.0495833333333335
2012-11-06,370,271,271072970,2.4501388888888891
2012-11-06,370,1226,412325589,0.43680555555555556
2012-11-06,370,1226,820040917,0.67222222222222228
2012-11-06,370,247,237654000,0.88944444444444448
2012-11-06,370,125,247147510,0.21305555555555555
2012-11-06,370,126,247147510,2.4154166666666668
2012-11-06,626,-57,231145000,7.6809722222222234
2012-11-06,626,-56,231145000,2.5986111111111114
2012-11-06,626,-58,231145000,8.5294444444444455
2012-11-06,626,-53,231133000,0.29944444444444446
2012-11-06,626,-56,231133000,1.0261111111111112
2012-11-06,626,-54,231150000,5.33388888888889
2012-11-06,626,-55,231150000,4.3016666666666667
2012-11-06,626,-61,231159000,0.49930555555555556
2012-11-06,626,-62,231159000,0.55
2012-11-06,626,-60,231159000,0.29958333333333331
2012-11-06,626,-61,231105000,0.58902777777777782
2012-11-06,626,-59,231105000,0.87138888888888877
2012-11-06,626,-62,231105000,0.32527777777777778
2012-11-06,626,-60,231105000,0.91055555555555545
2012-11-06,-142,-1320,412420792,1.0738888888888889
2012-11-06,-142,-1323,412420792,2.7894444444444439
2012-11-06,-142,-1318,412420792,1.8190277777777779
2012-11-06,115,-174,616999035,0.75097222222222215
2012-11-06,115,-171,616999035,0.73763888888888884
2012-11-06,115,-173,616999035,1.0552777777777778
2012-11-06,371,247,237418000,2.1538888888888885
2012-11-06,371,250,237418000,0.81972222222222224
2012-11-06,371,249,237418000,2.0654166666666667
2012-11-06,371,270,237876000,3.6523611111111114
2012-11-06,371,273,271072562,12.17
2012-11-06,371,-17,224132420,0.77402777777777776
2012-11-06,371,1228,415001158,8.18902777777778
2012-11-06,371,274,271062090,13.252777777777778
2012-11-06,371,274,271062091,3.1173611111111112
2012-11-06,371,273,271062091,0.87361111111111112
2012-11-06,371,272,271062137,1.6502777777777777
2012-11-06,371,274,271062137,12.754444444444445
2012-11-06,371,1228,412328843,3.2709722222222219
2012-11-06,371,-337,224250000,0.99041666666666672
2012-11-06,371,-336,224250000,2.4658333333333333
2012-11-06,371,-335,224250000,1.5788888888888888
2012-11-06,371,-334,224250000,4.2872222222222218
2012-11-06,371,-339,224250000,1.8505555555555555
2012-11-06,371,1227,412325014,0.27569444444444446
2012-11-06,371,-104,263418780,3.466388888888889
2012-11-06,371,135,247304380,7.0315277777777769
2012-11-06,371,134,247304380,1.0011111111111113
2012-11-06,371,136,247304380,0.24986111111111109
2012-11-06,371,129,247144390,1.9418055555555553
2012-11-06,371,130,247143370,1.2947222222222223
2012-11-06,371,129,247143370,0.9556944444444444
2012-11-06,371,1226,800016337,9.7640277777777786
2012-11-06,371,125,247147510,2.6579166666666665
2012-11-06,627,-58,231133000,5.9430555555555564
2012-11-06,627,-53,231133000,0.52527777777777773
2012-11-06,627,-56,231133000,1.37375
2012-11-06,627,-59,231133000,4.5436111111111108
2012-11-06,627,-54,231133000,4.10125
2012-11-06,627,-57,231133000,3.4756944444444442
2012-11-06,627,-509,331119000,0.78472222222222221
2012-11-06,627,-508,331119000,7.4399999999999995
2012-11-06,627,-65,231159000,4.2126388888888888
2012-11-06,627,-64,231159000,4.1606944444444443
2012-11-06,627,-63,231159000,0.95513888888888887
2012-11-06,627,-66,231159000,0.90888888888888886
2012-11-06,-141,1570,416239700,5.6080555555555556
2012-11-06,-141,1571,416239700,1.7193055555555556
2012-11-06,-141,-1234,431482000,4.2991666666666681
2012-11-06,-141,-1191,432367000,2.0058333333333334
2012-11-06,-141,-1321,412420792,0.95805555555555544
2012-11-06,-141,-1322,412420792,1.810555555555555
2012-11-06,116,-173,616999035,1.5173611111111112
2012-11-06,116,-174,616999035,0.46972222222222221
2012-11-06,116,-171,616999035,1.0233333333333334
2012-11-06,116,-1776,431700970,2.8787499999999997
2012-11-06,372,123,247143430,1.0730555555555554
2012-11-06,372,124,247143430,4.5673611111111114
2012-11-06,372,119,247143430,0.62986111111111109
2012-11-06,372,118,247143430,0.85236111111111112
2012-11-06,372,247,237418000,2.2502777777777778
2012-11-06,372,1194,412326697,0.81861111111111107
2012-11-06,372,-17,224132420,5.875
2012-11-06,372,274,271062090,5.2758333333333329
2012-11-06,372,273,271062091,3.4026388888888892
2012-11-06,372,124,247141730,6.5666666666666655
2012-11-06,372,273,271062137,2.1406944444444447
2012-11-06,372,272,271062137,3.606527777777778
2012-11-06,372,271,271062137,2.421388888888889
2012-11-06,372,-335,224099450,0.78888888888888886
2012-11-06,372,-336,224099450,0.7895833333333333
2012-11-06,372,-330,224250000,6.0495833333333335
2012-11-06,372,-332,224250000,1.6465277777777776
2012-11-06,372,-337,224250000,1.7075
2012-11-06,372,-334,224250000,3.2412500000000004
2012-11-06,372,-104,263418780,2.6195833333333334
2012-11-06,372,-103,263418780,0.90069444444444435
2012-11-06,372,134,247304380,2.5083333333333333
2012-11-06,372,121,247132860,0.90027777777777773
2012-11-06,372,120,247132860,1.0025
2012-11-06,372,130,247144390,1.0680555555555555
2012-11-06,372,125,247143660,0.71916666666666662
2012-11-06,372,124,247143660,5.3695833333333338
2012-11-06,372,123,247143660,0.24875
2012-11-06,372,124,247147510,2.1965277777777779
2012-11-06,-396,-735,725001250,6.5326388888888891
2012-11-06,-396,-735,725009500,8.6595833333333339
2012-11-06,-396,-735,725004900,2.9573611111111111
2012-11-06,-396,-734,725004900,6.5086111111111116
2012-11-06,-396,-735,725003900,12.562361111111111
2012-11-06,-396,-735,725000332,8.6633333333333358
2012-11-06,-396,-735,725000335,5.7398611111111109
2012-11-06,-396,-734,725000335,2.1613888888888892
2012-11-06,-396,-734,725019329,5.6968055555555557
2012-11-06,-396,-735,725000146,7.8619444444444451
2012-11-06,-396,-735,725003220,1.2084722222222222
2012-11-06,-396,-735,725000669,7.7568055555555553
2012-11-06,-396,-735,725007600,8.6597222222222232
2012-11-06,-396,-735,725000440,8.55777777777778
2012-11-06,-396,-734,725000440,6.5669444444444451
2012-11-06,-396,-734,725000696,1.0384722222222222
2012-11-06,-396,-735,725000696,14.985694444444444
2012-11-06,-140,1572,416239700,8.2847222222222214
2012-11-06,-140,1571,416239700,1.5834722222222222
2012-11-06,-140,-1234,431482000,1.9356944444444446
2012-11-06,-140,-1191,432367000,3.2966666666666669
2012-11-06,-140,-1320,412420792,6.086666666666666
2012-11-06,-140,-1321,412420792,1.360972222222222
2012-11-06,117,-173,616999035,2.0304166666666665
2012-11-06,117,-174,616999035,0.67819444444444443
2012-11-06,373,124,247143430,5.7165277777777765
2012-11-06,373,1194,800011782,0.3322222222222222
2012-11-06,373,1195,412325898,1.6647222222222222
2012-11-06,373,1194,412325898,3.0086111111111107
2012-11-06,373,246,237418000,2.3891666666666667
2012-11-06,373,131,247146010,3.9679166666666661
2012-11-06,373,1226,415001118,2.8419444444444446
2012-11-06,373,131,247146020,0.65013888888888882
2012-11-06,373,130,247146020,1.543611111111111
2012-11-06,373,1194,412326697,4.1650000000000009
2012-11-06,373,1193,412326697,0.87625
2012-11-06,373,1195,412326697,1.484861111111111
2012-11-06,373,1195,412326703,0.633888888888889
2012-11-06,373,1194,412326703,9.5719444444444441
2012-11-06,373,151,247144760,7.8755555555555548
2012-11-06,373,1227,412368456,5.0958333333333332
2012-11-06,373,-92,263408470,6.7643055555555573
2012-11-06,373,1193,333388888,0.58416666666666661
2012-11-06,373,1194,333388888,14.394861111111112
2012-11-06,373,1191,412325976,5.359166666666666
2012-11-06,373,1194,412325211,1.109861111111111
2012-11-06,373,124,247141730,11.235972222222221
2012-11-06,373,1194,412326009,0.50513888888888892
2012-11-06,373,-328,224099450,1.8294444444444444
2012-11-06,373,-332,224099450,1.7625
2012-11-06,373,-338,224099450,1.7125000000000001
2012-11-06,373,-339,224099450,1.7609722222222222
2012-11-06,373,-334,224099450,0.62958333333333338
2012-11-06,373,-337,224099450,1.6931944444444444
2012-11-06,373,-329,224099450,1.600138888888889
2012-11-06,373,-335,224099450,1.8033333333333332
2012-11-06,373,1656,431702140,1.3291666666666666
2012-11-06,373,1657,431702140,5.2956944444444449
2012-11-06,373,1191,412326019,8.6419444444444444
2012-11-06,373,1195,412326024,0.55777777777777771
2012-11-06,373,1194,412326024,9.7669444444444444
2012-11-06,373,1194,412325772,10.8675
2012-11-06,373,1191,412326029,20.150833333333331
2012-11-06,373,-328,224250000,1.60875
2012-11-06,373,1227,800001681,18.986388888888886
2012-11-06,373,124,247145370,2.66125
2012-11-06,373,1226,412321178,1.9669444444444444
2012-11-06,373,-104,263418780,0.6
2012-11-06,373,-103,263418780,0.37472222222222218
2012-11-06,373,1194,800017825,0.91666666666666674
2012-11-06,373,1195,800017825,8.9833333333333343
2012-11-06,373,1195,800001722,3.4568055555555555
2012-11-06,373,121,247132860,4.017777777777777
2012-11-06,373,120,247132860,1.5418055555555557
2012-11-06,373,132,247144910,2.4816666666666665
2012-11-06,373,1227,800016337,14.632777777777779
2012-11-06,373,124,247143660,7.56388888888889
2012-11-06,629,-239,251029000,1.5461111111111112
2012-11-06,629,-512,331119000,3.1038888888888887
2012-11-06,629,69,257027040,0.20041666666666669
2012-11-06,629,70,257027040,8.2259722222222216
2012-11-06,-395,-734,725001250,3.8213888888888889
2012-11-06,-395,-735,725001250,10.812500000000002
2012-11-06,-395,-735,725009500,2.2301388888888889
2012-11-06,-395,-735,725003900,2.3288888888888888
2012-11-06,-395,-735,725000332,14.049444444444443
2012-11-06,-395,-735,725000335,5.3895833333333334
2012-11-06,-395,-735,725007800,0.78611111111111109
2012-11-06,-395,-735,725019329,4.1705555555555556
2012-11-06,-395,-735,725000146,4.1662500000000007
2012-11-06,-395,-735,725003220,4.0945833333333335
2012-11-06,-395,-735,725000669,7.0791666666666666
2012-11-06,-395,-735,725004270,7.8126388888888876
2012-11-06,-395,-735,725007600,9.3059722222222216
2012-11-06,-395,-734,725000440,3.2402777777777771
2012-11-06,-395,-735,725000440,9.1095833333333331
2012-11-06,-139,1572,416239700,10.31375
2012-11-06,-139,1573,416239700,1.8551388888888889
2012-11-06,-139,-1230,432411000,1.8291666666666666
2012-11-06,118,-1794,431379000,1.6806944444444443
2012-11-06,118,-1797,431379000,1.9911111111111111
2012-11-06,118,-1798,431379000,1.7008333333333332
2012-11-06,118,-1791,431379000,2.8468055555555556
2012-11-06,118,-1795,431379000,2.278888888888889
2012-11-06,118,-1799,431379000,3.7776388888888888
2012-11-06,118,-1793,431379000,1.5195833333333333
2012-11-06,374,124,247143430,1.3020833333333335
2012-11-06,374,1192,412325897,11.654722222222222
2012-11-06,374,1192,820080141,0.3947222222222222
2012-11-06,374,1193,820080141,1.1840277777777777
2012-11-06,374,245,237418000,2.1704166666666667
2012-11-06,374,1215,412324625,0.83916666666666662
2012-11-06,374,1215,412324626,1.2508333333333335
2012-11-06,374,1195,412326697,2.0940277777777778
2012-11-06,374,1215,412324656,1.9493055555555554
2012-11-06,374,1215,412324657,3.1222222222222227
2012-11-06,374,1192,412326709,4.5006944444444441
2012-11-06,374,1192,412325943,0.31736111111111109
2012-11-06,374,151,247144760,2.2113888888888886
2012-11-06,374,-92,263408470,5.0600000000000005
2012-11-06,374,1192,412325976,11.284444444444444
2012-11-06,374,1191,412325976,1.04625
2012-11-06,374,1194,412325976,2.8100000000000005
2012-11-06,374,1193,412325723,13.088055555555556
2012-11-06,374,1197,412323677,12.37375
2012-11-06,374,124,247141730,6.1056944444444445
2012-11-06,374,1656,431702140,8.1704166666666662
2012-11-06,374,1194,412326013,0.3865277777777778
2012-11-06,374,1191,412326019,6.4648611111111105
2012-11-06,374,1192,412326538,5.785277777777778
2012-11-06,374,126,247145370,1.0505555555555555
2012-11-06,374,124,247145370,3.3226388888888891
2012-11-06,374,125,247145370,2.0259722222222223
2012-11-06,374,-465,224377000,0.9884722222222222
2012-11-06,374,-470,224377000,5.7845833333333339
2012-11-06,374,-461,224377000,1.8695833333333334
2012-11-06,374,-463,224377000,6.6468055555555559
2012-11-06,374,-464,224377000,0.90013888888888882
2012-11-06,374,1195,800001722,7.331666666666667
2012-11-06,374,121,247132860,7.04
2012-11-06,374,120,247132860,2.2726388888888889
2012-11-06,374,1191,800020160,1.994861111111111
2012-11-06,374,1192,800020160,8.96638888888889
2012-11-06,374,1191,412325837,18.450416666666666
2012-11-06,374,1191,800016345,10.587638888888888
2012-11-06,374,1192,800016345,6.8554166666666676
2012-11-06,374,1215,412320742,1.2577777777777777
2012-11-06,374,124,247143660,0.8995833333333334
2012-11-06,374,1192,412326639,13.281944444444445
2012-11-06,630,-227,251029000,2.8179166666666666
2012-11-06,630,-223,251029000,8.9480555555555554
2012-11-06,630,-224,251029000,0.79708333333333337
2012-11-06,630,-225,251029000,2.3380555555555556
2012-11-06,630,-237,251029000,6.408611111111111
2012-11-06,630,-203,251507000,0.50138888888888888
2012-11-06,630,-203,251464000,3.234861111111111
2012-11-06,630,-210,251464000,1.5420833333333333
2012-11-06,630,-211,251464000,1.5430555555555556
2012-11-06,630,-208,251464000,1.5718055555555557
2012-11-06,630,-243,251062110,1.283611111111111
2012-11-06,630,-237,251062110,3.0759722222222221
2012-11-06,630,-241,251062110,2.325
2012-11-06,630,-514,331184000,3.0320833333333335
2012-11-06,630,-209,251790000,1.5418055555555554
2012-11-06,630,-208,251790000,1.6230555555555557
2012-11-06,-394,-735,725001250,3.0059722222222227
2012-11-06,-394,-735,725000332,1.40875
2012-11-06,-394,-735,725000146,1.8155555555555556
2012-11-06,-138,-1229,432411000,4.1663888888888891
2012-11-06,-138,-1235,431482000,4.1386111111111115
2012-11-06,119,-172,616999035,0.5033333333333333
2012-11-06,119,-1561,416002175,9.1608333333333327
2012-11-06,119,-1772,431700970,3.6293055555555558
2012-11-06,375,1221,412320515,4.0145833333333325
2012-11-06,375,1222,412320515,0.62402777777777774
2012-11-06,375,267,241045000,7.730833333333333
2012-11-06,375,1216,412324616,1.9895833333333335
2012-11-06,375,1192,412325897,20.740277777777777
2012-11-06,375,1193,820080141,8.8761111111111113
2012-11-06,375,1214,412324625,0.22958333333333333
2012-11-06,375,1215,412324625,2.4983333333333331
2012-11-06,375,1214,412324626,0.62013888888888891
2012-11-06,375,1215,412324626,2.5443055555555554
2012-11-06,375,1223,412281618,0.34236111111111112
2012-11-06,375,1220,412325399,3.7358333333333338
2012-11-06,375,1221,412325399,2.6552777777777776
2012-11-06,375,1219,412325399,0.25777777777777777
2012-11-06,375,1220,412325417,5.6295833333333327
2012-11-06,375,1221,412325417,2.42875
2012-11-06,375,1216,412324652,3.8202777777777772
2012-11-06,375,1216,412324656,3.0484722222222222
2012-11-06,375,1215,412324656,0.41694444444444445
2012-11-06,375,1216,412324657,3.6255555555555556
2012-11-06,375,1215,412324657,0.42694444444444446
2012-11-06,375,1217,413019450,12.072916666666663
2012-11-06,375,1199,800019517,2.2766666666666668
2012-11-06,375,1215,412008002,0.27486111111111111
2012-11-06,375,1223,412207686,0.57263888888888892
2012-11-06,375,1217,412819274,4.3084722222222229
2012-11-06,375,239,240242000,0.76013888888888892
2012-11-06,375,241,240242000,1.555
2012-11-06,375,240,240242000,2.1736111111111112
2012-11-06,375,-93,263408470,1.8748611111111111
2012-11-06,375,1194,412325977,6.15625
2012-11-06,375,1192,412325723,5.6893055555555563
2012-11-06,375,1199,412328027,0.22041666666666665
2012-11-06,375,246,237468000,5.4970833333333333
2012-11-06,375,247,237468000,7.0180555555555557
2012-11-06,375,244,237468000,9.60527777777778
2012-11-06,375,245,237468000,1.0731944444444443
2012-11-06,375,121,247145060,0.21486111111111111
2012-11-06,375,1220,100700034,0.27708333333333335
2012-11-06,375,1221,100700034,6.0397222222222222
2012-11-06,375,1194,412325765,5.725
2012-11-06,375,1218,412010386,2.5618055555555554
2012-11-06,375,1217,412010386,0.41847222222222225
2012-11-06,375,1219,412010386,6.9998611111111106
2012-11-06,375,1220,412010386,1.597361111111111
2012-11-06,375,125,247145370,4.2474999999999987
2012-11-06,375,124,247145370,2.7998611111111109
2012-11-06,375,-467,224377000,2.21
2012-11-06,375,-461,224377000,1.7481944444444444
2012-11-06,375,1222,412286888,1.19
2012-11-06,375,1220,412008135,1.8744444444444444
2012-11-06,375,1222,412008135,0.23291666666666666
2012-11-06,375,-1651,412420814,5.4626388888888888
2012-11-06,375,-1650,412420814,6.338055555555556
2012-11-06,375,1221,412019410,0.4975
2012-11-06,375,1220,412019410,0.23375
2012-11-06,375,1222,412019410,4.3234722222222217
2012-11-06,375,1216,412200405,3.9302777777777775
2012-11-06,375,1218,412200405,1.0629166666666667
2012-11-06,375,244,239383000,1.5033333333333334
2012-11-06,375,245,239383000,2.1570833333333335
2012-11-06,375,1216,412015066,10.322916666666666
2012-11-06,375,1222,412326367,0.51625
2012-11-06,375,1198,412323553,11.669722222222223
2012-11-06,375,1214,412320742,5.1863888888888878
2012-11-06,375,1215,412320742,5.0944444444444432
2012-11-06,375,236,240150000,1.9075000000000002
2012-11-06,375,235,240150000,1.46
2012-11-06,375,1218,413016053,6.9433333333333325
2012-11-06,375,1217,413016053,2.622638888888889
2012-11-06,375,1214,413016053,6.7390277777777774
2012-11-06,375,1214,412285686,0.41916666666666669
2012-11-06,375,1222,412218111,0.58916666666666662
2012-11-06,631,-202,251507000,0.51194444444444442
2012-11-06,631,-228,251507000,2.3019444444444446
2012-11-06,631,-235,251507000,2.3175
2012-11-06,631,-203,251464000,8.2794444444444437
2012-11-06,631,-202,251464000,2.7326388888888888
2012-11-06,631,-242,251062110,7.1654166666666672
2012-11-06,631,-241,251062110,7.4344444444444449
2012-11-06,631,-211,251228000,6.3681944444444447
2012-11-06,631,-244,251151000,6.3827777777777772
2012-11-06,631,-243,251151000,2.3205555555555555
2012-11-06,-393,-735,725000146,5.73625
2012-11-06,-393,-734,725000146,0.78902777777777777
2012-11-06,120,-1789,431379000,2.8884722222222221
2012-11-06,120,-173,616999035,0.30527777777777776
2012-11-06,120,-172,616999035,1.1172222222222223
2012-11-06,120,-1767,431700970,2.4670833333333335
2012-11-06,120,-1765,431700970,1.8581944444444445
2012-11-06,376,1213,413816324,1.3616666666666666
2012-11-06,376,1222,412324356,0.44236111111111109
2012-11-06,376,267,241045000,4.0356944444444443
2012-11-06,376,266,241045000,10.114444444444448
2012-11-06,376,265,241045000,1.3404166666666666
2012-11-06,376,1215,412324616,5.0088888888888894
2012-11-06,376,1214,412324616,1.0534722222222221
2012-11-06,376,1216,412324616,1.8780555555555556
2012-11-06,376,1215,412324629,1.5601388888888887
2012-11-06,376,1218,412007701,3.8115277777777776
2012-11-06,376,1219,412007701,7.544027777777778
2012-11-06,376,1215,412324631,1.5841666666666663
2012-11-06,376,1214,190701081,3.7769444444444442
2012-11-06,376,1215,190701081,2.5819444444444448
2012-11-06,376,1222,800019483,0.41500000000000004
2012-11-06,376,1213,412324127,0.43291666666666667
2012-11-06,376,1212,412324127,0.20416666666666666
2012-11-06,376,1216,412324127,0.76875
2012-11-06,376,1193,412325663,14.468194444444443
2012-11-06,376,1216,412324128,0.60569444444444442
2012-11-06,376,1216,412055078,1.8075
2012-11-06,376,1217,412055078,4.9023611111111114
2012-11-06,376,1222,412325166,1.7859722222222223
2012-11-06,376,1221,412325166,0.43027777777777781
2012-11-06,376,1223,412325166,0.24208333333333332
2012-11-06,376,1216,412324656,0.63291666666666668
2012-11-06,376,1216,412324657,0.45916666666666667
2012-11-06,376,1216,412324658,0.62875
2012-11-06,376,1216,412324659,1.3763888888888891
2012-11-06,376,1217,413019450,0.22527777777777777
2012-11-06,376,1216,413019450,1.735
2012-11-06,376,1223,412821058,0.829861111111111
2012-11-06,376,1215,412008002,14.141805555555557
2012-11-06,376,1216,412008002,0.80027777777777775
2012-11-06,376,1217,412819274,1.3368055555555554
2012-11-06,376,1218,412819274,3.4805555555555561
2012-11-06,376,242,240242000,5.1962499999999991
2012-11-06,376,1215,412568659,9.8354166666666671
2012-11-06,376,-93,263408470,2.2806944444444444
2012-11-06,376,-94,263408470,0.2072222222222222
2012-11-06,376,1215,412586586,2.7190277777777774
2012-11-06,376,1216,412008286,12.905833333333334
2012-11-06,376,244,237468000,0.37486111111111109
2012-11-06,376,245,237468000,1.151111111111111
2012-11-06,376,1211,412324194,0.52347222222222223
2012-11-06,376,122,247145060,1.153888888888889
2012-11-06,376,113,247147370,3.657083333333333
2012-11-06,376,112,247147370,2.04875
2012-11-06,376,1221,412325497,1.350138888888889
2012-11-06,376,1220,412325498,0.25041666666666668
2012-11-06,376,1221,412325498,0.28305555555555556
2012-11-06,376,1216,412008315,0.8372222222222222
2012-11-06,376,1220,100700034,0.50416666666666665
2012-11-06,376,1221,100700034,4.3536111111111113
2012-11-06,376,1213,412001154,2.1365277777777778
2012-11-06,376,1214,412001154,1.7343055555555555
2012-11-06,376,1221,412211588,0.33291666666666669
2012-11-06,376,1215,412701068,1.6027777777777779
2012-11-06,376,1214,412701068,0.89583333333333337
2012-11-06,376,1216,412008078,1.8494444444444447
2012-11-06,376,1221,412325523,3.469583333333333
2012-11-06,376,1222,412880788,0.9901388888888889
2012-11-06,376,1214,412324502,3.338194444444444
2012-11-06,376,1215,900900506,0.21027777777777779
2012-11-06,376,1213,900900506,0.20902777777777778
2012-11-06,376,1214,900900506,1.5906944444444446
2012-11-06,376,1215,412899229,5.4111111111111105
2012-11-06,376,1221,412325537,0.49986111111111109
2012-11-06,376,1216,900900516,2.697222222222222
2012-11-06,376,1215,900900521,8.4620833333333323
2012-11-06,376,1214,900900521,0.67388888888888887
2012-11-06,376,1221,412328619,0.2013888888888889
2012-11-06,376,1223,412328619,0.75250000000000006
2012-11-06,376,1222,412328619,1.6119444444444446
2012-11-06,376,1217,800004525,0.55472222222222223
2012-11-06,376,1216,800004525,3.9883333333333337
2012-11-06,376,1216,412565686,13.426250000000001
2012-11-06,376,1214,800014523,1.2551388888888888
2012-11-06,376,1215,800014523,0.41666666666666663
2012-11-06,376,1215,820080062,2.6816666666666662
2012-11-06,376,1214,820080062,0.57833333333333337
2012-11-06,376,1213,800016325,4.04638888888889
2012-11-06,376,1214,800016325,5.7902777777777787
2012-11-06,376,1222,412008135,5.2622222222222224
2012-11-06,376,1220,412008135,6.35986111111111
2012-11-06,376,1221,412008135,7.9994444444444452
2012-11-06,376,1221,412327625,4.59513888888889
2012-11-06,376,-1646,412420814,6.4965277777777777
2012-11-06,376,1214,415004111,2.5454166666666667
2012-11-06,376,1219,412019410,3.0281944444444444
2012-11-06,376,1221,412019410,2.9719444444444441
2012-11-06,376,1222,412019410,4.0768055555555556
2012-11-06,376,1220,412019410,2.2001388888888891
2012-11-06,376,1217,412200405,4.7906944444444441
2012-11-06,376,1216,412200405,0.581388888888889
2012-11-06,376,245,239383000,2.6248611111111111
2012-11-06,376,1216,412015066,0.25972222222222219
2012-11-06,376,1220,412327645,1.8980555555555554
2012-11-06,376,1220,412324838,2.6516666666666668
2012-11-06,376,1221,412324838,1.65
2012-11-06,376,1221,412324839,2.3077777777777775
2012-11-06,376,1220,412324839,3.0158333333333336
2012-11-06,376,235,240150000,2.283611111111111
2012-11-06,376,236,240150000,7.7538888888888895
2012-11-06,376,1218,413016053,5.84263888888889
2012-11-06,376,1217,413016053,1.2394444444444446
2012-11-06,376,1214,412285686,13.485555555555557
2012-11-06,376,1215,412285686,0.22597222222222224
2012-11-06,632,-220,251029000,2.276388888888889
2012-11-06,632,-199,251507000,0.8566666666666668
2012-11-06,632,-200,251507000,1.7084722222222219
2012-11-06,632,-243,251062110,2.3206944444444444
2012-11-06,632,-212,251228000,1.5491666666666668
2012-11-06,632,-211,251228000,4.645833333333333
2012-11-06,632,-214,251228000,6.396527777777778
2012-11-06,632,-213,251228000,1.5302777777777776
2012-11-06,632,-215,251228000,1.5670833333333332
2012-11-06,632,-170,251344000,1.5231944444444445
2012-11-06,632,-172,251344000,1.2877777777777779
2012-11-06,632,-169,251344000,7.1668055555555554
2012-11-06,632,-174,251344000,2.3472222222222223
2012-11-06,632,-244,251151000,5.8330555555555552
2012-11-06,632,-243,251151000,1.6048611111111111
2012-11-06,632,-240,251151000,0.77791666666666659
2012-11-06,632,-238,251151000,1.2516666666666667
2012-11-06,632,-203,251219110,10.984444444444442
2012-11-06,632,-202,251219110,0.77736111111111106
2012-11-06,632,-169,251790000,7.1661111111111113
2012-11-06,632,-168,251790000,1.5459722222222223
2012-11-06,-392,-734,725000146,1.1229166666666666
2012-11-06,-136,-1206,432346000,1.3044444444444443
2012-11-06,377,1212,413816324,3.3313888888888883
2012-11-06,377,1213,413816324,7.8697222222222223
2012-11-06,377,1213,413816330,1.8399999999999999
2012-11-06,377,1213,412040975,2.3552777777777778
2012-11-06,377,1215,412324112,1.2984722222222222
2012-11-06,377,1216,412324112,1.5384722222222222
2012-11-06,377,1217,412324112,1.1554166666666665
2012-11-06,377,1214,412324112,0.46472222222222226
2012-11-06,377,1215,412324629,0.21708333333333332
2012-11-06,377,1217,412007701,2.0055555555555555
2012-11-06,377,1218,412007701,3.291666666666667
2012-11-06,377,1215,412324631,0.41666666666666663
2012-11-06,377,1215,190701081,1.8363888888888886
2012-11-06,377,115,247147290,5.895555555555557
2012-11-06,377,119,247147290,0.25013888888888891
2012-11-06,377,116,247147290,1.9909722222222221
2012-11-06,377,1215,412324381,1.1418055555555555
2012-11-06,377,1214,412324381,0.2336111111111111
2012-11-06,377,1215,412324127,1.2306944444444445
2012-11-06,377,1213,412324127,0.68472222222222223
2012-11-06,377,1214,412324127,1.2459722222222223
2012-11-06,377,1216,412324127,1.0044444444444445
2012-11-06,377,1215,412324128,1.153888888888889
2012-11-06,377,1213,412324128,0.37555555555555553
2012-11-06,377,1216,412324128,0.40333333333333332
2012-11-06,377,1214,412324128,1.296388888888889
2012-11-06,377,1217,412055078,3.5845833333333341
2012-11-06,377,1212,412324136,5.164305555555555
2012-11-06,377,1213,412324136,0.86888888888888893
2012-11-06,377,235,237534000,0.40430555555555558
2012-11-06,377,1212,412324154,1.1477777777777778
2012-11-06,377,1214,412324154,2.5249999999999995
2012-11-06,377,1211,412324154,0.24597222222222223
2012-11-06,377,1215,412324154,0.80819444444444444
2012-11-06,377,1213,412324154,1.5322222222222219
2012-11-06,377,1212,412324155,1.1434722222222222
2012-11-06,377,1213,412324155,1.6715277777777779
2012-11-06,377,1214,412324155,2.4379166666666672
2012-11-06,377,1215,412324155,0.82472222222222213
2012-11-06,377,121,247301700,3.2931944444444441
2012-11-06,377,119,247301700,1.327638888888889
2012-11-06,377,120,247301700,3.03
2012-11-06,377,-1227,367426120,14.143055555555556
2012-11-06,377,-1228,367426120,1.523611111111111
2012-11-06,377,1217,412819274,0.97069444444444442
2012-11-06,377,236,240242000,0.20597222222222222
2012-11-06,377,237,240242000,0.20986111111111111
2012-11-06,377,235,240242000,0.40875
2012-11-06,377,1215,412568659,2.8830555555555559
2012-11-06,377,-94,263408470,1.9201388888888888
2012-11-06,377,1215,412586586,9.47625
2012-11-06,377,113,247147370,12.493194444444443
2012-11-06,377,-110,263413870,11.814027777777778
2012-11-06,377,1216,412008315,9.1970833333333335
2012-11-06,377,1215,412008315,2.504861111111111
2012-11-06,377,1216,412014464,10.425833333333335
2012-11-06,377,1215,412014464,3.7040277777777773
2012-11-06,377,1215,412324482,1.4866666666666666
2012-11-06,377,1214,412324482,0.25041666666666668
2012-11-06,377,1216,412324482,3.6986111111111115
2012-11-06,377,1215,412001154,0.74166666666666659
2012-11-06,377,1214,412001154,1.9416666666666669
2012-11-06,377,1214,412040836,1.6612500000000001
2012-11-06,377,1215,412040836,0.50347222222222221
2012-11-06,377,1213,412040836,4.0675000000000008
2012-11-06,377,1212,412040836,3.0534722222222226
2012-11-06,377,1214,412701068,0.43597222222222221
2012-11-06,377,1215,412701068,2.0163888888888888
2012-11-06,377,1216,412008078,9.12013888888889
2012-11-06,377,1220,412325523,0.97
2012-11-06,377,1221,412325523,0.61583333333333334
2012-11-06,377,1219,412325523,4.7029166666666669
2012-11-06,377,1215,412324502,1.6769444444444441
2012-11-06,377,1214,412324502,1.0154166666666666
2012-11-06,377,1215,900900506,2.0075000000000003
2012-11-06,377,1214,900900506,2.5531944444444448
2012-11-06,377,1222,800019620,1.5955555555555556
2012-11-06,377,1216,900900516,2.9659722222222213
2012-11-06,377,1212,412006052,2.7031944444444447
2012-11-06,377,1213,412006052,2.7976388888888897
2012-11-06,377,1211,412006052,0.53430555555555559
2012-11-06,377,-462,224377000,1.7905555555555557
2012-11-06,377,1214,900900521,1.3270833333333334
2012-11-06,377,1215,900900521,2.6908333333333334
2012-11-06,377,1216,413276587,2.0413888888888887
2012-11-06,377,1217,413276587,2.3355555555555561
2012-11-06,377,1216,800004525,2.1527777777777777
2012-11-06,377,1220,800004528,3.38625
2012-11-06,377,1215,800014523,5.5061111111111112
2012-11-06,377,1215,820080062,5.4659722222222227
2012-11-06,377,1221,412324292,10.625416666666666
2012-11-06,377,1216,412819657,10.085138888888885
2012-11-06,377,1215,412819657,3.4918055555555556
2012-11-06,377,-1648,412420812,5.5663888888888895
2012-11-06,377,-1646,412420812,1.7625
2012-11-06,377,-1643,412420812,4.487916666666667
2012-11-06,377,-1647,412420812,0.80027777777777775
2012-11-06,377,-1645,412420814,3.8127777777777778
2012-11-06,377,1214,415004111,1.1234722222222222
2012-11-06,377,1213,415004111,2.0623611111111111
2012-11-06,377,1211,412324049,3.0266666666666668
2012-11-06,377,-291,204225000,1.9084722222222219
2012-11-06,377,1212,412324078,2.9909722222222221
2012-11-06,377,1212,412700149,5.3299999999999992
2012-11-06,377,1213,412700149,1.5856944444444445
2012-11-06,633,-212,251228000,1.5458333333333334
2012-11-06,633,-202,251219110,4.2816666666666672
2012-11-06,633,-203,251219110,2.2023611111111112
2012-11-06,633,-240,251141110,1.2713888888888889
2012-11-06,633,-239,251141110,1.5416666666666665
2012-11-06,633,-194,251066110,4.6111111111111107
2012-11-06,-135,-1230,432411000,1.8777777777777778
2012-11-06,-135,-1206,432346000,1.4233333333333333
2012-11-06,-135,-1205,432346000,3.6958333333333329
2012-11-06,122,-1792,431379000,1.61375
2012-11-06,122,-1795,431379000,1.9627777777777777
2012-11-06,122,-1789,431379000,1.6508333333333334
2012-11-06,378,1214,412324096,1.3805555555555555
2012-11-06,378,1213,412324096,1.5608333333333333
2012-11-06,378,1214,412324098,0.53680555555555554
2012-11-06,378,1213,412324098,2.1806944444444447
2012-11-06,378,1212,412324098,0.30888888888888888
2012-11-06,378,1213,413816324,1.9849999999999999
2012-11-06,378,1211,413816324,1.4294444444444445
2012-11-06,378,1212,413816324,5.0244444444444438
2012-11-06,378,1212,413816330,0.87694444444444453
2012-11-06,378,1213,413816330,3.2620833333333334
2012-11-06,378,1215,412324618,0.56
2012-11-06,378,1216,412324618,1.07125
2012-11-06,378,1217,412324618,2.61625
2012-11-06,378,1212,412324115,0.85444444444444445
2012-11-06,378,271,271072281,2.8948611111111111
2012-11-06,378,1214,190701081,3.2968055555555553
2012-11-06,378,1215,190701081,2.04875
2012-11-06,378,116,247147290,0.52152777777777781
2012-11-06,378,117,247147290,3.8656944444444443
2012-11-06,378,119,247147290,1.299722222222222
2012-11-06,378,118,247147290,1.050138888888889
2012-11-06,378,1213,412324122,0.816111111111111
2012-11-06,378,1213,412200477,1.0090277777777779
2012-11-06,378,1215,412324643,0.42222222222222222
2012-11-06,378,1216,412324643,0.95472222222222225
2012-11-06,378,1205,800012836,6.1309722222222218
2012-11-06,378,1205,412324133,2.3509722222222225
2012-11-06,378,1204,412324133,6.8305555555555548
2012-11-06,378,1215,412324645,0.74888888888888894
2012-11-06,378,1216,412324645,0.89972222222222231
2012-11-06,378,1217,412055078,6.4395833333333332
2012-11-06,378,1216,412324646,1.1058333333333332
2012-11-06,378,1215,412324646,0.52416666666666667
2012-11-06,378,1216,412324649,0.91416666666666657
2012-11-06,378,1215,412324649,5.1451388888888889
2012-11-06,378,236,237534000,2.6901388888888889
2012-11-06,378,235,237534000,8.50263888888889
2012-11-06,378,113,247145010,0.4498611111111111
2012-11-06,378,1212,413100851,1.0986111111111112
2012-11-06,378,1211,412324154,0.25333333333333335
2012-11-06,378,1212,412324155,0.2441666666666667
2012-11-06,378,1203,412324926,0.40597222222222218
2012-11-06,378,1204,412324926,5.88875
2012-11-06,378,1211,412324159,1.6448611111111111
2012-11-06,378,1203,412324927,0.46833333333333338
2012-11-06,378,1204,412324927,5.90763888888889
2012-11-06,378,1204,412324161,3.4038888888888894
2012-11-06,378,1205,412324161,0.20513888888888887
2012-11-06,378,1205,412324162,0.2925
2012-11-06,378,1204,412324162,3.2020833333333329
2012-11-06,378,120,247301700,3.3601388888888888
2012-11-06,378,1204,412324166,4.5052777777777768
2012-11-06,378,1205,412324166,0.736388888888889
2012-11-06,378,1212,864135240,9.0604166666666668
2012-11-06,378,1212,412324169,2.1379166666666665
2012-11-06,378,1213,412324169,2.22625
2012-11-06,378,1212,412324171,0.70763888888888893
2012-11-06,378,1213,412324171,1.163888888888889
2012-11-06,378,1211,412324173,1.6856944444444446
2012-11-06,378,1212,412324173,2.0769444444444445
2012-11-06,378,1212,412324175,2.52625
2012-11-06,378,1211,412324175,1.2991666666666666
2012-11-06,378,1204,412324687,2.1519444444444447
2012-11-06,378,235,240242000,0.20569444444444446
2012-11-06,378,236,240242000,4.7501388888888885
2012-11-06,378,237,240242000,0.21180555555555555
2012-11-06,378,1213,412324185,1.1094444444444445
2012-11-06,378,1213,412324186,0.24611111111111111
2012-11-06,378,1204,412324698,1.5276388888888888
2012-11-06,378,1205,412324189,0.24875
2012-11-06,378,1204,412324189,6.1297222222222221
2012-11-06,378,1203,412324189,0.46833333333333332
2012-11-06,378,1211,412324194,4.4176388888888889
2012-11-06,378,1212,412324194,0.41583333333333333
2012-11-06,378,-1650,412420195,12.368472222222223
2012-11-06,378,-1648,412420195,5.4830555555555556
2012-11-06,378,-1649,412420195,0.74541666666666673
2012-11-06,378,1211,412324195,4.438194444444445
2012-11-06,378,1212,412324195,0.5625
2012-11-06,378,113,247147370,8.6418055555555569
2012-11-06,378,272,271072632,11.056805555555556
2012-11-06,378,1212,412324216,0.535
2012-11-06,378,1211,412324216,6.0370833333333334
2012-11-06,378,1211,412324217,1.25625
2012-11-06,378,1212,412324217,0.53333333333333321
2012-11-06,378,1212,412324224,11.825277777777778
2012-11-06,378,1205,412324226,0.20972222222222223
2012-11-06,378,1204,412324226,1.0626388888888889
2012-11-06,378,1214,412001154,2.3356944444444445
2012-11-06,378,1204,412324228,4.5679166666666671
2012-11-06,378,1205,412324228,0.84402777777777782
2012-11-06,378,1220,800019592,1.0243055555555556
2012-11-06,378,1214,412701068,4.5554166666666669
2012-11-06,378,1211,412033167,3.0880555555555556
2012-11-06,378,1210,412033167,3.1870833333333333
2012-11-06,378,1213,412033167,0.50166666666666671
2012-11-06,378,1212,412033167,0.55833333333333335
2012-11-06,378,1214,900900506,0.25638888888888889
2012-11-06,378,1216,900900516,4.7998611111111105
2012-11-06,378,1213,412006052,2.9016666666666664
2012-11-06,378,1215,900900521,0.44236111111111109
2012-11-06,378,1214,900900521,0.3470833333333333
2012-11-06,378,1216,413276587,5.535
2012-11-06,378,1216,800004525,4.0756944444444443
2012-11-06,378,1215,800014523,2.1890277777777776
2012-11-06,378,1214,800014523,0.6020833333333333
2012-11-06,378,1215,820080062,5.1297222222222221
2012-11-06,378,1213,412324032,0.7875
2012-11-06,378,1213,412324033,2.1259722222222219
2012-11-06,378,1212,412324033,0.49986111111111109
2012-11-06,378,1213,412324035,1.4384722222222224
2012-11-06,378,1214,412324039,1.1480555555555556
2012-11-06,378,1213,412324039,1.4306944444444443
2012-11-06,378,242,240429000,3.5009722222222219
2012-11-06,378,243,240429000,2.9756944444444446
2012-11-06,378,241,240429000,8.1416666666666675
2012-11-06,378,-1649,412420812,5.7547222222222221
2012-11-06,378,1214,415004111,2.4370833333333333
2012-11-06,378,1204,412320976,2.4111111111111114
2012-11-06,378,1213,412324048,2.3006944444444444
2012-11-06,378,1214,412324048,0.44513888888888886
2012-11-06,378,1211,412324049,4.3844444444444441
2012-11-06,378,1212,412324049,0.9226388888888889
2012-11-06,378,90,247146450,17.787777777777777
2012-11-06,378,1214,412056789,3.177777777777778
2012-11-06,378,1215,412056789,1.6244444444444444
2012-11-06,378,1202,412003298,0.4226388888888889
2012-11-06,378,1213,412324068,1.922638888888889
2012-11-06,378,1212,412324068,0.745
2012-11-06,378,-291,204225000,2.8158333333333334
2012-11-06,378,-293,204225000,1.9706944444444445
2012-11-06,378,-292,204225000,13.499305555555555
2012-11-06,378,1212,412324073,0.75819444444444439
2012-11-06,378,1214,412324079,0.85416666666666663
2012-11-06,378,1213,412324079,2.0704166666666666
2012-11-06,378,235,240150000,2.4941666666666666
2012-11-06,378,1204,412326384,5.5340277777777773
2012-11-06,378,1205,412326384,0.23430555555555554
2012-11-06,378,1205,412326385,1.2756944444444445
2012-11-06,378,1204,412326385,1.2570833333333331
2012-11-06,378,1212,412324084,0.20763888888888887
2012-11-06,378,1213,412324084,2.3209722222222218
2012-11-06,378,1214,412324084,1.1155555555555554
2012-11-06,378,1214,412700149,1.2143055555555555
2012-11-06,378,1213,412700149,1.5722222222222222
2012-11-06,378,1213,412324089,1.9083333333333332
2012-11-06,378,1214,412324089,4.7162500000000005
2012-11-06,378,1212,412324089,0.33166666666666667
2012-11-06,378,1211,412323835,0.70263888888888892
2012-11-06,378,1214,412323837,11.080833333333334
2012-11-06,378,1204,412323838,6.49763888888889
2012-11-06,378,1205,412323838,2.9366666666666665
2012-11-06,378,1212,412324094,2.5129166666666665
2012-11-06,634,-218,251164000,1.528888888888889
2012-11-06,634,-217,251164000,1.637361111111111
2012-11-06,634,-169,251344000,7.3929166666666664
2012-11-06,634,-159,251427000,1.5516666666666667
2012-11-06,634,-157,251427000,1.5787499999999999
2012-11-06,634,-239,251141110,3.6045833333333333
2012-11-06,634,-238,251141110,1.5180555555555557
2012-11-06,634,-196,251066110,1.5515277777777778
2012-11-06,-134,-1205,432346000,3.221111111111111
2012-11-06,-134,-1229,432343000,0.88333333333333341
2012-11-06,-134,-1241,432353000,0.93611111111111112
2012-11-06,379,270,271072281,6.128055555555556
2012-11-06,379,271,271072281,1.6873611111111111
2012-11-06,379,117,247147290,1.6840277777777777
2012-11-06,379,1214,412324634,10.480277777777779
2012-11-06,379,1215,412324643,0.35083333333333333
2012-11-06,379,1205,412324133,1.7104166666666665
2012-11-06,379,1217,412055078,0.55805555555555553
2012-11-06,379,1215,412324646,2.7941666666666665
2012-11-06,379,1212,412324646,13.893888888888888
2012-11-06,379,1198,412325926,4.1270833333333332
2012-11-06,379,236,237534000,0.513611111111111
2012-11-06,379,1216,412324658,5.7793055555555553
2012-11-06,379,1201,412326706,6.5983333333333336
2012-11-06,379,1205,800003379,0.20458333333333334
2012-11-06,379,1204,800003379,0.20347222222222222
2012-11-06,379,1213,412324659,7.7661111111111119
2012-11-06,379,-1642,412691770,4.4629166666666666
2012-11-06,379,1212,412324158,1.9800000000000002
2012-11-06,379,1203,412324926,1.4934722222222219
2012-11-06,379,1204,412324926,0.20819444444444446
2012-11-06,379,1212,412324159,2.0620833333333333
2012-11-06,379,1204,412324927,0.21305555555555555
2012-11-06,379,1203,412324927,1.9576388888888889
2012-11-06,379,1204,412324161,2.7484722222222224
2012-11-06,379,1203,412324162,0.64916666666666667
2012-11-06,379,1204,412324162,2.4159722222222224
2012-11-06,379,1203,412324166,0.2336111111111111
2012-11-06,379,1204,412324166,1.1131944444444446
2012-11-06,379,-477,224253000,5.1419444444444444
2012-11-06,379,-468,224253000,0.79722222222222228
2012-11-06,379,-476,224253000,1.6758333333333333
2012-11-06,379,-470,224253000,1.818888888888889
2012-11-06,379,-474,224253000,5.6884722222222219
2012-11-06,379,-473,224253000,1.8027777777777778
2012-11-06,379,1213,412324169,0.63694444444444442
2012-11-06,379,1214,412324169,2.2527777777777778
2012-11-06,379,1210,412324173,1.7176388888888887
2012-11-06,379,1211,412324173,0.51374999999999993
2012-11-06,379,1213,412324185,0.90152777777777771
2012-11-06,379,1214,412324185,0.47569444444444442
2012-11-06,379,1201,412325728,6.9712500000000013
2012-11-06,379,1202,800001633,0.43777777777777782
2012-11-06,379,161,247121250,6.987916666666667
2012-11-06,379,162,247121250,5.9831944444444431
2012-11-06,379,1201,412324707,4.3908333333333331
2012-11-06,379,1201,412324708,1.9172222222222222
2012-11-06,379,1200,412324708,1.935
2012-11-06,379,1198,412325988,2.314027777777778
2012-11-06,379,1201,412324715,0.68249999999999988
2012-11-06,379,1200,412324715,1.0965277777777778
2012-11-06,379,1203,412325745,0.4080555555555555
2012-11-06,379,1201,910060658,5.1248611111111124
2012-11-06,379,272,271072632,10.142777777777779
2012-11-06,379,1204,412324226,2.34
2012-11-06,379,1214,412001154,0.57097222222222221
2012-11-06,379,1213,412040836,5.5606944444444446
2012-11-06,379,1200,412321156,4.74
2012-11-06,379,1204,412324228,2.9829166666666662
2012-11-06,379,1203,412324228,1.9569444444444446
2012-11-06,379,121,247308420,1.1259722222222224
2012-11-06,379,1201,412325769,1.0506944444444444
2012-11-06,379,1202,412325769,2.012777777777778
2012-11-06,379,1211,412033167,2.7695833333333328
2012-11-06,379,1212,412033167,3.1690277777777771
2012-11-06,379,1198,412326049,8.6822222222222223
2012-11-06,379,1197,412326049,5.8081944444444442
2012-11-06,379,1198,412325797,1.8625
2012-11-06,379,1200,412323752,0.21013888888888888
2012-11-06,379,-464,224377000,2.6213888888888888
2012-11-06,379,1199,412325822,1.2581944444444444
2012-11-06,379,1216,412324035,1.0825
2012-11-06,379,1215,412324035,1.1458333333333335
2012-11-06,379,1216,412324047,0.41972222222222222
2012-11-06,379,1215,412324047,1.0084722222222222
2012-11-06,379,1203,412320976,1.5568055555555556
2012-11-06,379,1204,412320976,3.0629166666666667
2012-11-06,379,1198,412325842,3.4333333333333331
2012-11-06,379,1215,412324051,3.4879166666666666
2012-11-06,379,1202,412003298,0.20708333333333334
2012-11-06,379,1201,412003298,0.64597222222222217
2012-11-06,379,1213,412324073,2.8948611111111111
2012-11-06,379,1204,412326384,2.5923611111111109
2012-11-06,379,1204,412326385,2.7461111111111109
2012-11-06,379,1205,412326385,1.3256944444444443
2012-11-06,379,1205,412323838,0.65055555555555555
2012-11-06,635,-175,251319110,2.3308333333333335
2012-11-06,635,-178,251319110,1.5265277777777777
2012-11-06,635,-158,251427000,1.5804166666666668
2012-11-06,635,-237,251141110,1.5194444444444444
2012-11-06,-133,-1205,432346000,2.6904166666666667
2012-11-06,-133,-1228,432343000,0.6084722222222223
2012-11-06,-133,-1229,432343000,0.91666666666666663
2012-11-06,-133,-1241,432353000,0.95986111111111116
2012-11-06,380,212,240096000,1.933888888888889
2012-11-06,380,1201,900900352,0.41986111111111113
2012-11-06,380,1202,900900352,2.9201388888888888
2012-11-06,380,1205,900900352,2.7552777777777777
2012-11-06,380,1204,412321034,0.99027777777777781
2012-11-06,380,1205,412321034,0.24666666666666667
2012-11-06,380,1201,412321034,0.20125
2012-11-06,380,1203,412321034,0.21736111111111112
2012-11-06,380,1202,412321034,2.0956944444444443
2012-11-06,380,1199,412325926,0.41708333333333336
2012-11-06,380,1198,412325926,2.4744444444444449
2012-11-06,380,1200,412323626,4.9315277777777773
2012-11-06,380,1199,412323626,7.0754166666666665
2012-11-06,380,1199,412323633,1.6886111111111113
2012-11-06,380,1201,412326706,2.7726388888888889
2012-11-06,380,1204,800003379,0.78583333333333327
2012-11-06,380,1198,412323635,0.6151388888888889
2012-11-06,380,1199,412323635,1.0418055555555557
2012-11-06,380,1200,412323636,5.3513888888888888
2012-11-06,380,1199,412323636,1.8402777777777777
2012-11-06,380,1199,412323637,0.41361111111111115
2012-11-06,380,1202,412324664,1.24875
2012-11-06,380,-1651,412691770,5.7448611111111108
2012-11-06,380,-1648,412691770,5.5822222222222218
2012-11-06,380,-1647,412691770,4.3595833333333331
2012-11-06,380,1199,412323643,1.2402777777777778
2012-11-06,380,1200,412323643,4.1829166666666655
2012-11-06,380,1202,412324926,1.0473611111111112
2012-11-06,380,1201,412324926,0.60888888888888892
2012-11-06,380,1202,412324927,0.81444444444444453
2012-11-06,380,1201,412324927,0.60902777777777783
2012-11-06,380,1197,412327999,5.088750000000001
2012-11-06,380,1198,412327999,6.7670833333333329
2012-11-06,380,1201,412324161,1.058472222222222
2012-11-06,380,1202,412324161,1.0331944444444445
2012-11-06,380,1203,412324162,0.57624999999999993
2012-11-06,380,1201,412324162,0.93958333333333333
2012-11-06,380,1202,412324162,0.99652777777777768
2012-11-06,380,1200,412323652,5.5358333333333336
2012-11-06,380,1199,412323652,1.6908333333333334
2012-11-06,380,1200,412323653,2.5316666666666663
2012-11-06,380,1199,412323653,0.62694444444444442
2012-11-06,380,1203,412324677,0.77624999999999988
2012-11-06,380,1199,412328005,1.02
2012-11-06,380,1200,412328005,6.4722222222222205
2012-11-06,380,1203,412324166,2.2126388888888893
2012-11-06,380,1199,412325702,5.96611111111111
2012-11-06,380,1199,412328008,2.9941666666666662
2012-11-06,380,1200,412328008,4.5872222222222208
2012-11-06,380,-468,224253000,0.86541666666666661
2012-11-06,380,-469,224253000,1.6911111111111112
2012-11-06,380,-476,224253000,1.0180555555555555
2012-11-06,380,-477,224253000,0.88180555555555551
2012-11-06,380,-470,224253000,2.3756944444444446
2012-11-06,380,1203,412324684,0.87055555555555553
2012-11-06,380,1199,412328012,1.25125
2012-11-06,380,1200,412328012,6.2219444444444436
2012-11-06,380,1200,412323662,0.61555555555555563
2012-11-06,380,1198,412328022,0.20555555555555555
2012-11-06,380,1200,412323673,1.0384722222222222
2012-11-06,380,1203,412324697,0.3997222222222222
2012-11-06,380,1200,412328026,0.4226388888888889
2012-11-06,380,1199,412328026,1.3193055555555555
2012-11-06,380,1201,412324187,1.2540277777777777
2012-11-06,380,1200,412324187,0.82513888888888887
2012-11-06,380,1202,412324187,0.82083333333333341
2012-11-06,380,1203,412324187,1.5226388888888889
2012-11-06,380,1205,412324187,0.97138888888888886
2012-11-06,380,1203,412324189,2.8405555555555555
2012-11-06,380,1201,412325728,4.3230555555555545
2012-11-06,380,1203,412325984,0.74930555555555556
2012-11-06,380,1202,800001633,11.190555555555555
2012-11-06,380,1203,412324705,1.6975
2012-11-06,380,161,247121250,3.80625
2012-11-06,380,162,247121250,5.3770833333333332
2012-11-06,380,1203,412325987,0.6843055555555555
2012-11-06,380,1201,412324196,0.8288888888888889
2012-11-06,380,1203,412324196,1.9708333333333337
2012-11-06,380,1202,412324196,2.0394444444444444
2012-11-06,380,1198,412325988,5.0072222222222216
2012-11-06,380,1200,412323685,3.1955555555555559
2012-11-06,380,1199,412323685,0.5033333333333333
2012-11-06,380,1205,412324197,0.67055555555555557
2012-11-06,380,1202,412324197,1.911388888888889
2012-11-06,380,1204,412324197,0.3001388888888889
2012-11-06,380,1201,412324197,0.81597222222222221
2012-11-06,380,1202,412324201,2.774861111111111
2012-11-06,380,1203,412324201,1.4436111111111112
2012-11-06,380,1204,412324201,0.8575
2012-11-06,380,1201,412324201,0.67375000000000007
2012-11-06,380,1205,412324201,0.46763888888888888
2012-11-06,380,1217,412205673,0.95138888888888884
2012-11-06,380,1203,412324202,1.0968055555555556
2012-11-06,380,1201,412324202,0.20819444444444443
2012-11-06,380,1204,412324202,1.00875
2012-11-06,380,1202,412324202,3.1654166666666663
2012-11-06,380,1205,412324202,0.6413888888888889
2012-11-06,380,1199,412324716,8.2234722222222221
2012-11-06,380,1199,412323695,2.9344444444444449
2012-11-06,380,1200,412323695,11.761805555555561
2012-11-06,380,211,237222000,4.4968055555555564
2012-11-06,380,1203,412325745,1.0461111111111112
2012-11-06,380,1201,910060658,3.0293055555555557
2012-11-06,380,1200,412323698,5.0038888888888877
2012-11-06,380,1199,412323698,0.6375
2012-11-06,380,1200,190700658,9.6280555555555516
2012-11-06,380,1199,190700658,3.9800000000000004
2012-11-06,380,1199,412324729,5.8243055555555561
2012-11-06,380,1202,412324226,0.24583333333333335
2012-11-06,380,1205,412324226,1.8401388888888888
2012-11-06,380,1204,412324226,1.3480555555555553
2012-11-06,380,1203,412324226,3.200277777777778
2012-11-06,380,1203,412324228,0.9836111111111111
2012-11-06,380,1202,412325769,1.6206944444444442
2012-11-06,380,1201,412325769,5.3798611111111105
2012-11-06,380,1199,412323724,5.7015277777777769
2012-11-06,380,139,247101330,2.1195833333333329
2012-11-06,380,138,247101330,1.5906944444444444
2012-11-06,380,142,247101330,11.707500000000001
2012-11-06,380,141,247101330,2.6794444444444445
2012-11-06,380,140,247101330,2.197916666666667
2012-11-06,380,137,247101330,0.89374999999999993
2012-11-06,380,1198,412323731,0.4334722222222222
2012-11-06,380,1200,412323731,2.9558333333333335
2012-11-06,380,1199,412323731,3.625
2012-11-06,380,1200,412323734,4.771805555555555
2012-11-06,380,1199,412323734,3.2562500000000005
2012-11-06,380,1199,412323742,0.40763888888888888
2012-11-06,380,1189,412326561,1.2713888888888891
2012-11-06,380,1198,412325797,4.7288888888888891
2012-11-06,380,1200,412323752,7.4437499999999988
2012-11-06,380,1200,800017836,0.75444444444444447
2012-11-06,380,1199,800017836,0.42652777777777778
2012-11-06,380,1200,412323761,10.74125
2012-11-06,380,1199,412323761,2.4531944444444447
2012-11-06,380,1203,412819123,1.6466666666666667
2012-11-06,380,1199,412326068,3.5483333333333333
2012-11-06,380,1198,412326068,4.595
2012-11-06,380,1199,412323511,0.82861111111111108
2012-11-06,380,1198,412323511,0.20902777777777778
2012-11-06,380,1203,412325815,0.63111111111111118
2012-11-06,380,1199,412323512,3.4101388888888891
2012-11-06,380,1200,412323512,4.2804166666666665
2012-11-06,380,1202,800017849,0.5675
2012-11-06,380,1203,800017849,1.5266666666666666
2012-11-06,380,1200,412323769,2.6694444444444443
2012-11-06,380,1199,412323769,5.7545833333333336
2012-11-06,380,1199,412323516,1.8291666666666668
2012-11-06,380,1198,412323516,0.88597222222222238
2012-11-06,380,1199,412325822,1.9004166666666669
2012-11-06,380,212,237464000,1.1656944444444446
2012-11-06,380,211,237464000,0.45125000000000004
2012-11-06,380,1201,412324800,6.293333333333333
2012-11-06,380,1200,412324800,0.85249999999999992
2012-11-06,380,1199,412323522,3.5345833333333334
2012-11-06,380,1199,412323524,1.4804166666666667
2012-11-06,380,1198,412326086,14.765833333333333
2012-11-06,380,1201,412324041,1.2526388888888889
2012-11-06,380,1205,412324041,0.58805555555555555
2012-11-06,380,1200,412324041,0.63874999999999993
2012-11-06,380,1202,412324041,1.1473611111111111
2012-11-06,380,1204,412324041,0.64194444444444443
2012-11-06,380,1203,412324041,1.2241666666666666
2012-11-06,380,-1649,412420812,3.6548611111111109
2012-11-06,380,1199,412323788,4.5901388888888883
2012-11-06,380,1200,412323788,0.6134722222222222
2012-11-06,380,1200,412323533,3.3184722222222218
2012-11-06,380,1199,412323533,1.8080555555555555
2012-11-06,380,1201,412320976,1.2369444444444444
2012-11-06,380,1203,412320976,0.41722222222222227
2012-11-06,380,1202,412320976,1.2359722222222222
2012-11-06,380,1199,412323536,9.263472222222223
2012-11-06,380,1198,412325842,3.4195833333333341
2012-11-06,380,1200,412326364,4.355
2012-11-06,380,1199,412326364,4.4443055555555562
2012-11-06,380,1201,412003298,0.41097222222222224
2012-11-06,380,1200,412323555,5.959027777777778
2012-11-06,380,1199,412323555,4.4212500000000006
2012-11-06,380,1200,412323556,10.242777777777782
2012-11-06,380,1200,412323558,12.127638888888887
2012-11-06,380,1199,412323561,1.6547222222222222
2012-11-06,380,1200,412323561,5.39875
2012-11-06,380,1199,412323566,4.1736111111111107
2012-11-06,380,1200,412323566,2.2081944444444446
2012-11-06,380,1203,412326384,2.5511111111111107
2012-11-06,380,1202,412326384,0.41708333333333331
2012-11-06,380,1200,412323569,9.8573611111111088
2012-11-06,380,1199,412323569,0.20541666666666666
2012-11-06,380,1203,412321523,11.026111111111112
2012-11-06,380,1204,900900087,2.2380555555555555
2012-11-06,380,1203,900900087,4.242916666666666
2012-11-06,380,1199,412323579,2.5413888888888891
2012-11-06,380,1200,412323579,6.4893055555555561
2012-11-06,380,1200,412326395,13.99861111111111
2012-11-06,380,1200,412323582,5.6880555555555548
2012-11-06,636,-221,251164000,0.97277777777777774
2012-11-06,636,-226,251136110,0.56236111111111109
2012-11-06,636,-229,251136110,4.0358333333333336
2012-11-06,636,-225,251136110,4.9931944444444447
2012-11-06,636,-231,251136110,1.9381944444444443
2012-11-06,636,-228,251136110,1.6604166666666669
2012-11-06,636,-227,251136110,2.2555555555555555
2012-11-06,636,-149,251427000,6.3831944444444444
2012-11-06,636,-160,251427000,0.71986111111111106
2012-11-06,636,-159,251427000,7.6159722222222221
2012-11-06,-132,-1230,432411000,1.5095833333333335
2012-11-06,-132,-1205,432346000,1.2911111111111111
2012-11-06,-132,-1229,432343000,1.8113888888888887
2012-11-06,-132,-1228,432343000,0.92208333333333337
2012-11-06,-132,-1242,432353000,1.6930555555555555
2012-11-06,381,212,240096000,2.1765277777777783
2012-11-06,381,211,240096000,0.80388888888888888
2012-11-06,381,213,240096000,0.41694444444444445
2012-11-06,381,1200,412323588,0.42333333333333334
2012-11-06,381,1199,412323588,0.10611111111111111
2012-11-06,381,1202,820080135,3.6044444444444439
2012-11-06,381,261,237802000,1.1319444444444446
2012-11-06,381,1199,412325926,2.0927777777777776
2012-11-06,381,1198,412325926,0.41638888888888892
2012-11-06,381,-103,224058150,1.3136111111111111
2012-11-06,381,1200,412323626,0.87763888888888886
2012-11-06,381,1199,412323626,3.0122222222222224
2012-11-06,381,209,237438000,2.1888888888888891
2012-11-06,381,1199,412323633,0.20833333333333331
2012-11-06,381,1201,800003379,0.67999999999999994
2012-11-06,381,1204,800003379,5.7880555555555562
2012-11-06,381,1200,800003379,0.92291666666666672
2012-11-06,381,1203,800003379,6.1865277777777781
2012-11-06,381,1202,800003379,0.67527777777777775
2012-11-06,381,1200,412323636,5.5172222222222222
2012-11-06,381,1199,412323636,0.78694444444444445
2012-11-06,381,1198,412323637,0.6447222222222222
2012-11-06,381,1199,412323637,0.20902777777777776
2012-11-06,381,1199,412324661,0.46138888888888885
2012-11-06,381,-1651,412691770,5.4340277777777777
2012-11-06,381,1199,412323643,2.2800000000000002
2012-11-06,381,1198,412323643,0.22319444444444445
2012-11-06,381,1200,412323643,3.3752777777777774
2012-11-06,381,1198,412323645,0.29138888888888886
2012-11-06,381,1198,412327999,2.3804166666666662
2012-11-06,381,1197,412327999,2.664305555555555
2012-11-06,381,1197,412323648,0.36777777777777776
2012-11-06,381,1200,412323648,0.60430555555555554
2012-11-06,381,1200,412324161,2.0787500000000003
2012-11-06,381,1201,412324161,0.40402777777777776
2012-11-06,381,1199,412324161,0.21819444444444447
2012-11-06,381,1200,412324162,2.191527777777778
2012-11-06,381,1199,412324162,0.20069444444444445
2012-11-06,381,1201,412324162,0.47166666666666668
2012-11-06,381,1199,412323652,2.9113888888888888
2012-11-06,381,1200,412323652,2.9091666666666662
2012-11-06,381,1200,412323653,2.2851388888888891
2012-11-06,381,1199,412328005,1.8831944444444446
2012-11-06,381,1200,412328005,6.1002777777777784
2012-11-06,381,1203,412324166,4.4201388888888893
2012-11-06,381,1200,412325702,0.86638888888888888
2012-11-06,381,1199,412325702,2.3063888888888893
2012-11-06,381,1200,412323656,1.4726388888888888
2012-11-06,381,1200,412328008,7.2294444444444457
2012-11-06,381,1199,412328008,1.0951388888888889
2012-11-06,381,-467,224253000,0.96027777777777779
2012-11-06,381,-468,224253000,0.80555555555555558
2012-11-06,381,1200,412328012,5.3266666666666671
2012-11-06,381,1200,412323662,1.2634722222222221
2012-11-06,381,1199,412328022,3.5806944444444442
2012-11-06,381,1198,412328022,0.621388888888889
2012-11-06,381,1200,412323673,0.41083333333333338
2012-11-06,381,1202,412324697,1.93125
2012-11-06,381,1204,412324698,1.6256944444444446
2012-11-06,381,1200,412328026,0.61763888888888885
2012-11-06,381,1203,412325984,2.3601388888888888
2012-11-06,381,1202,820080225,1.6884722222222224
2012-11-06,381,1204,820080225,4.0744444444444445
2012-11-06,381,1203,820080225,3.0820833333333333
2012-11-06,381,1200,412323683,0.90847222222222213
2012-11-06,381,1203,412325987,4.1575
2012-11-06,381,1204,412325987,11.880555555555556
2012-11-06,381,1199,412323685,0.20541666666666666
2012-11-06,381,1199,412323692,0.20069444444444445
2012-11-06,381,1199,412324716,6.829305555555556
2012-11-06,381,1198,412324716,0.24930555555555556
2012-11-06,381,1199,412323695,0.20472222222222222
2012-11-06,381,1200,412323695,1.8784722222222225
2012-11-06,381,211,237222000,4.3122222222222222
2012-11-06,381,209,237222000,0.5723611111111111
2012-11-06,381,212,237222000,3.2555555555555555
2012-11-06,381,213,237222000,0.72902777777777772
2012-11-06,381,210,237222000,1.8012499999999998
2012-11-06,381,1199,412324721,11.629444444444449
2012-11-06,381,1203,412325745,6.3704166666666673
2012-11-06,381,1204,412325745,1.6825
2012-11-06,381,1200,412323698,6.4791666666666652
2012-11-06,381,1199,412323698,1.4823611111111112
2012-11-06,381,1200,190700658,3.5855555555555556
2012-11-06,381,1200,900019577,0.20430555555555557
2012-11-06,381,1201,413812345,1.2261111111111112
2012-11-06,381,1199,412324729,7.95611111111111
2012-11-06,381,1200,412323711,1.4408333333333332
2012-11-06,381,1199,412323717,1.6581944444444445
2012-11-06,381,1201,412325769,1.0456944444444445
2012-11-06,381,1198,412323724,0.71263888888888882
2012-11-06,381,1199,412323724,10.455694444444445
2012-11-06,381,1199,412323731,1.452638888888889
2012-11-06,381,1200,412323731,5.2226388888888886
2012-11-06,381,1200,412323734,1.9130555555555555
2012-11-06,381,1199,412323734,2.902222222222222
2012-11-06,381,1200,412323741,1.2272222222222222
2012-11-06,381,1199,412323742,0.81722222222222218
2012-11-06,381,1199,412323745,0.52347222222222223
2012-11-06,381,1203,412205733,0.70583333333333331
2012-11-06,381,1199,412323752,0.83916666666666662
2012-11-06,381,1200,412323752,5.8812500000000005
2012-11-06,381,1200,800017836,1.5405555555555557
2012-11-06,381,1200,412323757,1.2708333333333333
2012-11-06,381,1200,412323761,3.0780555555555553
2012-11-06,381,1203,412819123,6.4413888888888868
2012-11-06,381,1200,412323763,0.83777777777777773
2012-11-06,381,1199,412326068,3.6433333333333344
2012-11-06,381,1198,412326068,4.2022222222222227
2012-11-06,381,1199,412323511,1.0697222222222222
2012-11-06,381,1203,412325815,1.5595833333333333
2012-11-06,381,1204,412325815,3.8308333333333335
2012-11-06,381,1199,412323512,0.63847222222222222
2012-11-06,381,1200,412323512,5.4030555555555555
2012-11-06,381,1204,800017849,3.9780555555555548
2012-11-06,381,1203,800017849,2.6451388888888885
2012-11-06,381,1202,800017849,0.62055555555555553
2012-11-06,381,1199,412323769,3.3483333333333332
2012-11-06,381,1200,412323769,2.0430555555555556
2012-11-06,381,1198,412323516,1.3305555555555555
2012-11-06,381,1199,412323516,0.23916666666666669
2012-11-06,381,1200,412325822,0.85083333333333333
2012-11-06,381,1199,412325822,2.3544444444444443
2012-11-06,381,1200,412370623,0.21305555555555555
2012-11-06,381,212,237464000,4.3643055555555561
2012-11-06,381,211,237464000,2.5129166666666669
2012-11-06,381,213,237464000,0.43902777777777779
2012-11-06,381,1199,412323522,0.61402777777777784
2012-11-06,381,1199,412323524,0.23013888888888889
2012-11-06,381,1200,412323788,3.2275
2012-11-06,381,1199,412323788,5.2179166666666665
2012-11-06,381,1200,412323533,7.2690277777777794
2012-11-06,381,1200,412320976,1.8606944444444444
2012-11-06,381,1201,412320976,0.20124999999999998
2012-11-06,381,1199,412320976,0.23722222222222222
2012-11-06,381,1200,412323536,0.41888888888888887
2012-11-06,381,1199,412323536,4.7422222222222228
2012-11-06,381,1200,412323545,0.81833333333333336
2012-11-06,381,1199,412326364,2.4999999999999996
2012-11-06,381,1200,412326364,1.6630555555555555
2012-11-06,381,1200,412323555,3.9697222222222219
2012-11-06,381,1199,412323555,1.4768055555555555
2012-11-06,381,1200,412323556,5.5519444444444446
2012-11-06,381,1200,412323558,5.6826388888888877
2012-11-06,381,1200,412323561,2.6929166666666671
2012-11-06,381,1199,412323561,1.4926388888888888
2012-11-06,381,1199,412323566,1.4475000000000002
2012-11-06,381,1200,412323566,2.5554166666666669
2012-11-06,381,1200,412323569,5.7061111111111105
2012-11-06,381,1199,412323573,0.40402777777777782
2012-11-06,381,1204,900900087,10.111805555555556
2012-11-06,381,1203,900900087,3.120972222222222
2012-11-06,381,1200,412323579,3.7906944444444441
2012-11-06,381,1199,412323579,1.9359722222222224
2012-11-06,381,1200,412326395,0.83777777777777773
2012-11-06,381,1199,412323582,1.8423611111111113
2012-11-06,381,1200,412323582,4.4673611111111109
2012-11-06,637,-167,251319110,2.3484722222222221
2012-11-06,637,-163,251319110,3.1327777777777777
2012-11-06,637,-164,251319110,1.5269444444444444
2012-11-06,637,-173,251319110,5.54
2012-11-06,637,-162,251030110,1.5415277777777778
2012-11-06,637,-165,251030110,7.134722222222222
2012-11-06,637,-164,251030110,1.550138888888889
2012-11-06,637,-161,251030110,6.6386111111111115
2012-11-06,637,-160,251030110,5.1934722222222218
2012-11-06,637,-225,251467110,0.75750000000000006
2012-11-06,637,-225,251136110,3.0925
2012-11-06,637,-226,251136110,2.8505555555555557
2012-11-06,637,-561,273433220,2.325
2012-11-06,637,-160,251427000,1.0908333333333333
2012-11-06,637,-224,251301110,1.2573611111111109
2012-11-06,637,-225,251301110,0.7451388888888888
2012-11-06,-131,-1230,432411000,0.88458333333333339
2012-11-06,-131,-1229,432343000,1.4390277777777776
2012-11-06,-131,-1241,432353000,1.905416666666667
2012-11-06,126,-1737,431254000,5.494583333333332
2012-11-06,126,-1736,431254000,5.5693055555555553
2012-11-06,126,-1735,431254000,1.7056944444444444
2012-11-06,382,212,240096000,6.6684722222222224
2012-11-06,382,213,240096000,2.0620833333333333
2012-11-06,382,211,240096000,3.2962500000000006
2012-11-06,382,210,240096000,2.1598611111111108
2012-11-06,382,1199,710080006,0.83902777777777782
2012-11-06,382,1198,710080006,0.89486111111111111
2012-11-06,382,1204,820080135,1.1916666666666667
2012-11-06,382,1203,820080135,6.8248611111111135
2012-11-06,382,1202,820080135,1.5920833333333335
2012-11-06,382,1199,710080007,0.56
2012-11-06,382,1202,412006410,3.2647222222222223
2012-11-06,382,1202,110700044,3.2498611111111115
2012-11-06,382,261,237802000,4.2140277777777779
2012-11-06,382,1198,412323601,0.66166666666666663
2012-11-06,382,-460,224048150,1.7186111111111111
2012-11-06,382,-458,224048150,1.5572222222222223
2012-11-06,382,-456,224048150,5.1141666666666676
2012-11-06,382,-457,224048150,1.4584722222222224
2012-11-06,382,1186,413705752,0.93625
2012-11-06,382,1185,413705752,0.92569444444444449
2012-11-06,382,1198,412820259,16.951944444444443
2012-11-06,382,1199,412325926,1.23875
2012-11-06,382,-103,224058150,1.1595833333333334
2012-11-06,382,1198,412323623,0.87527777777777782
2012-11-06,382,1203,190701095,3.7612499999999995
2012-11-06,382,1200,626856744,1.4441666666666666
2012-11-06,382,1200,412323624,1.0833333333333333
2012-11-06,382,1185,413705769,1.5943055555555556
2012-11-06,382,1186,413705769,0.53986111111111112
2012-11-06,382,208,237438000,0.87152777777777768
2012-11-06,382,209,237438000,4.3095833333333324
2012-11-06,382,210,237438000,1.0766666666666667
2012-11-06,382,1183,410000688,1.8022222222222222
2012-11-06,382,1185,410000688,5.2583333333333329
2012-11-06,382,1184,410000688,15.354861111111111
2012-11-06,382,1199,800003379,0.41263888888888889
2012-11-06,382,1204,800003379,3.6619444444444444
2012-11-06,382,1200,800003379,0.42611111111111111
2012-11-06,382,1181,412326196,4.4576388888888889
2012-11-06,382,1180,412326196,1.6904166666666669
2012-11-06,382,1179,412326196,1.2169444444444444
2012-11-06,382,1182,412326196,10.923750000000002
2012-11-06,382,1198,412323637,1.2359722222222222
2012-11-06,382,1199,412324665,0.7088888888888889
2012-11-06,382,1198,412324665,0.71652777777777776
2012-11-06,382,1200,412323642,1.0551388888888888
2012-11-06,382,1198,412323643,0.27763888888888888
2012-11-06,382,1183,410000188,0.83569444444444441
2012-11-06,382,1198,412323645,0.7319444444444444
2012-11-06,382,1182,412326208,8.7595833333333317
2012-11-06,382,1181,412326208,8.8218055555555566
2012-11-06,382,1200,412323656,1.6666666666666667
2012-11-06,382,1182,800017743,1.5751388888888891
2012-11-06,382,1203,415001175,3.6144444444444446
2012-11-06,382,1202,415001175,1.0730555555555554
2012-11-06,382,1204,412324698,8.68236111111111
2012-11-06,382,1198,412323679,0.20500000000000002
2012-11-06,382,1204,412325984,7.5515277777777783
2012-11-06,382,1204,820080225,3.089722222222222
2012-11-06,382,1203,415001186,1.6509722222222223
2012-11-06,382,1198,412328034,0.20750000000000002
2012-11-06,382,1200,412323683,1.4984722222222222
2012-11-06,382,1198,413415019,0.40527777777777774
2012-11-06,382,1199,412323692,0.20319444444444446
2012-11-06,382,1199,412324716,0.59944444444444445
2012-11-06,382,1200,412328047,1.3245833333333334
2012-11-06,382,212,237222000,3.9722222222222223
2012-11-06,382,209,237222000,2.1448611111111111
2012-11-06,382,213,237222000,0.89861111111111114
2012-11-06,382,1199,412324721,0.2261111111111111
2012-11-06,382,1203,412325745,1.9186111111111108
2012-11-06,382,1204,412325745,6.5059722222222227
2012-11-06,382,1183,800017783,9.5234722222222228
2012-11-06,382,1198,412323704,1.1272222222222223
2012-11-06,382,1200,900019577,0.60791666666666666
2012-11-06,382,1201,413812345,6.9519444444444449
2012-11-06,382,1202,413812345,3.7541666666666673
2012-11-06,382,1185,413705850,0.10236111111111111
2012-11-06,382,1200,412323711,0.62388888888888894
2012-11-06,382,1200,412323717,0.20819444444444446
2012-11-06,382,1199,412323717,0.60611111111111116
2012-11-06,382,1183,800017799,17.041805555555555
2012-11-06,382,1185,800017799,1.2647222222222221
2012-11-06,382,1182,800017799,0.72333333333333327
2012-11-06,382,1184,800017799,1.3604166666666666
2012-11-06,382,1185,413703049,2.1633333333333331
2012-11-06,382,1187,413703049,5.7415277777777778
2012-11-06,382,1204,413020047,0.20555555555555555
2012-11-06,382,1184,410000788,5.893472222222222
2012-11-06,382,1185,410000788,5.9229166666666666
2012-11-06,382,1183,410000788,1.7595833333333335
2012-11-06,382,1183,800008084,3.495
2012-11-06,382,1184,800008084,15.441805555555558
2012-11-06,382,1184,800022676,14.55222222222222
2012-11-06,382,1185,800018069,1.7952777777777778
2012-11-06,382,1184,800018069,1.9116666666666666
2012-11-06,382,1183,800018069,0.65208333333333335
2012-11-06,382,1184,800017818,4.4556944444444442
2012-11-06,382,1183,800017818,4.93125
2012-11-06,382,1200,412323741,0.80944444444444441
2012-11-06,382,1199,412323742,0.20027777777777778
2012-11-06,382,1202,888899999,3.1826388888888886
2012-11-06,382,1198,412323745,1.1345833333333333
2012-11-06,382,1185,413705379,12.665694444444444
2012-11-06,382,1186,413705379,5.2380555555555564
2012-11-06,382,1203,412205733,6.7681944444444451
2012-11-06,382,165,247122090,2.2997222222222224
2012-11-06,382,1200,412323757,1.0540277777777778
2012-11-06,382,1204,412819123,0.43
2012-11-06,382,1200,412323763,1.6656944444444446
2012-11-06,382,1199,412323764,8.6629166666666659
2012-11-06,382,1204,412325815,9.172500000000003
2012-11-06,382,1203,412325815,0.61791666666666667
2012-11-06,382,1201,800017849,0.62319444444444438
2012-11-06,382,1200,800017849,0.20611111111111113
2012-11-06,382,1202,800017849,0.40583333333333338
2012-11-06,382,1204,800017849,3.2148611111111109
2012-11-06,382,1199,412370623,0.84333333333333327
2012-11-06,382,1198,412323519,0.65472222222222221
2012-11-06,382,212,237464000,0.88097222222222227
2012-11-06,382,211,237464000,2.2870833333333334
2012-11-06,382,209,237464000,1.0827777777777778
2012-11-06,382,210,237464000,3.7431944444444443
2012-11-06,382,213,237464000,0.21069444444444446
2012-11-06,382,-308,204856000,16.362083333333334
2012-11-06,382,1198,412323527,0.55305555555555552
2012-11-06,382,262,237805000,0.47402777777777777
2012-11-06,382,261,237805000,1.2640277777777778
2012-11-06,382,1184,410000588,11.398333333333333
2012-11-06,382,1183,410000588,12.377222222222221
2012-11-06,382,1200,412323544,1.2881944444444446
2012-11-06,382,1200,412323545,1.4644444444444447
2012-11-06,382,1203,412323547,1.2527777777777778
2012-11-06,382,1184,413705692,2.0990277777777777
2012-11-06,382,1183,413705692,0.86597222222222225
2012-11-06,382,1200,412323557,0.883888888888889
2012-11-06,382,1184,413706733,1.4147222222222224
2012-11-06,382,1183,413706733,0.76430555555555557
2012-11-06,382,1198,412323573,0.726388888888889
2012-11-06,382,1186,413705717,3.7344444444444442
2012-11-06,382,1184,410000888,1.9565277777777776
2012-11-06,382,1183,410000888,8.1355555555555554
2012-11-06,382,1185,410000888,7.9072222222222219
2012-11-06,638,-559,331072000,1.533611111111111
2012-11-06,638,-229,251140110,3.3397222222222225
2012-11-06,638,-163,251319110,7.1629166666666668
2012-11-06,638,-523,331165000,2.1265277777777776
2012-11-06,638,-524,331165000,4.6683333333333339
2012-11-06,638,-525,331165000,0.25027777777777777
2012-11-06,638,-225,251467110,2.5433333333333334
2012-11-06,638,-160,251057000,8.6486111111111121
2012-11-06,638,-162,251057000,5.8997222222222225
2012-11-06,638,-161,251057000,9.0713888888888885
2012-11-06,638,-564,273433220,1.5416666666666665
2012-11-06,638,-563,273433220,1.5290277777777779
2012-11-06,638,-1748,273242000,0.6958333333333333
2012-11-06,638,-1747,273242000,0.20555555555555555
2012-11-06,638,-1750,273353630,6.9255555555555564
2012-11-06,638,-1747,273353630,6.3747222222222222
2012-11-06,638,-1748,273353630,8.899166666666666
2012-11-06,638,-229,251428000,1.2806944444444444
2012-11-06,638,-228,251283110,4.22625
2012-11-06,638,-229,251283110,0.88361111111111112
2012-11-06,638,-160,251086000,3.6808333333333332
2012-11-06,638,-162,251086000,1.3806944444444444
2012-11-06,638,-161,251086000,1.5348611111111112
2012-11-06,638,-235,251011000,2.8786111111111117
2012-11-06,638,-232,251011000,3.5404166666666668
2012-11-06,638,-234,251011000,0.62569444444444444
2012-11-06,638,-233,251011000,6.297083333333334
2012-11-06,638,-214,251494110,0.42222222222222222
2012-11-06,638,-216,251494110,1.0298611111111111
2012-11-06,638,-225,251301110,0.97277777777777785
2012-11-06,638,-224,251301110,0.25263888888888886
2012-11-06,-130,-1344,440574000,1.5722222222222222
2012-11-06,-130,-1244,432475000,2.77
2012-11-06,-130,-1245,432475000,0.91402777777777777
2012-11-06,-130,-1230,432411000,1.3265277777777778
2012-11-06,-130,-1174,431182000,0.86541666666666672
2012-11-06,-130,-1228,432343000,0.80972222222222223
2012-11-06,-130,-1243,432353000,0.90611111111111109
2012-11-06,-130,-1246,432353000,1.7587499999999998
2012-11-06,-130,-1244,432353000,1.65625
2012-11-06,-130,-1245,432353000,1.4669444444444446
2012-11-06,-130,-1242,432353000,1.4390277777777776
2012-11-06,127,-1559,416002175,5.4602777777777778
2012-11-06,383,1200,710080006,0.81291666666666662
2012-11-06,383,1202,820080135,0.22
2012-11-06,383,1200,710080007,1.0209722222222224
2012-11-06,383,1202,412006410,5.2723611111111106
2012-11-06,383,1202,110700044,5.1359722222222226
2012-11-06,383,1204,415001104,1.165
2012-11-06,383,1203,415001104,2.9387499999999998
2012-11-06,383,262,237802000,1.3040277777777778
2012-11-06,383,261,237802000,2.1893055555555554
2012-11-06,383,1198,412323601,3.0949999999999998
2012-11-06,383,-460,224048150,1.7138888888888888
2012-11-06,383,1200,412323612,0.61597222222222225
2012-11-06,383,1198,412820259,1.6865277777777778
2012-11-06,383,1204,190701091,7.5327777777777793
2012-11-06,383,-104,224058150,1.0995833333333334
2012-11-06,383,1198,412323623,3.2744444444444447
2012-11-06,383,1203,190701095,4.6950000000000012
2012-11-06,383,1200,626856744,0.61638888888888888
2012-11-06,383,1200,412323624,0.6125
2012-11-06,383,1186,413705769,8.7058333333333344
2012-11-06,383,1198,412323628,2.4465277777777779
2012-11-06,383,210,237438000,1.0590277777777779
2012-11-06,383,208,237438000,0.8601388888888889
2012-11-06,383,209,237438000,6.0051388888888884
2012-11-06,383,1186,412415282,0.99597222222222226
2012-11-06,383,1185,412415282,8.7830555555555545
2012-11-06,383,1198,412323637,2.627361111111111
2012-11-06,383,1198,412323638,1.3136111111111113
2012-11-06,383,1198,412324665,0.25902777777777775
2012-11-06,383,1200,412323642,0.9475
2012-11-06,383,1198,412323645,1.7184722222222222
2012-11-06,383,1200,412323656,0.20791666666666667
2012-11-06,383,1178,100902222,3.8874999999999997
2012-11-06,383,1177,100902222,5.51875
2012-11-06,383,1182,800017743,10.59861111111111
2012-11-06,383,1183,800017743,9.0959722222222226
2012-11-06,383,1177,412819025,2.8654166666666665
2012-11-06,383,1178,412819025,0.70347222222222217
2012-11-06,383,1214,412200531,1.9288888888888889
2012-11-06,383,1202,415001175,2.2711111111111109
2012-11-06,383,1203,415001175,1.9881944444444444
2012-11-06,383,1200,412323672,1.4380555555555556
2012-11-06,383,1200,412323673,0.20402777777777775
2012-11-06,383,1198,412323679,3.6130555555555555
2012-11-06,383,1200,412323681,0.41319444444444442
2012-11-06,383,1202,415001186,0.64583333333333337
2012-11-06,383,1203,415001186,4.6643055555555542
2012-11-06,383,1198,412328034,2.1534722222222222
2012-11-06,383,1200,412323683,0.24708333333333332
2012-11-06,383,1216,413666661,6.6026388888888885
2012-11-06,383,1198,412323685,4.2829166666666669
2012-11-06,383,1198,413415019,1.0609722222222222
2012-11-06,383,1200,412328047,0.66180555555555554
2012-11-06,383,105,247143540,5.8081944444444442
2012-11-06,383,1181,900019573,1.05375
2012-11-06,383,1180,900019573,2.8961111111111109
2012-11-06,383,1182,800017783,4.4841666666666669
2012-11-06,383,1183,800017783,0.985
2012-11-06,383,1184,800017783,5.184166666666667
2012-11-06,383,1198,412323704,1.7108333333333334
2012-11-06,383,1200,900019577,0.41305555555555556
2012-11-06,383,1204,412897658,7.8943055555555555
2012-11-06,383,1182,900019580,0.22847222222222222
2012-11-06,383,1181,900019580,5.3572222222222221
2012-11-06,383,1180,900019580,3.7291666666666661
2012-11-06,383,1199,412323711,0.43055555555555558
2012-11-06,383,1200,412323717,0.40486111111111112
2012-11-06,383,259,240229000,2.6048611111111111
2012-11-06,383,258,240229000,4.4111111111111105
2012-11-06,383,1186,413703049,14.59888888888889
2012-11-06,383,1197,412010377,7.6483333333333334
2012-11-06,383,1204,413868686,2.2227777777777775
2012-11-06,383,1203,413868686,0.77986111111111112
2012-11-06,383,1205,413020047,0.87277777777777776
2012-11-06,383,1204,413020047,1.4663888888888887
2012-11-06,383,1203,413020047,1.4484722222222222
2012-11-06,383,1202,413020047,0.61833333333333329
2012-11-06,383,1182,800017811,20.177500000000002
2012-11-06,383,1183,800008084,0.39263888888888887
2012-11-06,383,1182,800008084,1.0920833333333333
2012-11-06,383,1184,800022676,5.32625
2012-11-06,383,1183,800017818,10.151250000000001
2012-11-06,383,1182,800017818,0.8525
2012-11-06,383,1198,412323739,2.6583333333333337
2012-11-06,383,1216,412205468,2.8475
2012-11-06,383,1200,412323741,0.61819444444444449
2012-11-06,383,1201,412701087,6.6729166666666657
2012-11-06,383,1202,888899999,5.3794444444444443
2012-11-06,383,1185,800010400,5.653888888888889
2012-11-06,383,1198,412323745,1.3748611111111111
2012-11-06,383,1188,412326561,11.413055555555557
2012-11-06,383,1203,412205733,4.3401388888888892
2012-11-06,383,1197,412882088,4.8251388888888886
2012-11-06,383,166,247122090,7.6847222222222227
2012-11-06,383,165,247122090,2.5740277777777778
2012-11-06,383,1200,412323757,0.42069444444444448
2012-11-06,383,1202,412080817,0.44319444444444445
2012-11-06,383,1203,412080817,8.9102777777777771
2012-11-06,383,1200,412323763,0.63625
2012-11-06,383,1184,800016052,4.004027777777778
2012-11-06,383,1199,412323764,0.80819444444444444
2012-11-06,383,1203,412325815,0.42458333333333331
2012-11-06,383,1200,800017849,1.8623611111111114
2012-11-06,383,1199,800017849,10.370138888888889
2012-11-06,383,1214,412327869,3.3254166666666665
2012-11-06,383,1203,412370623,0.65569444444444447
2012-11-06,383,1198,412323519,7.460694444444445
2012-11-06,383,210,237464000,1.1493055555555556
2012-11-06,383,209,237464000,0.4458333333333333
2012-11-06,383,-308,204856000,2.115277777777778
2012-11-06,383,1182,900022212,1.9616666666666664
2012-11-06,383,1183,900022212,12.60625
2012-11-06,383,1184,900022212,3.1370833333333334
2012-11-06,383,1198,412323527,2.3545833333333337
2012-11-06,383,1198,412323784,2.898333333333333
2012-11-06,383,1180,100903114,7.1170833333333334
2012-11-06,383,1181,100903114,4.0216666666666665
2012-11-06,383,1199,412323787,3.45875
2012-11-06,383,1199,412323793,1.6697222222222221
2012-11-06,383,1185,412252116,10.365833333333333
2012-11-06,383,1186,412252116,5.1797222222222228
2012-11-06,383,1200,412323544,0.2025
2012-11-06,383,1200,412323545,0.43277777777777782
2012-11-06,383,1200,412326107,0.21111111111111111
2012-11-06,383,1185,413705692,5.1879166666666663
2012-11-06,383,1184,413705692,3.8915277777777773
2012-11-06,383,1182,413705692,1.8738888888888889
2012-11-06,383,1181,413705692,0.20097222222222222
2012-11-06,383,1183,413705692,7.140416666666666
2012-11-06,383,1183,413705698,8.3780555555555551
2012-11-06,383,1200,412323557,0.82638888888888884
2012-11-06,383,1198,412323563,3.2255555555555557
2012-11-06,383,1182,900017647,0.53791666666666671
2012-11-06,383,1181,900017647,1.45125
2012-11-06,383,1180,900017647,3.4118055555555555
2012-11-06,383,262,237206000,0.83902777777777771
2012-11-06,383,261,237206000,0.41958333333333336
2012-11-06,383,1183,413706484,8.9229166666666657
2012-11-06,383,1198,412323573,1.8216666666666668
2012-11-06,383,1187,413705717,5.1843055555555555
2012-11-06,383,1180,900023030,1.8852777777777774
2012-11-06,383,1181,900023030,7.3245833333333348
2012-11-06,383,1200,412323577,0.61444444444444446
2012-11-06,639,99,257183500,0.46361111111111108
2012-11-06,639,-229,251140110,5.9074999999999989
2012-11-06,639,-44,231091000,2.8173611111111114
2012-11-06,639,-149,251330110,4.5784722222222216
2012-11-06,639,-150,251330110,4.5661111111111108
2012-11-06,639,-524,331165000,1.0645833333333332
2012-11-06,639,-525,331165000,0.55277777777777781
2012-11-06,639,-559,273433220,2.3251388888888886
2012-11-06,639,-1750,273242000,4.3447222222222219
2012-11-06,639,-1748,273242000,7.3722222222222218
2012-11-06,639,-1749,273242000,1.5416666666666667
2012-11-06,639,-1747,273242000,0.66875
2012-11-06,639,-229,251428000,0.627361111111111
2012-11-06,639,-228,251428000,0.84291666666666665
2012-11-06,639,-228,251283110,0.64263888888888887
2012-11-06,639,-151,251086000,2.4125
2012-11-06,639,-153,251086000,0.68833333333333335
2012-11-06,639,-152,251086000,4.6945833333333331
2012-11-06,639,98,257071540,0.87472222222222229
2012-11-06,639,97,257071540,1.7008333333333332
2012-11-06,639,-1754,273442270,1.1372222222222221
2012-11-06,639,-1756,273442270,1.8961111111111113
2012-11-06,639,-1758,273442270,1.536111111111111
2012-11-06,-129,-1344,440574000,1.7277777777777779
2012-11-06,-129,-1343,440765000,1.7333333333333334
2012-11-06,-129,-1342,440765000,0.69611111111111112
2012-11-06,-129,-1243,432475000,2.1948611111111109
2012-11-06,-129,-1247,432475000,0.78611111111111109
2012-11-06,-129,-1245,432475000,2.2623611111111108
2012-11-06,-129,-1242,432475000,1.6075000000000002
2012-11-06,-129,-1246,432475000,2.6477777777777778
2012-11-06,-129,-1230,432411000,1.8166666666666667
2012-11-06,-129,-1172,431182000,1.4176388888888889
2012-11-06,-129,-1173,431182000,1.7372222222222222
2012-11-06,-129,-1228,432343000,4.6154166666666665
2012-11-06,-129,-1242,432353000,2.7543055555555558
2012-11-06,-129,-1241,432353000,3.3523611111111111
2012-11-06,-129,-1247,432353000,2.7566666666666668
2012-11-06,128,-1735,431254000,2.8329166666666667
2012-11-06,384,1216,412005123,14.173750000000002
2012-11-06,384,1214,412211717,10.524861111111111
2012-11-06,384,1200,710080006,0.4080555555555555
2012-11-06,384,1200,710080007,0.20180555555555557
2012-11-06,384,1216,412210696,2.5490277777777779
2012-11-06,384,1202,412006410,5.076944444444444
2012-11-06,384,1203,110700044,0.31805555555555554
2012-11-06,384,1202,110700044,14.690833333333334
2012-11-06,384,1201,412810764,0.20805555555555555
2012-11-06,384,1216,412205581,6.4568055555555555
2012-11-06,384,1203,415001104,5.7005555555555558
2012-11-06,384,262,237802000,6.0170833333333338
2012-11-06,384,261,237802000,0.82458333333333322
2012-11-06,384,263,237802000,0.90597222222222218
2012-11-06,384,1198,412323601,1.7916666666666667
2012-11-06,384,1176,800020246,0.5443055555555556
2012-11-06,384,1213,412055322,5.0073611111111109
2012-11-06,384,1177,5918,5.7336111111111112
2012-11-06,384,1199,412323617,2.2534722222222219
2012-11-06,384,1200,412323617,0.30944444444444441
2012-11-06,384,1203,190701091,2.5281944444444449
2012-11-06,384,1204,190701091,0.51986111111111111
2012-11-06,384,-104,224058150,0.25152777777777779
2012-11-06,384,-105,224058150,0.74930555555555556
2012-11-06,384,1198,412323623,0.89180555555555552
2012-11-06,384,1202,190701095,1.6940277777777779
2012-11-06,384,1203,190701095,3.3676388888888882
2012-11-06,384,1198,412323628,1.2351388888888888
2012-11-06,384,209,237438000,2.1751388888888892
2012-11-06,384,1214,810040368,2.5437499999999997
2012-11-06,384,1216,810040368,1.8572222222222223
2012-11-06,384,1214,412055093,11.22375
2012-11-06,384,1198,412323637,0.81208333333333327
2012-11-06,384,1198,412323638,1.337361111111111
2012-11-06,384,1198,412323645,3.737222222222222
2012-11-06,384,1216,412098888,5.2134722222222232
2012-11-06,384,1184,412311113,3.0990277777777777
2012-11-06,384,1177,100902222,11.222499999999997
2012-11-06,384,1176,100902222,0.64583333333333326
2012-11-06,384,1178,100902222,1.7777777777777777
2012-11-06,384,1217,412006735,12.271249999999998
2012-11-06,384,1177,412819025,10.728472222222225
2012-11-06,384,1178,412819025,2.1229166666666668
2012-11-06,384,1214,412200531,5.6886111111111113
2012-11-06,384,1217,412200531,0.39125
2012-11-06,384,1216,412200531,0.69458333333333333
2012-11-06,384,1215,412200531,1.2605555555555554
2012-11-06,384,1203,415001175,9.1915277777777771
2012-11-06,384,1202,415001175,5.1083333333333334
2012-11-06,384,1199,412323672,0.40638888888888891
2012-11-06,384,1200,412323672,1.0559722222222223
2012-11-06,384,1200,412323673,0.62736111111111115
2012-11-06,384,1203,412324701,0.60930555555555554
2012-11-06,384,1204,412324701,2.17
2012-11-06,384,1198,412323679,1.6393055555555556
2012-11-06,384,1200,412323681,0.20972222222222223
2012-11-06,384,1219,412002657,4.1520833333333336
2012-11-06,384,1202,415001186,3.4230555555555551
2012-11-06,384,1198,412328034,0.68708333333333327
2012-11-06,384,1216,413666661,3.1191666666666666
2012-11-06,384,1200,412323692,0.43791666666666668
2012-11-06,384,1214,110789999,11.964305555555555
2012-11-06,384,1215,110789999,0.83583333333333332
2012-11-06,384,1201,412123249,0.22513888888888889
2012-11-06,384,1177,900002675,0.98541666666666661
2012-11-06,384,1199,412325748,2.2406944444444443
2012-11-06,384,1180,900019573,0.20430555555555555
2012-11-06,384,1182,900019573,0.64027777777777772
2012-11-06,384,1181,900019573,7.5240277777777775
2012-11-06,384,1198,412323704,0.97902777777777772
2012-11-06,384,1204,412897658,2.5002777777777783
2012-11-06,384,1180,900019580,0.62013888888888891
2012-11-06,384,1182,900019580,0.23402777777777778
2012-11-06,384,1181,900019580,9.8058333333333376
2012-11-06,384,1176,412819071,0.74416666666666664
2012-11-06,384,258,240229000,1.955972222222222
2012-11-06,384,259,240229000,0.65097222222222229
2012-11-06,384,1202,413868686,4.3258333333333328
2012-11-06,384,1203,413868686,6.2408333333333319
2012-11-06,384,1199,412323726,0.6025
2012-11-06,384,1200,412323726,2.1255555555555556
2012-11-06,384,1204,413020047,1.3254166666666667
2012-11-06,384,1202,413020047,1.7473611111111111
2012-11-06,384,1203,413020047,2.0747222222222224
2012-11-06,384,-476,224052370,1.4522222222222221
2012-11-06,384,-477,224052370,1.4218055555555555
2012-11-06,384,261,237519000,7.9655555555555555
2012-11-06,384,1198,412323739,4.2136111111111108
2012-11-06,384,1216,412205468,6.1947222222222225
2012-11-06,384,1217,412205468,2.4165277777777776
2012-11-06,384,1201,412701087,3.8315277777777776
2012-11-06,384,1202,888899999,3.815
2012-11-06,384,1198,412323745,0.93152777777777773
2012-11-06,384,1182,412326306,21.503611111111113
2012-11-06,384,1203,412205733,4.8095833333333333
2012-11-06,384,166,247122090,0.50027777777777782
2012-11-06,384,167,247122090,2.3248611111111108
2012-11-06,384,1177,412819119,3.0723611111111118
2012-11-06,384,1214,110777777,10.136111111111111
2012-11-06,384,1202,412080817,0.8156944444444445
2012-11-06,384,1201,412080817,0.41486111111111112
2012-11-06,384,1177,800012467,2.5140277777777778
2012-11-06,384,1176,800012467,0.36222222222222222
2012-11-06,384,1183,800016052,1.0308333333333333
2012-11-06,384,1177,800016052,3.3415277777777774
2012-11-06,384,1199,412323764,1.7093055555555554
2012-11-06,384,1177,412819126,4.1180555555555545
2012-11-06,384,1180,800008118,7.3609722222222231
2012-11-06,384,1216,412210106,0.32388888888888889
2012-11-06,384,1214,412327869,4.2663888888888888
2012-11-06,384,1203,412370623,0.46083333333333332
2012-11-06,384,1203,412200641,2.6940277777777779
2012-11-06,384,1202,412200641,1.7095833333333332
2012-11-06,384,1200,412200641,6.97375
2012-11-06,384,1201,412200641,0.32583333333333331
2012-11-06,384,1204,412200641,1.1004166666666666
2012-11-06,384,1198,412323527,1.0330555555555556
2012-11-06,384,1198,412323784,1.5504166666666666
2012-11-06,384,1200,412323529,0.42
2012-11-06,384,1181,100903114,6.4197222222222221
2012-11-06,384,1180,100903114,1.8622222222222222
2012-11-06,384,1197,412323787,13.234444444444444
2012-11-06,384,1199,412323793,1.3169444444444447
2012-11-06,384,1200,412326107,0.83513888888888888
2012-11-06,384,1214,412211164,7.2779166666666661
2012-11-06,384,1213,412211164,9.2511111111111113
2012-11-06,384,1216,412321504,1.2095833333333332
2012-11-06,384,1214,412321504,11.87125
2012-11-06,384,1215,412321504,1.963611111111111
2012-11-06,384,1183,413705698,3.6433333333333335
2012-11-06,384,1180,413705698,0.663611111111111
2012-11-06,384,1181,413705698,2.8638888888888889
2012-11-06,384,1182,413705698,0.87222222222222223
2012-11-06,384,1201,412003298,0.69305555555555554
2012-11-06,384,1198,412323563,1.09625
2012-11-06,384,1200,412625900,1.1501388888888888
2012-11-06,384,1180,900017647,1.5729166666666667
2012-11-06,384,1181,900017647,12.291388888888891
2012-11-06,384,1182,900017647,0.91652777777777783
2012-11-06,384,262,237206000,1.5043055555555556
2012-11-06,384,261,237206000,0.64152777777777781
2012-11-06,384,1204,412323828,0.3091666666666667
2012-11-06,384,1182,413706484,0.41097222222222224
2012-11-06,384,1181,413706484,5.879027777777778
2012-11-06,384,1180,413706484,0.22013888888888888
2012-11-06,384,1198,412323573,1.5743055555555556
2012-11-06,384,1180,900023030,0.20902777777777776
2012-11-06,384,1181,900023030,9.3205555555555577
2012-11-06,384,1182,900023030,1.3056944444444445
2012-11-06,384,1199,412323577,1.1130555555555557
2012-11-06,384,1200,412323577,1.1393055555555556
2012-11-06,384,1200,820040957,4.7894444444444444
2012-11-06,640,-160,251215110,3.0506944444444444
2012-11-06,640,-161,251215110,0.64125
2012-11-06,640,99,257183500,0.22249999999999998
2012-11-06,640,100,257183500,0.43041666666666667
2012-11-06,640,-43,231091000,1.5536111111111111
2012-11-06,640,-44,231091000,1.5402777777777779
2012-11-06,640,-45,231091000,1.5751388888888889
2012-11-06,640,-147,251330110,0.4675
2012-11-06,640,-148,251330110,0.45347222222222222
2012-11-06,640,-146,251330110,0.5197222222222222
2012-11-06,640,-558,273433220,6.3616666666666672
2012-11-06,640,-1750,273242000,1.8697222222222223
2012-11-06,640,-1749,273242000,5.5415277777777776
2012-11-06,640,-1748,273242000,1.54875
2012-11-06,640,-526,316303000,1.6020833333333333
2012-11-06,640,-525,316303000,0.24972222222222221
2012-11-06,640,-1748,273353630,1.5748611111111113
2012-11-06,640,-227,251037110,1.286388888888889
2012-11-06,640,-225,251037110,0.88597222222222227
2012-11-06,640,-226,251037110,1.4780555555555557
2012-11-06,640,-1754,273442270,1.5750000000000002
2012-11-06,640,-585,316011760,2.3166666666666664
2012-11-06,-384,1487,503089600,5.2641666666666671
2012-11-06,-384,1486,503089600,1.9097222222222223
2012-11-06,-128,-1344,440574000,3.2458333333333327
2012-11-06,-128,-1342,441374000,4.3331944444444446
2012-11-06,-128,-1343,440765000,1.2954166666666667
2012-11-06,-128,-1342,440765000,0.87791666666666668
2012-11-06,-128,-1245,432475000,2.7733333333333334
2012-11-06,-128,-1247,432475000,3.4105555555555553
2012-11-06,-128,-1243,432475000,1.715
2012-11-06,-128,-1246,432475000,2.294861111111111
2012-11-06,-128,-1230,432411000,0.90125
2012-11-06,-128,-1172,431182000,1.4458333333333333
2012-11-06,-128,-1171,431182000,1.4629166666666666
2012-11-06,-128,-1216,432856000,3.6319444444444446
2012-11-06,-128,-1241,432353000,1.4488888888888889
2012-11-06,-128,-1242,432353000,1.2386111111111111
2012-11-06,-128,-1202,431382000,1.7016666666666667
2012-11-06,129,-1559,416002175,0.50111111111111106
2012-11-06,129,-1558,416002175,1.3320833333333333
2012-11-06,385,1215,412211716,0.88361111111111112
2012-11-06,385,1214,412211716,0.48861111111111111
2012-11-06,385,1199,412323592,1.2062499999999998
2012-11-06,385,1215,412210696,0.68180555555555555
2012-11-06,385,1214,412210696,2.0859722222222223
2012-11-06,385,1216,412210696,2.1201388888888886
2012-11-06,385,1202,412006410,2.6172222222222219
2012-11-06,385,1201,412006410,13.446805555555557
2012-11-06,385,1201,412006668,19.033333333333331
2012-11-06,385,1200,412810764,0.51625
2012-11-06,385,1201,412810764,18.8175
2012-11-06,385,262,237802000,1.0563888888888888
2012-11-06,385,263,237802000,1.3627777777777776
2012-11-06,385,261,237802000,0.74444444444444446
2012-11-06,385,1198,412323601,0.66972222222222233
2012-11-06,385,1179,223456789,12.783472222222223
2012-11-06,385,-461,224048150,5.18125
2012-11-06,385,-463,224048150,1.78625
2012-11-06,385,-460,224048150,1.64125
2012-11-06,385,1214,412201751,0.50166666666666671
2012-11-06,385,1213,412201751,1.6147222222222222
2012-11-06,385,1214,412201752,0.62652777777777779
2012-11-06,385,1213,412201752,0.73916666666666675
2012-11-06,385,1214,412201755,3.1791666666666667
2012-11-06,385,1213,412201755,4.75125
2012-11-06,385,1216,412201755,1.3051388888888888
2012-11-06,385,1215,412201755,3.5261111111111112
2012-11-06,385,1199,412323612,4.2347222222222225
2012-11-06,385,1200,412323612,0.63666666666666671
2012-11-06,385,1179,5918,12.090694444444445
2012-11-06,385,1180,5918,0.39486111111111111
2012-11-06,385,1199,412323617,1.0320833333333335
2012-11-06,385,-110,224058150,5.4209722222222219
2012-11-06,385,-106,224058150,0.66513888888888884
2012-11-06,385,-105,224058150,0.53375
2012-11-06,385,1202,190701095,7.9395833333333323
2012-11-06,385,1203,190701095,0.25555555555555554
2012-11-06,385,1200,412323625,0.12472222222222222
2012-11-06,385,1218,412205097,0.80624999999999991
2012-11-06,385,1215,412207149,2.1411111111111114
2012-11-06,385,1214,412207149,4.2506944444444441
2012-11-06,385,1200,412323631,0.10527777777777778
2012-11-06,385,1214,412201007,3.7968055555555553
2012-11-06,385,1214,810040368,1.1038888888888889
2012-11-06,385,1215,810040368,1.0916666666666668
2012-11-06,385,1216,810040368,1.2909722222222224
2012-11-06,385,1202,100700216,0.72972222222222216
2012-11-06,385,1215,412204092,1.2340277777777777
2012-11-06,385,1216,412204092,5.3372222222222216
2012-11-06,385,1214,412204092,0.95888888888888879
2012-11-06,385,1218,412325693,1.5891666666666666
2012-11-06,385,1214,412206911,7.8776388888888889
2012-11-06,385,1215,412206911,4.1775
2012-11-06,385,1214,412211263,2.3608333333333333
2012-11-06,385,1213,412211263,11.780416666666664
2012-11-06,385,1216,412200768,6.8475
2012-11-06,385,1214,412206912,2.155416666666667
2012-11-06,385,1213,412206912,4.4001388888888888
2012-11-06,385,1215,412206912,2.6045833333333333
2012-11-06,385,1217,412206912,0.51777777777777778
2012-11-06,385,1216,412206912,3.55625
2012-11-06,385,1213,412211264,6.1598611111111108
2012-11-06,385,1214,800005444,3.6156944444444443
2012-11-06,385,1216,800005444,1.848611111111111
2012-11-06,385,1213,800005444,1.9479166666666665
2012-11-06,385,1215,800005444,3.2697222222222218
2012-11-06,385,1214,412201541,9.761388888888888
2012-11-06,385,1216,412201541,6.6033333333333335
2012-11-06,385,234,237149000,8.3890277777777769
2012-11-06,385,1182,412311114,11.899583333333338
2012-11-06,385,1181,412311114,8.0981944444444451
2012-11-06,385,1215,8072781,1.2173611111111111
2012-11-06,385,1214,8072781,1.1327777777777777
2012-11-06,385,1200,412323662,0.6906944444444445
2012-11-06,385,1199,412323662,7.1030555555555557
2012-11-06,385,1176,100902222,1.1838888888888888
2012-11-06,385,1217,412006735,0.34986111111111112
2012-11-06,385,1179,412819025,4.0505555555555555
2012-11-06,385,1179,412819027,16.250000000000007
2012-11-06,385,1176,412819027,2.0743055555555556
2012-11-06,385,1180,412080211,20.292083333333331
2012-11-06,385,1202,415001175,0.4127777777777778
2012-11-06,385,1203,415001175,0.62027777777777782
2012-11-06,385,1199,412323672,3.48736111111111
2012-11-06,385,1199,412323673,0.76902777777777775
2012-11-06,385,1200,412323673,0.64708333333333334
2012-11-06,385,1214,412015451,1.6722222222222221
2012-11-06,385,1213,412015451,8.4880555555555546
2012-11-06,385,1216,412015451,0.92666666666666675
2012-11-06,385,1215,412015451,1.4345833333333335
2012-11-06,385,1204,412324703,5.2844444444444445
2012-11-06,385,1219,412002657,2.3494444444444444
2012-11-06,385,1200,412323692,0.10055555555555555
2012-11-06,385,1182,800016237,13.150277777777779
2012-11-06,385,1214,412205421,2.7101388888888889
2012-11-06,385,1215,412205421,1.4719444444444445
2012-11-06,385,1213,412205421,12.483055555555556
2012-11-06,385,1216,412205421,0.63513888888888892
2012-11-06,385,1200,412123249,0.21611111111111111
2012-11-06,385,1179,900002675,18.642916666666668
2012-11-06,385,1215,800001652,10.62361111111111
2012-11-06,385,1199,412325748,4.2851388888888886
2012-11-06,385,1179,800017781,9.72625
2012-11-06,385,1215,412203895,1.3963888888888887
2012-11-06,385,1216,412203895,1.3793055555555553
2012-11-06,385,1214,412203895,12.702361111111109
2012-11-06,385,1214,412205431,1.8070833333333334
2012-11-06,385,1215,412205431,3.0356944444444443
2012-11-06,385,234,237659000,10.330833333333333
2012-11-06,385,1200,412323708,0.43208333333333332
2012-11-06,385,1199,412323708,2.3072222222222223
2012-11-06,385,1176,412819071,4.096111111111111
2012-11-06,385,1177,412819071,0.24138888888888888
2012-11-06,385,1217,412205695,0.97666666666666657
2012-11-06,385,1218,412205695,1.2386111111111111
2012-11-06,385,1216,412205695,0.47902777777777777
2012-11-06,385,1176,412819073,4.190833333333333
2012-11-06,385,1201,412002188,11.353055555555555
2012-11-06,385,1199,412323726,1.6062500000000002
2012-11-06,385,1204,413020047,0.25180555555555556
2012-11-06,385,1203,413020047,1.2020833333333334
2012-11-06,385,1216,412205457,1.36125
2012-11-06,385,1213,412205457,3.8802777777777777
2012-11-06,385,1215,412205457,3.1131944444444444
2012-11-06,385,1214,412205457,2.9476388888888883
2012-11-06,385,-478,224052370,2.5765277777777778
2012-11-06,385,-475,224052370,5.1248611111111115
2012-11-06,385,1218,412205468,2.614583333333333
2012-11-06,385,1201,412701087,2.6191666666666666
2012-11-06,385,1216,412201121,0.21166666666666667
2012-11-06,385,1202,412205733,4.2148611111111105
2012-11-06,385,1203,412205733,3.3044444444444441
2012-11-06,385,266,271072422,8.9729166666666664
2012-11-06,385,1214,412203943,3.32125
2012-11-06,385,1215,412203943,1.0293055555555557
2012-11-06,385,1216,412203943,6.087361111111111
2012-11-06,385,166,247122090,1.5495833333333333
2012-11-06,385,167,247122090,2.67625
2012-11-06,385,1179,412819119,21.706805555555555
2012-11-06,385,1176,412819119,0.77402777777777776
2012-11-06,385,1177,412819119,0.87986111111111109
2012-11-06,385,-93,263407280,2.2945833333333332
2012-11-06,385,-94,263407280,2.3924999999999996
2012-11-06,385,1179,800012467,18.506388888888882
2012-11-06,385,1176,800012467,1.3594444444444442
2012-11-06,385,1215,412211635,3.0983333333333336
2012-11-06,385,1214,412211635,11.530277777777778
2012-11-06,385,1216,412211635,3.9225000000000003
2012-11-06,385,1218,412211637,1.8972222222222221
2012-11-06,385,1216,412211637,4.354166666666667
2012-11-06,385,1215,412211637,2.1288888888888891
2012-11-06,385,1217,412211637,1.8845833333333335
2012-11-06,385,1177,412819126,0.92555555555555546
2012-11-06,385,1179,412819126,17.855416666666667
2012-11-06,385,1180,800008118,16.401388888888889
2012-11-06,385,1213,412201142,0.82347222222222216
2012-11-06,385,1214,412201142,3.4598611111111111
2012-11-06,385,1215,412201142,2.0630555555555556
2012-11-06,385,1217,412201142,0.66402777777777777
2012-11-06,385,1216,412201142,3.683472222222222
2012-11-06,385,1214,412001207,3.6937500000000005
2012-11-06,385,1213,412001207,2.0943055555555556
2012-11-06,385,1216,412001207,1.50875
2012-11-06,385,1215,412001207,3.2619444444444436
2012-11-06,385,1216,412210106,3.6086111111111108
2012-11-06,385,1214,412210106,3.06875
2012-11-06,385,1203,412326331,3.2552777777777777
2012-11-06,385,1201,412326331,0.2747222222222222
2012-11-06,385,1202,412326331,6.2594444444444441
2012-11-06,385,266,271072444,4.1099999999999994
2012-11-06,385,-97,263414460,3.6806944444444447
2012-11-06,385,1200,412323773,0.11152777777777778
2012-11-06,385,1214,412211134,13.030416666666666
2012-11-06,385,1216,412211134,2.9626388888888888
2012-11-06,385,1202,412200641,0.71194444444444449
2012-11-06,385,1179,100712130,14.102361111111108
2012-11-06,385,1216,412210629,0.89680555555555563
2012-11-06,385,1198,412323784,0.46763888888888883
2012-11-06,385,1199,412323529,0.26611111111111113
2012-11-06,385,1200,412323529,0.86541666666666672
2012-11-06,385,1215,412202188,1.7726388888888889
2012-11-06,385,1216,412202188,0.22805555555555557
2012-11-06,385,1213,412202188,1.3373611111111112
2012-11-06,385,1214,412202188,1.872638888888889
2012-11-06,385,1215,412216525,2.7570833333333336
2012-11-06,385,1214,412216525,0.6809722222222222
2012-11-06,385,1215,412205518,1.433888888888889
2012-11-06,385,1216,412205518,0.65777777777777779
2012-11-06,385,1214,412205518,10.242222222222221
2012-11-06,385,1216,412211665,4.6551388888888887
2012-11-06,385,1176,800016341,7.49388888888889
2012-11-06,385,1177,800016341,0.24236111111111111
2012-11-06,385,1213,412205525,2.9161111111111113
2012-11-06,385,1215,412205525,3.0531944444444448
2012-11-06,385,1214,412205525,2.9794444444444443
2012-11-06,385,1181,800013530,23.657083333333329
2012-11-06,385,1200,412326107,0.46527777777777779
2012-11-06,385,1214,412201437,10.150833333333333
2012-11-06,385,1215,412055008,10.039722222222222
2012-11-06,385,1201,412003298,14.590555555555557
2012-11-06,385,1214,412211682,0.42083333333333334
2012-11-06,385,1213,412211682,0.73083333333333333
2012-11-06,385,1217,412211692,0.25847222222222221
2012-11-06,385,1216,412211693,0.9375
2012-11-06,385,258,237206000,1.038888888888889
2012-11-06,385,257,237206000,2.005
2012-11-06,385,1201,412326385,2.0233333333333334
2012-11-06,385,1198,412323573,1.8736111111111113
2012-11-06,385,1213,412202231,7.1208333333333336
2012-11-06,385,1216,412202231,5.5422222222222226
2012-11-06,385,1215,412202231,2.1297222222222221
2012-11-06,385,1214,412202231,2.8688888888888884
2012-11-06,385,1199,412323578,1.2313888888888889
2012-11-06,385,1200,412323578,0.29013888888888889
2012-11-06,385,1201,820040957,11.682222222222222
2012-11-06,385,1200,820040957,1.5934722222222222
2012-11-06,641,-160,251215110,1.3263888888888891
2012-11-06,641,-223,251364110,0.85972222222222228
2012-11-06,641,-144,251330110,1.1251388888888889
2012-11-06,641,-519,316303000,0.43694444444444441
2012-11-06,641,-226,251037110,0.87208333333333332
2012-11-06,641,-584,316011760,1.5609722222222222
2012-11-06,641,-585,316011760,1.5320833333333335
2012-11-06,641,-586,316011760,6.375
2012-11-06,-383,-738,725000970,4.149861111111111
2012-11-06,-383,1486,503089600,5.0500000000000007
2012-11-06,-383,1487,503089600,11.616666666666667
2012-11-06,-127,-1306,440703000,1.5990277777777777
2012-11-06,-127,-1344,440574000,0.92930555555555561
2012-11-06,-127,-1343,440574000,0.91236111111111118
2012-11-06,-127,-1343,440765000,0.91944444444444451
2012-11-06,-127,-1230,432411000,1.3513888888888888
2012-11-06,-127,-1171,431182000,0.820138888888889
2012-11-06,-127,-1216,432856000,1.8209722222222224
2012-11-06,-127,-1202,431382000,2.3093055555555555
2012-11-06,130,-177,224146000,1.15625
2012-11-06,130,-1559,416002175,0.47472222222222221
2012-11-06,130,-1560,416002175,1.65875
2012-11-06,130,-1561,416002175,2.4686111111111111
2012-11-06,130,-1737,431254000,2.8511111111111109
2012-11-06,386,1217,412205571,15.269722222222228
2012-11-06,386,1218,412205572,0.74708333333333332
2012-11-06,386,1213,412211716,0.57472222222222225
2012-11-06,386,1214,412211716,1.67
2012-11-06,386,1216,412211716,3.2543055555555558
2012-11-06,386,1217,412211716,1.8122222222222222
2012-11-06,386,1215,412211716,1.9277777777777776
2012-11-06,386,1213,412225288,0.2336111111111111
2012-11-06,386,1214,412225288,15.514166666666668
2012-11-06,386,1218,412205577,1.6963888888888889
2012-11-06,386,1216,820040971,12.79875
2012-11-06,386,1201,412006668,0.42541666666666667
2012-11-06,386,1215,412211213,0.43791666666666662
2012-11-06,386,1215,412211214,0.41638888888888886
2012-11-06,386,1214,412202767,0.5330555555555555
2012-11-06,386,233,237930000,5.3994444444444438
2012-11-06,386,1217,412327698,3.87
2012-11-06,386,1217,412205586,0.21805555555555556
2012-11-06,386,1216,412207122,0.62694444444444442
2012-11-06,386,1217,412207122,0.97513888888888889
2012-11-06,386,1214,412207122,0.655
2012-11-06,386,1215,412201749,0.99902777777777785
2012-11-06,386,1214,412201749,1.3730555555555557
2012-11-06,386,1217,412201749,1.8511111111111114
2012-11-06,386,1216,412201749,5.576249999999999
2012-11-06,386,1214,412205589,0.54125
2012-11-06,386,1217,415865623,4.3455555555555554
2012-11-06,386,1214,412201751,1.4629166666666666
2012-11-06,386,1213,412201751,0.77402777777777776
2012-11-06,386,1216,412211735,3.2088888888888887
2012-11-06,386,1213,412211735,1.1051388888888889
2012-11-06,386,1214,412211735,2.2716666666666669
2012-11-06,386,1215,412211735,1.0443055555555556
2012-11-06,386,1214,412201752,0.93027777777777787
2012-11-06,386,1213,412201752,1.9586111111111111
2012-11-06,386,1215,412206877,3.4845833333333331
2012-11-06,386,1214,412206877,3.4241666666666668
2012-11-06,386,1213,412206877,7.9418055555555558
2012-11-06,386,1216,412206877,0.42444444444444446
2012-11-06,386,1216,412206878,3.9037499999999996
2012-11-06,386,1214,412206878,2.8151388888888889
2012-11-06,386,1215,412206878,3.4511111111111115
2012-11-06,386,1215,412200481,3.3002777777777781
2012-11-06,386,1214,412200481,3.1394444444444445
2012-11-06,386,1217,412200481,0.7625
2012-11-06,386,1216,412200481,3.2134722222222218
2012-11-06,386,1215,412201249,2.6448611111111111
2012-11-06,386,1216,412201249,4.1291666666666664
2012-11-06,386,1213,412201249,7.433472222222222
2012-11-06,386,1214,412201249,2.6243055555555554
2012-11-06,386,1216,412205602,2.5677777777777773
2012-11-06,386,1215,412205602,0.85555555555555562
2012-11-06,386,1214,412205602,1.9190277777777778
2012-11-06,386,1216,412205603,2.3930555555555557
2012-11-06,386,1214,412205603,2.364444444444445
2012-11-06,386,1215,412205603,0.82472222222222225
2012-11-06,386,-107,224058150,0.47583333333333333
2012-11-06,386,-111,224058150,1.4044444444444446
2012-11-06,386,-106,224058150,0.45027777777777778
2012-11-06,386,1217,412205618,11.50347222222222
2012-11-06,386,1216,412321845,4.8747222222222222
2012-11-06,386,1215,412321845,3.0311111111111111
2012-11-06,386,1214,412321845,8.4722222222222232
2012-11-06,386,1215,412210744,1.7468055555555555
2012-11-06,386,1216,412210744,3.6901388888888884
2012-11-06,386,1217,412210744,2.330972222222222
2012-11-06,386,1214,412210744,3.6536111111111103
2012-11-06,386,1217,412568636,13.083749999999998
2012-11-06,386,1220,412325693,0.93208333333333337
2012-11-06,386,1217,412325693,2.4686111111111111
2012-11-06,386,1221,412325693,0.36638888888888888
2012-11-06,386,1218,412325693,3.4913888888888884
2012-11-06,386,1216,412200768,2.9084722222222221
2012-11-06,386,1216,100702529,8.5183333333333344
2012-11-06,386,234,237149000,4.3005555555555555
2012-11-06,386,233,237149000,7.4376388888888885
2012-11-06,386,1214,412200526,0.74347222222222231
2012-11-06,386,1214,412210002,0.45958333333333334
2012-11-06,386,1176,412819027,3.2180555555555554
2012-11-06,386,266,271069017,2.3052777777777775
2012-11-06,386,1216,412015451,0.70291666666666663
2012-11-06,386,1217,412015451,2.9109722222222221
2012-11-06,386,1215,412204127,3.0537500000000004
2012-11-06,386,1214,412204127,2.4508333333333332
2012-11-06,386,1213,412204127,0.99152777777777779
2012-11-06,386,1216,412204127,4.9634722222222223
2012-11-06,386,1218,412205408,1.2698611111111111
2012-11-06,386,-380,224108130,2.67
2012-11-06,386,-376,224108130,1.7847222222222223
2012-11-06,386,-378,224108130,1.7456944444444447
2012-11-06,386,-385,224108130,2.5581944444444442
2012-11-06,386,1215,412204139,2.294027777777778
2012-11-06,386,1216,412204139,4.7290277777777776
2012-11-06,386,1214,412204139,11.402361111111111
2012-11-06,386,1216,412205421,0.20555555555555555
2012-11-06,386,1217,412205421,0.76986111111111111
2012-11-06,386,1214,412205422,1.7343055555555555
2012-11-06,386,1215,412205422,2.995
2012-11-06,386,1216,412205422,0.6218055555555555
2012-11-06,386,1216,412205423,0.62194444444444441
2012-11-06,386,1214,412205423,1.595277777777778
2012-11-06,386,1215,412205423,3.0205555555555557
2012-11-06,386,1200,412123249,14.165277777777776
2012-11-06,386,1215,800001652,0.52916666666666667
2012-11-06,386,1216,412203895,2.9794444444444443
2012-11-06,386,234,237659000,6.6093055555555553
2012-11-06,386,1215,412203896,1.3251388888888889
2012-11-06,386,1214,412203896,1.1377777777777778
2012-11-06,386,1216,412203896,10.974305555555555
2012-11-06,386,1217,412205432,2.9481944444444439
2012-11-06,386,1214,412205432,2.5363888888888892
2012-11-06,386,1215,412205432,2.7213888888888889
2012-11-06,386,1216,412205432,3.2465277777777772
2012-11-06,386,1217,412205433,10.169444444444446
2012-11-06,386,1217,412203901,1.4547222222222222
2012-11-06,386,1215,412203901,1.2804166666666665
2012-11-06,386,1214,412203901,0.53361111111111115
2012-11-06,386,1216,412203901,4.2411111111111115
2012-11-06,386,1176,412819071,1.8087499999999996
2012-11-06,386,1218,412205695,0.52194444444444443
2012-11-06,386,1215,412205695,1.8813888888888888
2012-11-06,386,1216,412205695,3.1094444444444447
2012-11-06,386,1217,412205695,1.7723611111111111
2012-11-06,386,1214,412205695,0.66041666666666665
2012-11-06,386,1176,412819073,18.324722222222217
2012-11-06,386,1200,412325761,0.13638888888888889
2012-11-06,386,1214,412205186,0.87222222222222223
2012-11-06,386,1215,412205186,1.4668055555555557
2012-11-06,386,1216,412205186,1.5681944444444444
2012-11-06,386,1216,412568966,11.160555555555556
2012-11-06,386,1217,800001160,9.2058333333333326
2012-11-06,386,1214,412010376,14.918194444444449
2012-11-06,386,1217,412201099,0.97152777777777777
2012-11-06,386,1218,412201099,1.0133333333333332
2012-11-06,386,1201,412002188,2.6143055555555557
2012-11-06,386,1214,412019343,2.0813888888888892
2012-11-06,386,1213,412019343,2.018472222222222
2012-11-06,386,233,237658000,19.080972222222222
2012-11-06,386,-481,224052370,2.6330555555555559
2012-11-06,386,260,237519000,3.1756944444444444
2012-11-06,386,259,237519000,3.2755555555555556
2012-11-06,386,261,237519000,2.0969444444444445
2012-11-06,386,262,237519000,0.24916666666666665
2012-11-06,386,1213,412203928,0.7425
2012-11-06,386,1214,412203928,2.6901388888888889
2012-11-06,386,1215,412203928,4.3169444444444443
2012-11-06,386,1216,412203928,1.4819444444444445
2012-11-06,386,1217,412203928,2.0895833333333336
2012-11-06,386,1215,412205469,7.9676388888888887
2012-11-06,386,1216,412205469,0.62722222222222213
2012-11-06,386,1199,412323742,0.11527777777777778
2012-11-06,386,1217,402012319,2.7631944444444447
2012-11-06,386,1217,412211615,3.298888888888889
2012-11-06,386,1216,412211615,3.3150000000000004
2012-11-06,386,1215,412211615,3.2863888888888888
2012-11-06,386,1214,412211615,1.8094444444444444
2012-11-06,386,1215,412201121,2.8190277777777779
2012-11-06,386,1217,412201121,2.5506944444444444
2012-11-06,386,1216,412201121,3.0259722222222218
2012-11-06,386,1214,412201121,2.2118055555555554
2012-11-06,386,1214,412211618,1.5391666666666666
2012-11-06,386,1215,412211618,1.2233333333333332
2012-11-06,386,1216,412211618,1.0604166666666666
2012-11-06,386,1216,412205475,3.5926388888888892
2012-11-06,386,1214,412205475,3.4123611111111112
2012-11-06,386,1213,412205475,0.82444444444444454
2012-11-06,386,1215,412205475,3.1630555555555557
2012-11-06,386,1213,412203943,1.1829166666666666
2012-11-06,386,1217,412205487,11.917916666666668
2012-11-06,386,1217,412211636,1.7336111111111112
2012-11-06,386,1214,412211636,3.7798611111111109
2012-11-06,386,1216,412211636,2.8275
2012-11-06,386,1215,412211636,2.8123611111111115
2012-11-06,386,1213,412211636,6.0606944444444437
2012-11-06,386,1214,412211637,0.74027777777777781
2012-11-06,386,1215,412211637,0.86902777777777773
2012-11-06,386,1213,412201142,0.50277777777777777
2012-11-06,386,1213,412001207,5.9583333333333339
2012-11-06,386,231,240099000,1.0847222222222221
2012-11-06,386,232,240099000,0.87888888888888894
2012-11-06,386,267,271072444,2.8288888888888888
2012-11-06,386,266,271072444,1.1795833333333334
2012-11-06,386,-97,263414460,6.9379166666666654
2012-11-06,386,-98,263414460,0.6744444444444444
2012-11-06,386,1216,412210629,6.4904166666666665
2012-11-06,386,1213,412211657,11.941805555555558
2012-11-06,386,1216,415080139,9.7611111111111111
2012-11-06,386,1217,415080139,6.7118055555555554
2012-11-06,386,1216,412202188,1.4893055555555554
2012-11-06,386,1217,412202188,2.5029166666666667
2012-11-06,386,1215,412216525,1.6527777777777777
2012-11-06,386,1213,412216525,0.88777777777777778
2012-11-06,386,1214,412216525,4.2197222222222228
2012-11-06,386,1217,412205518,2.0025
2012-11-06,386,1216,412205518,0.81916666666666671
2012-11-06,386,1216,412211665,1.195138888888889
2012-11-06,386,1216,412210387,5.56
2012-11-06,386,1217,412210387,1.27625
2012-11-06,386,1214,412210387,1.2084722222222222
2012-11-06,386,1215,412210387,3.5340277777777773
2012-11-06,386,1176,800016341,15.383194444444445
2012-11-06,386,1216,412211673,3.0700000000000003
2012-11-06,386,1200,412326107,0.35791666666666666
2012-11-06,386,1215,412211678,3.0525
2012-11-06,386,1214,412211678,1.51
2012-11-06,386,1217,412211678,3.0413888888888891
2012-11-06,386,1216,412211678,3.0505555555555555
2012-11-06,386,1216,412211679,3.007222222222222
2012-11-06,386,1215,412211679,3.2444444444444445
2012-11-06,386,1214,412211679,2.145
2012-11-06,386,1201,412003298,0.64902777777777776
2012-11-06,386,1214,412211682,0.92277777777777781
2012-11-06,386,1217,412205543,14.165277777777778
2012-11-06,386,1216,412211689,1.4766666666666666
2012-11-06,386,1217,412211689,2.6338888888888889
2012-11-06,386,1215,412211689,4.8880555555555558
2012-11-06,386,1214,412211689,2.3968055555555554
2012-11-06,386,83,247150060,6.3483333333333336
2012-11-06,386,1215,412211692,0.69805555555555554
2012-11-06,386,1216,412211692,1.0958333333333332
2012-11-06,386,1217,412211692,0.8784722222222221
2012-11-06,386,1218,412211692,3.2786111111111111
2012-11-06,386,1214,412211692,0.68805555555555553
2012-11-06,386,1214,412211693,0.21194444444444444
2012-11-06,386,1216,412211693,0.80833333333333335
2012-11-06,386,1215,412211693,1.0708333333333333
2012-11-06,386,1218,412211693,3.284583333333333
2012-11-06,386,260,237206000,1.725
2012-11-06,386,259,237206000,1.3120833333333333
2012-11-06,386,258,237206000,2.36375
2012-11-06,386,262,237206000,0.25291666666666668
2012-11-06,386,261,237206000,1.5619444444444446
2012-11-06,386,257,237206000,0.25097222222222221
2012-11-06,386,1215,412205045,1.2370833333333333
2012-11-06,386,1216,412205045,1.8845833333333335
2012-11-06,386,1214,412205045,0.51569444444444446
2012-11-06,386,1214,412202231,0.50791666666666668
2012-11-06,386,1213,412202231,0.16013888888888889
2012-11-06,642,-223,251364110,2.2009722222222226
2012-11-06,642,-222,251364110,4.2995833333333335
2012-11-06,642,-226,251588110,0.92791666666666661
2012-11-06,642,-143,251330110,2.399861111111111
2012-11-06,642,-144,251330110,3.4322222222222223
2012-11-06,642,-558,273433220,1.5055555555555555
2012-11-06,642,-224,251081110,0.5773611111111111
2012-11-06,642,-225,251081110,0.57111111111111112
2012-11-06,642,-585,316011760,3.0930555555555554
2012-11-06,642,-584,316011760,7.9763888888888879
2012-11-06,-382,-743,725000970,5.43
2012-11-06,-382,-741,725001320,4.1701388888888893
2012-11-06,-382,-743,725000580,3.2504166666666663
2012-11-06,-126,-1309,440703000,2.7387499999999996
2012-11-06,-126,-1308,440703000,1.3483333333333332
2012-11-06,-126,-1311,440703000,3.5790277777777777
2012-11-06,-126,-1310,440703000,1.4656944444444444
2012-11-06,-126,-1306,440703000,1.6902777777777778
2012-11-06,-126,-821,412420644,23.613611111111112
2012-11-06,-126,-821,412420645,15.212222222222223
2012-11-06,-126,-1343,440574000,1.6554166666666665
2012-11-06,-126,-1342,441374000,1.783611111111111
2012-11-06,-126,-1341,440765000,1.9751388888888888
2012-11-06,-126,-1343,440765000,1.8002777777777779
2012-11-06,-126,-1230,432411000,2.6662500000000002
2012-11-06,-126,-1171,431182000,2.6526388888888883
2012-11-06,-126,-1173,431182000,4.3025
2012-11-06,-126,-1217,432856000,2.51375
2012-11-06,-126,-1216,432856000,0.90694444444444455
2012-11-06,-126,-1305,440941000,2.6102777777777777
2012-11-06,-126,-1307,440941000,1.8543055555555554
2012-11-06,-126,-1228,432343000,4.075
2012-11-06,131,-177,224146000,3.7497222222222226
2012-11-06,131,-1563,416002175,4.5377777777777784
2012-11-06,131,-1739,431254000,4.5326388888888891
2012-11-06,131,-1740,431254000,0.78027777777777785
2012-11-06,387,1216,412202243,0.34027777777777779
2012-11-06,387,1214,412202243,0.9094444444444445
2012-11-06,387,1215,412202243,3.5923611111111118
2012-11-06,387,1217,412205572,2.2356944444444444
2012-11-06,387,1218,412205572,0.71930555555555553
2012-11-06,387,1218,412205573,5.3662500000000009
2012-11-06,387,1217,412205573,1.5883333333333334
2012-11-06,387,1216,412205573,2.3687500000000004
2012-11-06,387,1219,412205573,2.4754166666666668
2012-11-06,387,1214,9102856,1.7151388888888888
2012-11-06,387,1216,9102856,0.43611111111111112
2012-11-06,387,1214,412211213,1.9452777777777777
2012-11-06,387,1217,412211213,4.5301388888888887
2012-11-06,387,1215,412211213,3.6937499999999996
2012-11-06,387,1216,412211213,3.8941666666666666
2012-11-06,387,1214,412211214,2.0818055555555555
2012-11-06,387,1215,412211214,3.5705555555555555
2012-11-06,387,1216,412211214,3.6970833333333331
2012-11-06,387,1217,412211214,4.1694444444444443
2012-11-06,387,1215,412202767,6.7837499999999995
2012-11-06,387,1216,412202767,0.64430555555555546
2012-11-06,387,1214,412202767,4.7406944444444452
2012-11-06,387,1216,412211729,1.9865277777777779
2012-11-06,387,1215,412211729,0.20833333333333331
2012-11-06,387,1217,412211729,8.387777777777778
2012-11-06,387,1217,412327698,0.9144444444444445
2012-11-06,387,1217,412205586,1.9387500000000002
2012-11-06,387,1216,412207122,0.40777777777777779
2012-11-06,387,1215,412207122,5.5852777777777787
2012-11-06,387,1214,412207122,5.5162499999999994
2012-11-06,387,1215,412211731,0.20736111111111111
2012-11-06,387,1217,412211731,2.3554166666666667
2012-11-06,387,1218,412211731,6.1413888888888888
2012-11-06,387,1216,412211731,2.6530555555555551
2012-11-06,387,1217,412205588,0.20902777777777776
2012-11-06,387,1214,412201749,0.10402777777777777
2012-11-06,387,1216,412205589,1.0426388888888889
2012-11-06,387,1215,412205589,7.254999999999999
2012-11-06,387,1214,412205589,4.7524999999999995
2012-11-06,387,1177,800020246,2.5373611111111112
2012-11-06,387,1178,800020246,1.3636111111111111
2012-11-06,387,-461,224048150,0.90374999999999994
2012-11-06,387,1217,415865623,7.2612500000000013
2012-11-06,387,1216,412201751,1.7636111111111112
2012-11-06,387,1214,412201751,1.2422222222222223
2012-11-06,387,1215,412201751,5.1534722222222227
2012-11-06,387,1214,412201752,2.5780555555555558
2012-11-06,387,1215,412201752,5.4911111111111106
2012-11-06,387,1214,412201758,3.3440277777777778
2012-11-06,387,1217,412201758,1.0652777777777778
2012-11-06,387,1216,412201758,3.1415277777777773
2012-11-06,387,1215,412201758,4.0306944444444444
2012-11-06,387,1217,412201759,2.3318055555555555
2012-11-06,387,1215,412201759,11.560833333333331
2012-11-06,387,1216,412201759,1.1051388888888889
2012-11-06,387,1218,412205602,2.4194444444444443
2012-11-06,387,1219,412205602,2.0380555555555557
2012-11-06,387,1218,412205603,2.1087499999999997
2012-11-06,387,1219,412205603,4.5684722222222227
2012-11-06,387,-108,224058150,0.27402777777777776
2012-11-06,387,-107,224058150,1.205
2012-11-06,387,1216,400010029,0.68861111111111106
2012-11-06,387,1213,412207149,7.5845833333333337
2012-11-06,387,1178,412300343,5.0040277777777771
2012-11-06,387,1214,412210744,0.50430555555555556
2012-11-06,387,1218,412325693,1.6484722222222221
2012-11-06,387,1217,412325693,2.0380555555555553
2012-11-06,387,1219,412325693,1.1308333333333334
2012-11-06,387,1216,412325693,0.21722222222222221
2012-11-06,387,1220,412325693,0.82027777777777777
2012-11-06,387,1219,412327744,1.9995833333333333
2012-11-06,387,1217,412200768,2.5998611111111112
2012-11-06,387,1216,100702529,7.126944444444443
2012-11-06,387,1216,412202567,2.4972222222222222
2012-11-06,387,1219,412202567,2.0326388888888891
2012-11-06,387,1217,412202567,1.8763888888888889
2012-11-06,387,1218,412202567,5.1506944444444454
2012-11-06,387,1214,412200526,5.063472222222221
2012-11-06,387,1216,412200526,0.8275
2012-11-06,387,1215,412200526,6.3423611111111082
2012-11-06,387,1214,412200533,1.0505555555555555
2012-11-06,387,1213,412200533,1.1320833333333333
2012-11-06,387,1213,412200535,5.9801388888888889
2012-11-06,387,1215,412200535,1.1206944444444444
2012-11-06,387,1214,412200535,2.399861111111111
2012-11-06,387,267,271069017,1.5255555555555553
2012-11-06,387,265,271069017,2.6783333333333332
2012-11-06,387,266,271069017,2.5011111111111108
2012-11-06,387,1218,412015451,1.3047222222222223
2012-11-06,387,1215,412201568,2.6702777777777778
2012-11-06,387,1216,412201568,0.20708333333333334
2012-11-06,387,1214,412201568,2.5651388888888889
2012-11-06,387,1218,412110178,1.4816666666666667
2012-11-06,387,1216,412110178,1.2345833333333334
2012-11-06,387,1217,412110178,3.3443055555555556
2012-11-06,387,-374,224108130,1.8051388888888891
2012-11-06,387,-373,224108130,1.3959722222222224
2012-11-06,387,1215,412200547,5.8509722222222225
2012-11-06,387,1219,412200547,1.1204166666666666
2012-11-06,387,1214,412200547,0.20333333333333334
2012-11-06,387,1217,412200547,2.2279166666666668
2012-11-06,387,1216,412200547,2.3586111111111117
2012-11-06,387,1218,412200547,2.8512500000000003
2012-11-06,387,1220,412200547,2.5569444444444445
2012-11-06,387,1218,412200548,2.7984722222222222
2012-11-06,387,1215,412200548,1.6627777777777779
2012-11-06,387,1217,412200548,2.5469444444444447
2012-11-06,387,1220,412200548,1.1495833333333332
2012-11-06,387,1216,412200548,1.485972222222222
2012-11-06,387,1219,412200548,2.40625
2012-11-06,387,1216,412001895,11.853194444444444
2012-11-06,387,1213,412200551,2.4405555555555556
2012-11-06,387,1214,412200551,1.4886111111111111
2012-11-06,387,263,271069032,0.29902777777777778
2012-11-06,387,264,271069032,8.8024999999999984
2012-11-06,387,265,271069032,2.9825
2012-11-06,387,264,271069033,0.79819444444444443
2012-11-06,387,265,271069033,2.8352777777777773
2012-11-06,387,265,271069034,3.0304166666666665
2012-11-06,387,263,271069034,1.6251388888888887
2012-11-06,387,264,271069034,6.8231944444444448
2012-11-06,387,263,271069035,0.52527777777777784
2012-11-06,387,265,271069035,2.6602777777777775
2012-11-06,387,264,271069035,6.646805555555555
2012-11-06,387,1215,412205422,0.40611111111111109
2012-11-06,387,1218,412205422,5.50763888888889
2012-11-06,387,1215,412205423,0.45125000000000004
2012-11-06,387,81,247151990,1.0997222222222223
2012-11-06,387,82,247151990,0.87541666666666673
2012-11-06,387,1216,412325497,1.5775000000000001
2012-11-06,387,1217,412325497,5.9548611111111107
2012-11-06,387,1218,412325498,15.680416666666666
2012-11-06,387,1216,412325498,3.8440277777777778
2012-11-06,387,1218,412700032,3.9027777777777781
2012-11-06,387,1217,412700032,9.5448611111111141
2012-11-06,387,1215,412205186,1.4833333333333332
2012-11-06,387,264,271062148,6.8566666666666674
2012-11-06,387,263,271062148,2.1990277777777778
2012-11-06,387,265,271062148,2.9752777777777779
2012-11-06,387,1217,800001160,6.5397222222222222
2012-11-06,387,1214,412211085,4.0883333333333329
2012-11-06,387,1213,412211085,4.1884722222222219
2012-11-06,387,1214,412211086,5.2373611111111114
2012-11-06,387,1215,412211086,0.23305555555555557
2012-11-06,387,1218,412211087,3.1773611111111109
2012-11-06,387,1215,412211087,2.4084722222222221
2012-11-06,387,1217,412211087,1.310138888888889
2012-11-06,387,1216,412211087,3.0124999999999997
2012-11-06,387,1216,412019343,1.2319444444444443
2012-11-06,387,1215,412019343,3.4505555555555558
2012-11-06,387,1214,412019343,4.7581944444444444
2012-11-06,387,1213,412019343,0.45375
2012-11-06,387,1214,412205456,7.442222222222223
2012-11-06,387,1213,412205456,2.9284722222222221
2012-11-06,387,1217,412211088,2.1933333333333334
2012-11-06,387,1219,412211088,0.83875
2012-11-06,387,1214,412211088,0.20375
2012-11-06,387,1215,412211088,2.8929166666666668
2012-11-06,387,1216,412211088,2.859861111111111
2012-11-06,387,1218,412211088,1.3802777777777777
2012-11-06,387,1214,412211602,0.63291666666666657
2012-11-06,387,1215,412211602,1.683472222222222
2012-11-06,387,1217,412211602,1.6393055555555556
2012-11-06,387,1216,412211602,1.485
2012-11-06,387,1218,412211602,2.2791666666666668
2012-11-06,387,1215,412211605,3.6022222222222222
2012-11-06,387,1214,412211605,2.4172222222222226
2012-11-06,387,1214,412211609,0.37472222222222223
2012-11-06,387,1213,412211609,8.0698611111111109
2012-11-06,387,1218,412205469,8.4345833333333324
2012-11-06,387,1217,412207006,0.13902777777777778
2012-11-06,387,1217,402012319,11.781805555555554
2012-11-06,387,1214,412202655,1.4331944444444442
2012-11-06,387,1215,412202655,4.2922222222222217
2012-11-06,387,1215,412202656,4.6052777777777782
2012-11-06,387,1214,412202656,1.8584722222222223
2012-11-06,387,1215,412211365,3.1348611111111118
2012-11-06,387,1216,412211365,0.42680555555555555
2012-11-06,387,1214,412211365,4.9502777777777771
2012-11-06,387,1217,412205482,2.2201388888888891
2012-11-06,387,1214,412211631,3.9101388888888882
2012-11-06,387,1217,412211631,4.2011111111111106
2012-11-06,387,1215,412211631,1.445
2012-11-06,387,1216,412211631,3.1955555555555559
2012-11-06,387,1217,412201136,2.0169444444444449
2012-11-06,387,1216,412211632,0.20541666666666666
2012-11-06,387,1214,412211382,2.7977777777777773
2012-11-06,387,1215,412211382,1.6563888888888889
2012-11-06,387,1215,412211383,1.64625
2012-11-06,387,1214,412211383,3.0659722222222228
2012-11-06,387,1214,864110009,0.85972222222222217
2012-11-06,387,1215,864110009,4.97625
2012-11-06,387,-97,263414460,0.25611111111111112
2012-11-06,387,1214,201200318,10.728194444444446
2012-11-06,387,1216,412210624,2.7420833333333334
2012-11-06,387,1215,412210624,5.73375
2012-11-06,387,1214,412210624,1.8758333333333335
2012-11-06,387,1217,412210624,2.7561111111111107
2012-11-06,387,1216,412210629,0.42138888888888887
2012-11-06,387,1217,412210629,0.665
2012-11-06,387,1218,412205518,1.4080555555555556
2012-11-06,387,1215,412205519,5.8834722222222231
2012-11-06,387,1214,412205519,6.84
2012-11-06,387,1216,412205519,1.3945833333333333
2012-11-06,387,160,247130320,1.7734722222222221
2012-11-06,387,161,247130320,5.7568055555555553
2012-11-06,387,1215,412210385,1.9409722222222221
2012-11-06,387,1217,412210385,3.7795833333333335
2012-11-06,387,1214,412210385,2.164166666666667
2012-11-06,387,1216,412210385,3.6463888888888887
2012-11-06,387,1216,412211665,5.4395833333333332
2012-11-06,387,1214,412211665,0.52305555555555561
2012-11-06,387,1215,412211665,1.3009722222222224
2012-11-06,387,1215,412210387,0.43736111111111109
2012-11-06,387,1214,412210387,2.3819444444444446
2012-11-06,387,1216,412211668,1.5130555555555554
2012-11-06,387,1218,412211668,2.337361111111111
2012-11-06,387,1215,412211668,1.6711111111111112
2012-11-06,387,1217,412211668,1.4477777777777776
2012-11-06,387,1216,412211671,2.0476388888888888
2012-11-06,387,1215,412211671,3.0995833333333338
2012-11-06,387,1218,412211671,0.44236111111111109
2012-11-06,387,1214,412211671,4.855138888888888
2012-11-06,387,1217,412211671,3.3777777777777782
2012-11-06,387,1217,412205531,3.8779166666666667
2012-11-06,387,1216,412205531,1.7227777777777777
2012-11-06,387,1219,412205531,0.78597222222222229
2012-11-06,387,1218,412205531,5.3718055555555555
2012-11-06,387,1217,412202462,1.9133333333333333
2012-11-06,387,1218,412202462,0.22527777777777777
2012-11-06,387,1214,412025569,8.91638888888889
2012-11-06,387,1214,412206817,0.883888888888889
2012-11-06,387,1215,412211682,4.2559722222222218
2012-11-06,387,1216,412211682,0.20763888888888887
2012-11-06,387,1214,412211682,1.106527777777778
2012-11-06,387,1214,412211689,0.31180555555555556
2012-11-06,387,83,247150060,0.65513888888888894
2012-11-06,387,86,247150060,2.326805555555556
2012-11-06,387,1215,412211692,1.2855555555555556
2012-11-06,387,1216,412211692,1.5269444444444444
2012-11-06,387,1217,412211692,3.6022222222222222
2012-11-06,387,1215,412211693,1.0554166666666667
2012-11-06,387,1216,412211693,1.3047222222222223
2012-11-06,387,1218,412211693,2.9724999999999997
2012-11-06,387,1217,412211693,1.2561111111111112
2012-11-06,387,1214,412211693,0.89666666666666672
2012-11-06,387,1216,412205553,0.68833333333333335
2012-11-06,387,1215,412205553,10.238888888888889
2012-11-06,387,1214,412205553,4.1830555555555549
2012-11-06,387,1213,412211699,5.3863888888888889
2012-11-06,387,1218,412205045,1.387777777777778
2012-11-06,387,1215,412205045,1.5730555555555557
2012-11-06,387,1216,820040949,9.1416666666666675
2012-11-06,387,1214,412201208,0.87444444444444447
2012-11-06,387,1215,412205562,7.9047222222222207
2012-11-06,387,1216,412205562,5.2566666666666659
2012-11-06,387,1217,412205562,3.1047222222222226
2012-11-06,387,1214,412205562,2.4997222222222222
2012-11-06,387,1214,412200443,9.07013888888889
2012-11-06,387,1214,412205563,2.4640277777777779
2012-11-06,387,1216,412205563,5.2659722222222216
2012-11-06,387,1217,412205563,3.4931944444444447
2012-11-06,387,1215,412205563,6.779583333333334
2012-11-06,387,1219,412205566,2.8559722222222224
2012-11-06,387,1218,412205566,4.045694444444444
2012-11-06,387,1217,412200447,9.2793055555555544
2012-11-06,643,-227,251588110,0.70180555555555557
2012-11-06,643,-226,251588110,3.3524999999999996
2012-11-06,643,-145,251330110,2.378055555555556
2012-11-06,643,-144,251330110,0.44083333333333335
2012-11-06,643,-378,331079000,0.78347222222222224
2012-11-06,643,-381,331079000,1.5456944444444445
2012-11-06,643,-376,331079000,1.5190277777777779
2012-11-06,643,-377,331079000,3.6019444444444444
2012-11-06,643,-379,331079000,7.953611111111111
2012-11-06,643,-380,331079000,1.5591666666666666
2012-11-06,643,-558,273433220,8.0133333333333336
2012-11-06,643,-378,231045000,9.9833333333333325
2012-11-06,643,-380,231045000,4.6143055555555552
2012-11-06,643,-379,231045000,7.4106944444444443
2012-11-06,643,-377,231045000,3.8456944444444447
2012-11-06,643,-225,251081110,2.3209722222222222
2012-11-06,643,-226,251081110,2.22
2012-11-06,643,-6,273532110,3.0727777777777776
2012-11-06,643,-227,251537110,4.3290277777777773
2012-11-06,643,-228,251537110,4.3041666666666663
2012-11-06,643,-140,251290110,1.1361111111111111
2012-11-06,-381,-741,725000970,1.425138888888889
2012-11-06,-381,-743,725000970,1.52625
2012-11-06,-381,-561,770576124,8.9327777777777779
2012-11-06,-125,-1307,440703000,3.7583333333333337
2012-11-06,-125,-1306,440703000,2.2008333333333332
2012-11-06,-125,-1343,440574000,3.1823611111111108
2012-11-06,-125,-1342,441374000,1.7472222222222222
2012-11-06,-125,-1343,440765000,1.327638888888889
2012-11-06,-125,-1171,431182000,1.973611111111111
2012-11-06,-125,-1217,432856000,0.81152777777777774
2012-11-06,-125,-1307,440941000,2.3309722222222224
2012-11-06,-125,-1306,440941000,0.90666666666666673
2012-11-06,-125,-1305,440941000,2.9938888888888893
2012-11-06,-125,-1228,432343000,2.7409722222222221
2012-11-06,-125,-1202,431382000,2.8322222222222222
2012-11-06,132,-771,431100940,2.3577777777777778
2012-11-06,132,-769,431100940,1.9120833333333334
2012-11-06,132,-177,224146000,2.6988888888888893
2012-11-06,132,-176,224146000,1.6834722222222223
2012-11-06,132,-299,224083590,1.5504166666666666
2012-11-06,388,1217,412205572,0.22222222222222221
2012-11-06,388,1218,412205573,1.1044444444444446
2012-11-06,388,1216,412205573,0.21194444444444444
2012-11-06,388,1183,413562121,0.20416666666666666
2012-11-06,388,1220,412202763,8.0652777777777782
2012-11-06,388,1219,412202763,5.8466666666666667
2012-11-06,388,1220,412202766,7.2672222222222222
2012-11-06,388,1219,412202766,8.044722222222223
2012-11-06,388,1215,412205588,0.22902777777777777
2012-11-06,388,1218,412205588,0.2122222222222222
2012-11-06,388,1216,412205588,1.0718055555555557
2012-11-06,388,1219,412205588,0.68944444444444442
2012-11-06,388,1217,412205588,2.9258333333333333
2012-11-06,388,1222,412205588,12.292638888888888
2012-11-06,388,1220,412205588,1.7683333333333333
2012-11-06,388,1177,800020246,0.47125
2012-11-06,388,1178,800020246,1.4497222222222224
2012-11-06,388,-461,224048150,0.97083333333333333
2012-11-06,388,1216,412201758,0.2147222222222222
2012-11-06,388,-108,224058150,1.5327777777777778
2012-11-06,388,-110,224058150,2.1629166666666668
2012-11-06,388,1216,412203048,0.87819444444444439
2012-11-06,388,1216,412202567,0.20347222222222222
2012-11-06,388,1218,412202567,1.23375
2012-11-06,388,1219,412202567,0.21763888888888888
2012-11-06,388,1214,412200535,0.62069444444444444
2012-11-06,388,1219,412205403,1.6781944444444443
2012-11-06,388,1218,412205407,1.5968055555555556
2012-11-06,388,1218,412110178,1.3556944444444445
2012-11-06,388,-372,224108130,1.4340277777777779
2012-11-06,388,80,247151980,0.77527777777777784
2012-11-06,388,79,247151980,0.82583333333333331
2012-11-06,388,80,247151990,0.77694444444444444
2012-11-06,388,81,247151990,2.027222222222222
2012-11-06,388,81,247152250,0.50083333333333335
2012-11-06,388,80,247152250,1.245972222222222
2012-11-06,388,-481,224052370,8.5268055555555566
2012-11-06,388,80,247152020,1.0001388888888889
2012-11-06,388,79,247152020,0.875
2012-11-06,388,-98,263423380,1.3755555555555556
2012-11-06,388,-97,263423380,0.74972222222222218
2012-11-06,388,1214,412211605,1.744027777777778
2012-11-06,388,1216,412202655,6.6616666666666671
2012-11-06,388,1215,412202655,0.20097222222222222
2012-11-06,388,1217,412202655,2.0118055555555556
2012-11-06,388,1215,412202656,0.61111111111111116
2012-11-06,388,1216,412202656,5.1577777777777767
2012-11-06,388,1217,412202656,2.0509722222222222
2012-11-06,388,1219,412205477,3.1369444444444445
2012-11-06,388,1220,412205477,11.470277777777776
2012-11-06,388,1214,412211365,1.3194444444444444
2012-11-06,388,1214,412211382,3.0948611111111113
2012-11-06,388,1214,412211383,3.3552777777777778
2012-11-06,388,1216,412205502,0.41486111111111112
2012-11-06,388,1217,412205502,1.7233333333333334
2012-11-06,388,1183,412008899,0.98958333333333337
2012-11-06,388,161,247130320,3.7805555555555554
2012-11-06,388,1214,421205717,0.6325
2012-11-06,388,1219,412205531,1.5775
2012-11-06,388,1218,412205531,0.22180555555555556
2012-11-06,388,1214,412206817,0.42069444444444448
2012-11-06,388,1215,412206817,0.42972222222222223
2012-11-06,388,1218,412201187,0.86652777777777779
2012-11-06,388,1178,412270052,0.32833333333333331
2012-11-06,388,1179,412270052,0.6333333333333333
2012-11-06,388,85,247150060,1.7918055555555557
2012-11-06,388,84,247150060,0.5855555555555555
2012-11-06,388,1216,412111098,0.48319444444444448
2012-11-06,388,1217,412111098,1.6745833333333333
2012-11-06,388,1219,412205566,0.3275
2012-11-06,644,-558,331072000,3.0644444444444447
2012-11-06,644,-556,331072000,6.3926388888888885
2012-11-06,644,-142,251244110,6.8065277777777773
2012-11-06,644,-143,251244110,1.9988888888888887
2012-11-06,644,-141,251244110,6.5626388888888894
2012-11-06,644,-380,331079000,6.6202777777777779
2012-11-06,644,-381,331079000,1.5388888888888888
2012-11-06,644,-126,251013000,7.92625
2012-11-06,644,-377,231045000,0.78069444444444436
2012-11-06,644,-233,251240110,2.3337499999999998
2012-11-06,644,-232,251240110,1.9083333333333334
2012-11-06,644,-235,251240110,4.996666666666667
2012-11-06,644,-236,251240110,1.2780555555555555
2012-11-06,644,-234,251240110,6.3627777777777759
2012-11-06,644,-128,251048110,7.9508333333333336
2012-11-06,644,-233,251011000,2.6497222222222225
2012-11-06,644,-234,251011000,0.73972222222222228
2012-11-06,644,-235,251011000,1.347777777777778
2012-11-06,644,-232,251011000,0.69319444444444445
2012-11-06,644,-236,251011000,1.9445833333333333
2012-11-06,644,-234,251314110,6.4588888888888878
2012-11-06,644,-233,251314110,3.7772222222222216
2012-11-06,644,-235,251314110,6.1402777777777775
2012-11-06,644,-232,251314110,1.1672222222222222
2012-11-06,644,-236,251314110,2.4236111111111116
2012-11-06,644,-234,251367110,4.2976388888888888
2012-11-06,644,-233,251367110,4.3833333333333337
2012-11-06,644,-232,251367110,2.3172222222222221
2012-11-06,644,-236,251367110,1.2333333333333334
2012-11-06,644,-235,251367110,8.2530555555555551
2012-11-06,644,-1756,273442270,0.91027777777777774
2012-11-06,644,-1758,273442270,5.6076388888888884
2012-11-06,644,-1755,273442270,0.86125000000000007
2012-11-06,644,-232,251468000,1.1513888888888888
2012-11-06,644,-236,251468000,1.3529166666666665
2012-11-06,644,-233,251468000,5.200277777777778
2012-11-06,644,-235,251468000,4.3302777777777779
2012-11-06,644,-234,251468000,6.1355555555555563
2012-11-06,644,-142,251290110,3.9176388888888889
2012-11-06,644,-139,251290110,6.7420833333333325
2012-11-06,644,-140,251290110,2.2884722222222225
2012-11-06,644,-141,251290110,1.6523611111111112
2012-11-06,-380,-561,770576091,5.9954166666666664
2012-11-06,-380,-560,770576091,6.3625000000000007
2012-11-06,-380,-561,770576124,8.1031944444444441
2012-11-06,-380,-560,770576124,3.3698611111111108
2012-11-06,-124,-1267,432468000,1.5166666666666666
2012-11-06,-124,-1343,440574000,1.8072222222222223
2012-11-06,-124,-1336,441374000,1.7972222222222223
2012-11-06,-124,-1331,441374000,3.3636111111111111
2012-11-06,-124,-1333,441374000,1.6376388888888889
2012-11-06,-124,-1342,441374000,1.331388888888889
2012-11-06,-124,-1341,440765000,0.8354166666666667
2012-11-06,-124,-1343,440765000,0.915138888888889
2012-11-06,-124,-1342,440765000,2.7054166666666668
2012-11-06,-124,-1230,432411000,4.2827777777777776
2012-11-06,-124,-1172,431182000,3.274166666666666
2012-11-06,-124,-1321,440782000,2.0495833333333335
2012-11-06,-124,-1322,440782000,1.7872222222222223
2012-11-06,-124,-1330,440782000,2.4483333333333333
2012-11-06,-124,-1327,440782000,0.96805555555555556
2012-11-06,-124,-1323,440782000,2.3513888888888888
2012-11-06,-124,-1329,440782000,1.7666666666666666
2012-11-06,-124,-1326,440782000,5.0576388888888895
2012-11-06,-124,-1324,440782000,3.455138888888889
2012-11-06,-124,-1217,432856000,2.6558333333333328
2012-11-06,-124,-1306,440941000,1.487638888888889
2012-11-06,-124,-1305,440941000,4.5427777777777791
2012-11-06,-124,-1307,440941000,4.2220833333333339
2012-11-06,-124,-1310,440941000,3.3394444444444442
2012-11-06,-124,-1228,432343000,3.3620833333333335
2012-11-06,-124,-1202,431382000,1.6676388888888889
2012-11-06,133,-767,431100940,1.8930555555555557
2012-11-06,133,-765,431100940,3.1577777777777776
2012-11-06,133,-762,431100940,3.719583333333333
2012-11-06,133,-176,224146000,5.2880555555555562
2012-11-06,133,-299,224083590,2.85625
2012-11-06,389,1216,412205056,0.75527777777777771
2012-11-06,389,1217,412205056,0.23527777777777778
2012-11-06,389,1179,900017921,24.048055555555553
2012-11-06,389,1179,412300292,4.0672222222222221
2012-11-06,389,1191,412414224,1.0201388888888889
2012-11-06,389,1190,412414224,9.8348611111111115
2012-11-06,389,1189,412583698,1.0911111111111111
2012-11-06,389,1179,412300313,4.6205555555555549
2012-11-06,389,91,247151920,4.2548611111111105
2012-11-06,389,90,247151920,2.1888888888888887
2012-11-06,389,92,247151920,1.2275
2012-11-06,389,1190,412589111,5.9777777777777779
2012-11-06,389,90,247151940,0.85555555555555551
2012-11-06,389,91,247151940,2.3712500000000003
2012-11-06,389,1190,412885069,1.5126388888888889
2012-11-06,389,1190,800003415,1.6190277777777775
2012-11-06,389,1191,800003415,1.3254166666666667
2012-11-06,389,1189,800003415,0.56055555555555547
2012-11-06,389,1219,412205403,0.97652777777777788
2012-11-06,389,1189,412222305,9.3318055555555546
2012-11-06,389,-370,224108130,5.9201388888888893
2012-11-06,389,1179,412300902,0.99638888888888888
2012-11-06,389,1178,900010599,14.392499999999998
2012-11-06,389,79,247151980,2.175
2012-11-06,389,80,247151990,3.5244444444444447
2012-11-06,389,79,247151990,0.27416666666666667
2012-11-06,389,79,247152250,0.27513888888888893
2012-11-06,389,81,247152250,2.6751388888888887
2012-11-06,389,80,247152250,2.2433333333333332
2012-11-06,389,1217,412205443,14.209027777777777
2012-11-06,389,1189,412545168,1.3527777777777779
2012-11-06,389,1191,412545168,10.483055555555556
2012-11-06,389,1190,412545168,0.88874999999999993
2012-11-06,389,1217,412251025,2.713888888888889
2012-11-06,389,-483,224052370,1.8505555555555557
2012-11-06,389,79,247152020,5.0522222222222215
2012-11-06,389,-98,263423380,2.4705555555555554
2012-11-06,389,-97,263423380,9.098749999999999
2012-11-06,389,-98,204260000,2.481527777777778
2012-11-06,389,-97,204260000,1.315
2012-11-06,389,-99,204260000,2.399861111111111
2012-11-06,389,1190,412585909,0.77736111111111117
2012-11-06,389,1189,412659386,1.8156944444444445
2012-11-06,389,1183,412008899,2.0180555555555557
2012-11-06,389,1184,412008899,6.3387499999999983
2012-11-06,389,1217,412327881,2.657777777777778
2012-11-06,389,1179,412270052,14.812083333333337
2012-11-06,389,1178,412270052,0.26652777777777781
2012-11-06,389,240,237430000,7.0366666666666671
2012-11-06,645,-122,251529000,7.1970833333333335
2012-11-06,645,-245,251153000,0.93638888888888894
2012-11-06,645,-138,251763110,3.100138888888889
2012-11-06,645,-236,251240110,3.0295833333333335
2012-11-06,645,-233,251240110,1.1783333333333332
2012-11-06,645,-234,251240110,0.951388888888889
2012-11-06,645,-232,251240110,1.8379166666666666
2012-11-06,645,-234,251314110,1.682361111111111
2012-11-06,645,-233,251314110,0.93347222222222226
2012-11-06,645,-235,251314110,0.929861111111111
2012-11-06,645,-232,251314110,0.46013888888888888
2012-11-06,645,-233,251367110,0.8997222222222222
2012-11-06,645,-232,251367110,1.7669444444444444
2012-11-06,645,-236,251468000,0.45097222222222222
2012-11-06,645,-232,251468000,2.10625
2012-11-06,645,-233,251468000,3.3218055555555557
2012-11-06,-379,-740,725000970,1.3225
2012-11-06,-379,-742,725001320,4.1061111111111108
2012-11-06,-379,-740,725001320,1.5170833333333333
2012-11-06,-379,-559,770576063,10.524166666666666
2012-11-06,-379,-558,770576063,3.2420833333333334
2012-11-06,-379,-559,770576091,3.4045833333333335
2012-11-06,-379,-540,770576099,5.579583333333332
2012-11-06,-379,-539,770576099,7.8384722222222223
2012-11-06,-379,-538,770576099,4.3463888888888889
2012-11-06,-379,-542,770576099,2.2298611111111111
2012-11-06,-379,-560,770576124,2.973611111111111
2012-11-06,-123,-1307,440703000,1.6530555555555555
2012-11-06,-123,-1310,440703000,3.3441666666666667
2012-11-06,-123,-819,412420382,1.4431944444444444
2012-11-06,-123,-818,412420382,9.9362500000000011
2012-11-06,-123,-1267,432468000,1.7084722222222224
2012-11-06,-123,-1343,440574000,4.8176388888888892
2012-11-06,-123,-1342,441374000,1.7990277777777779
2012-11-06,-123,-1338,441374000,1.7863888888888888
2012-11-06,-123,-1340,441374000,2.1833333333333336
2012-11-06,-123,-1339,441374000,1.7358333333333333
2012-11-06,-123,-1342,440765000,1.4877777777777776
2012-11-06,-123,-1172,431182000,0.77486111111111111
2012-11-06,-123,-1323,440782000,1.0693055555555555
2012-11-06,-123,-1321,440782000,1.9254166666666668
2012-11-06,-123,-1202,431382000,1.8184722222222223
2012-11-06,134,-176,224146000,3.8531944444444446
2012-11-06,134,-175,224146000,0.43458333333333332
2012-11-06,390,-462,224048150,1.797361111111111
2012-11-06,390,-465,224048150,1.6413888888888888
2012-11-06,390,92,247151920,5.5290277777777774
2012-11-06,390,91,247151920,2.3433333333333333
2012-11-06,390,1190,412589111,7.696944444444445
2012-11-06,390,92,247151940,2.3723611111111107
2012-11-06,390,91,247151940,2.4379166666666667
2012-11-06,390,95,247151940,0.52555555555555555
2012-11-06,390,93,247151940,3.2195833333333335
2012-11-06,390,94,247151940,4.834305555555555
2012-11-06,390,1190,412885069,12.421249999999997
2012-11-06,390,1190,800003415,2.4309722222222221
2012-11-06,390,1191,800003415,4.2513888888888891
2012-11-06,390,1179,412300902,3.8809722222222223
2012-11-06,390,79,247151980,0.87444444444444436
2012-11-06,390,78,247151980,1.975972222222222
2012-11-06,390,79,247151990,3.2612499999999991
2012-11-06,390,1178,413888888,1.08375
2012-11-06,390,1177,413888888,0.20430555555555555
2012-11-06,390,1189,412001157,4.6144444444444446
2012-11-06,390,1217,412251025,0.14694444444444443
2012-11-06,390,78,247152020,1.4041666666666668
2012-11-06,390,79,247152020,3.1304166666666671
2012-11-06,390,1188,810080154,2.2602777777777776
2012-11-06,390,1189,810080154,5.0323611111111113
2012-11-06,390,-97,204260000,1.2808333333333333
2012-11-06,390,1190,412585909,11.919305555555557
2012-11-06,390,1189,412659386,0.32027777777777777
2012-11-06,390,-98,263414460,0.77569444444444446
2012-11-06,390,-97,263414460,2.0505555555555555
2012-11-06,390,1187,800011217,1.0245833333333334
2012-11-06,390,243,237430000,0.57972222222222225
2012-11-06,390,242,237430000,2.6456944444444446
2012-11-06,390,244,237430000,0.72486111111111118
2012-11-06,390,240,237430000,2.212361111111111
2012-11-06,646,-133,251331110,1.548888888888889
2012-11-06,646,-132,251331110,1.5377777777777777
2012-11-06,646,-245,251153000,1.4379166666666667
2012-11-06,646,-125,251048110,11.043194444444445
2012-11-06,646,-126,251048110,1.4730555555555556
2012-11-06,-378,-739,725000970,0.90555555555555556
2012-11-06,-378,-558,770576063,4.1258333333333335
2012-11-06,-378,-558,770576091,2.1180555555555554
2012-11-06,-122,-1267,432468000,2.2070833333333333
2012-11-06,-122,-1266,432468000,2.8018055555555557
2012-11-06,-122,-822,412439588,11.791666666666666
2012-11-06,-122,-1340,440617000,1.6202777777777777
2012-11-06,-122,-1338,440617000,0.87666666666666671
2012-11-06,-122,-1337,440617000,1.1829166666666666
2012-11-06,-122,-1343,440574000,3.6227777777777774
2012-11-06,-122,-1342,440765000,6.9215277777777784
2012-11-06,-122,-822,412430930,6.765
2012-11-06,-122,-1172,431182000,2.7968055555555553
2012-11-06,-122,-1321,440782000,1.4866666666666668
2012-11-06,-122,-1217,432856000,1.7984722222222222
2012-11-06,-122,-1202,431382000,0.98902777777777784
2012-11-06,135,-175,224146000,4.6070833333333328
2012-11-06,135,-294,224083590,2.5305555555555554
2012-11-06,391,1214,412200707,12.975555555555557
2012-11-06,391,92,247151920,2.0968055555555556
2012-11-06,391,1224,412205108,3.9340277777777777
2012-11-06,391,1225,412205108,0.98430555555555543
2012-11-06,391,1225,412203831,2.0545833333333334
2012-11-06,391,1224,412203831,2.3620833333333335
2012-11-06,391,233,240019000,1.7113888888888891
2012-11-06,391,232,240019000,13.623888888888889
2012-11-06,391,92,247151940,1.3137500000000002
2012-11-06,391,93,247151940,1.9668055555555557
2012-11-06,391,1191,412080205,0.91124999999999989
2012-11-06,391,1190,412080205,0.50277777777777777
2012-11-06,391,2,224167520,2.7763888888888895
2012-11-06,391,1,224167520,2.7326388888888888
2012-11-06,391,-368,224108130,6.0566666666666666
2012-11-06,391,79,247151980,0.523611111111111
2012-11-06,391,78,247151980,1.6111111111111112
2012-11-06,391,79,247151990,1.6270833333333334
2012-11-06,391,-95,204260000,0.8619444444444444
2012-11-06,391,1214,412201131,3.7622222222222219
2012-11-06,391,1224,412200897,2.548888888888889
2012-11-06,391,1225,412200897,2.4505555555555554
2012-11-06,391,1213,412205528,0.95472222222222225
2012-11-06,391,243,237430000,2.6516666666666664
2012-11-06,391,244,237430000,1.3009722222222222
2012-11-06,647,-135,251331110,1.5583333333333333
2012-11-06,647,-134,251331110,1.5802777777777779
2012-11-06,647,-125,251529000,6.630694444444444
2012-11-06,647,-136,251757110,6.1680555555555561
2012-11-06,647,-34,231101000,7.2680555555555557
2012-11-06,647,-36,231730000,10.235972222222221
2012-11-06,647,-125,251013000,7.9220833333333331
2012-11-06,647,-126,251048110,1.5780555555555555
2012-11-06,647,-7,273532110,2.3322222222222222
2012-11-06,647,-240,251324110,0.36916666666666664
2012-11-06,647,-239,251324110,1.3379166666666666
2012-11-06,647,-238,251324110,1.639027777777778
2012-11-06,-377,-739,725000970,0.76222222222222213
2012-11-06,-377,-739,725001320,1.31
2012-11-06,-377,-557,770576091,4.9620833333333332
2012-11-06,-121,-822,412439582,9.8079166666666673
2012-11-06,-121,-823,412439583,13.124583333333335
2012-11-06,-121,-1266,432468000,2.2809722222222222
2012-11-06,-121,-1267,432468000,1.9676388888888889
2012-11-06,-121,-1341,440617000,3.3786111111111112
2012-11-06,-121,-1340,440617000,1.7227777777777777
2012-11-06,-121,-1216,432856000,2.3019444444444432
2012-11-06,-121,-1256,431490000,1.4944444444444442
2012-11-06,-121,-823,412420317,14.647638888888888
2012-11-06,-121,-1202,431382000,3.1769444444444446
2012-11-06,392,1213,412206891,1.4090277777777778
2012-11-06,392,1191,412080205,0.58652777777777776
2012-11-06,392,1213,412203343,0.72583333333333333
2012-11-06,392,1224,412203345,0.20791666666666667
2012-11-06,392,1213,412203346,0.54944444444444451
2012-11-06,392,1213,412202581,1.5541666666666667
2012-11-06,392,1,224167520,2.7718055555555554
2012-11-06,392,78,247151980,2.0509722222222222
2012-11-06,392,1213,412108149,1.7555555555555555
2012-11-06,392,1191,810080154,4.1147222222222224
2012-11-06,392,-95,204260000,3.4825000000000004
2012-11-06,392,1213,412201131,14.003055555555555
2012-11-06,392,1191,412525506,1.7420833333333334
2012-11-06,392,1192,412525506,15.951388888888886
2012-11-06,392,243,237430000,1.546388888888889
2012-11-06,392,1191,412310776,3.4101388888888886
2012-11-06,648,112,257603600,2.249166666666667
2012-11-06,648,-125,251529000,0.73333333333333339
2012-11-06,648,-6,273534110,7.1222222222222227
2012-11-06,648,-10,273534110,7.105
2012-11-06,648,-241,251324110,0.83361111111111108
2012-11-06,-376,-739,725000970,0.91986111111111113
2012-11-06,-120,-1267,432468000,6.00625
2012-11-06,-120,-1340,440617000,1.8681944444444443
2012-11-06,-120,-821,412420799,9.18625
2012-11-06,-120,-1217,432856000,4.47125
2012-11-06,-120,-1256,431490000,2.6669444444444443
2012-11-06,137,-290,224083590,1.8069444444444445
2012-11-06,137,-289,224083590,0.76263888888888887
2012-11-06,393,201,237216000,0.4548611111111111
2012-11-06,393,1224,412205073,6.04625
2012-11-06,393,1213,412206891,1.2894444444444444
2012-11-06,393,1223,412205368,0.8009722222222222
2012-11-06,393,1224,412205368,14.52125
2012-11-06,393,1224,412203322,9.0404166666666672
2012-11-06,393,1224,412203323,13.983472222222222
2012-11-06,393,1223,412203323,0.15555555555555556
2012-11-06,393,1224,412205371,7.9919444444444432
2012-11-06,393,1224,412205119,22.339027777777776
2012-11-06,393,1224,412203331,13.710694444444442
2012-11-06,393,1224,412205385,14.161944444444444
2012-11-06,393,1213,412203343,2.0783333333333331
2012-11-06,393,1224,412203345,6.8100000000000005
2012-11-06,393,1213,412203346,1.0651388888888889
2012-11-06,393,1224,412203347,7.0063888888888881
2012-11-06,393,1213,412202581,0.96055555555555561
2012-11-06,393,1210,912041316,0.78597222222222218
2012-11-06,393,78,247151980,1.3263888888888888
2012-11-06,393,261,237478000,8.5458333333333325
2012-11-06,393,260,237478000,4.4072222222222228
2012-11-06,393,1209,412085119,3.4902777777777776
2012-11-06,393,260,240112000,4.4497222222222215
2012-11-06,393,258,240112000,0.24930555555555556
2012-11-06,393,261,240112000,1.9519444444444445
2012-11-06,393,259,240112000,1.9833333333333334
2012-11-06,393,1224,412203188,20.134861111111107
2012-11-06,393,1224,412203195,13.934166666666668
2012-11-06,393,1224,412203198,7.0827777777777783
2012-11-06,393,261,237175000,1.4740277777777777
2012-11-06,393,260,237175000,3.2262500000000003
2012-11-06,393,264,237175000,1.7155555555555553
2012-11-06,393,259,237175000,2.4508333333333332
2012-11-06,393,1224,412205049,17.891388888888887
2012-11-06,649,-234,251044110,0.60847222222222219
2012-11-06,649,-122,251529000,0.92347222222222225
2012-11-06,649,-233,251315240,9.49986111111111
2012-11-06,649,-233,251517000,2.4109722222222225
2012-11-06,649,-240,251265110,0.83944444444444444
2012-11-06,649,-239,251265110,1.6822222222222221
2012-11-06,649,-234,251350110,1.6758333333333335
2012-11-06,649,-238,251350110,0.10305555555555557
2012-11-06,649,-237,251350110,0.22694444444444445
2012-11-06,649,-233,251451000,1.2449999999999999
2012-11-06,649,-122,251013000,1.2866666666666666
2012-11-06,649,-233,251439000,3.5223611111111106
2012-11-06,649,-8,273532110,6.3902777777777775
2012-11-06,-375,-739,725001320,1.4279166666666665
2012-11-06,-119,-1266,432468000,1.8009722222222222
2012-11-06,-119,-1267,432468000,3.1108333333333333
2012-11-06,-119,-1341,440617000,0.93625
2012-11-06,-119,-1256,431490000,1.3311111111111111
2012-11-06,-119,-1202,431382000,2.8009722222222226
2012-11-06,138,-290,224083590,1.7000000000000002
2012-11-06,138,-289,224083590,0.9194444444444444
2012-11-06,138,-288,224083590,1.5084722222222222
2012-11-06,138,-240,224005790,2.7125
2012-11-06,394,200,237216000,0.37527777777777777
2012-11-06,394,201,237216000,4.4783333333333335
2012-11-06,394,1225,412260138,10.537916666666664
2012-11-06,394,1226,412260138,2.2518055555555558
2012-11-06,394,261,240112000,1.0505555555555557
2012-11-06,394,1209,412201096,11.172083333333333
2012-11-06,394,1210,412201096,0.21541666666666667
2012-11-06,394,-483,224020890,0.81652777777777774
2012-11-06,394,-485,224020890,0.77652777777777782
2012-11-06,394,-479,224020890,1.6163888888888889
2012-11-06,394,-482,224020890,1.00125
2012-11-06,394,-480,224020890,1.6444444444444444
2012-11-06,394,-486,224020890,5.1123611111111122
2012-11-06,394,-357,224110000,2.6490277777777775
2012-11-06,394,200,237475000,2.8248611111111113
2012-11-06,394,201,237475000,2.0218055555555559
2012-11-06,394,199,237475000,1.2887499999999998
2012-11-06,394,263,237175000,0.89722222222222214
2012-11-06,394,261,237175000,0.52527777777777773
2012-11-06,650,-234,251044110,3.7213888888888884
2012-11-06,650,-233,251044110,0.87194444444444441
2012-11-06,650,-236,251278110,1.0302777777777776
2012-11-06,650,-235,251278110,2.0744444444444445
2012-11-06,650,-120,251529000,0.21305555555555555
2012-11-06,650,-121,251529000,0.43291666666666667
2012-11-06,650,-235,251517000,11.942777777777778
2012-11-06,650,-234,251517000,4.2320833333333336
2012-11-06,650,-236,251517000,3.6572222222222224
2012-11-06,650,-234,251451000,6.4168055555555554
2012-11-06,650,-235,251451000,3.4584722222222228
2012-11-06,650,-120,251013000,0.74
2012-11-06,650,-237,251439000,2.0680555555555555
2012-11-06,650,-236,251439000,0.40861111111111115
2012-11-06,650,-234,251439000,5.7913888888888883
2012-11-06,650,-238,251439000,2.2748611111111106
2012-11-06,650,-235,251439000,3.4825
2012-11-06,650,-542,331117000,0.77361111111111114
2012-11-06,650,-3,273532110,6.3111111111111109
2012-11-06,-374,-739,725000970,0.7861111111111112
2012-11-06,-118,-820,412420376,0.029583333333333336
2012-11-06,-118,-821,412420376,11.827361111111111
2012-11-06,-118,-820,412439587,1.9347222222222222
2012-11-06,-118,-1341,440617000,2.7233333333333336
2012-11-06,-118,-820,412420196,6.9908333333333328
2012-11-06,-118,-1217,432856000,2.5643055555555554
2012-11-06,-118,-1256,431490000,2.8002777777777781
2012-11-06,-118,-820,412420312,11.801527777777778
2012-11-06,-118,1583,412676580,5.2702777777777783
2012-11-06,-118,-1202,431382000,1.9386111111111111
2012-11-06,139,-245,224005790,0.98708333333333331
2012-11-06,395,201,237216000,2.9430555555555555
2012-11-06,395,1197,412003081,2.1644444444444444
2012-11-06,395,1196,412889652,1.9429166666666666
2012-11-06,395,1197,412889652,2.1509722222222223
2012-11-06,395,-95,204243000,2.1020833333333337
2012-11-06,395,-96,204243000,1.0005555555555556
2012-11-06,395,-95,204284000,6.2851388888888895
2012-11-06,395,-94,204284000,0.2011111111111111
2012-11-06,395,-96,204284000,3.95
2012-11-06,395,-403,224241000,5.1120833333333335
2012-11-06,395,-96,263401880,0.47541666666666665
2012-11-06,395,-485,224020890,0.77250000000000008
2012-11-06,395,-486,224020890,1.4825
2012-11-06,395,-481,224020890,3.5133333333333336
2012-11-06,395,-356,224110000,2.5944444444444441
2012-11-06,395,1198,412201139,3.7926388888888889
2012-11-06,395,1197,412703159,1.9856944444444442
2012-11-06,395,199,237475000,1.8502777777777779
2012-11-06,395,200,237475000,6.3552777777777782
2012-11-06,395,1197,412985565,0.79513888888888884
2012-11-06,651,-118,251529000,0.21013888888888888
2012-11-06,651,-120,251529000,0.21083333333333332
2012-11-06,651,-119,251529000,0.43097222222222226
2012-11-06,651,-232,251451000,1.455138888888889
2012-11-06,651,-234,251451000,3.0959722222222217
2012-11-06,651,-231,251451000,1.4511111111111112
2012-11-06,651,-233,251451000,1.8633333333333335
2012-11-06,651,-235,251451000,2.27375
2012-11-06,651,-116,251269000,0.41986111111111107
2012-11-06,651,-119,251013000,0.51847222222222222
2012-11-06,651,-118,251013000,0.45666666666666667
2012-11-06,651,-234,251439000,0.834861111111111
2012-11-06,651,-236,251439000,0.8306944444444444
2012-11-06,651,-235,251439000,1.4348611111111109
2012-11-06,651,-541,331117000,0.81152777777777785
2012-11-06,651,-540,331117000,2.0627777777777778
2012-11-06,651,-241,251248110,1.0711111111111109
2012-11-06,-117,-821,412439587,5.7915277777777776
2012-11-06,-117,-820,412439587,5.3706944444444442
2012-11-06,-117,-1342,440617000,1.3351388888888889
2012-11-06,-117,-814,412420469,6.0173611111111107
2012-11-06,-117,-1289,431853000,0.95430555555555552
2012-11-06,-117,-1292,431853000,4.2743055555555554
2012-11-06,-117,-1288,431853000,0.77930555555555558
2012-11-06,-117,-1286,431853000,1.7
2012-11-06,-117,-1256,431490000,3.2044444444444444
2012-11-06,-117,1582,412676580,1.5698611111111109
2012-11-06,140,-288,224083590,1.1041666666666667
2012-11-06,140,-287,224083590,2.048888888888889
2012-11-06,140,-289,224083590,0.85833333333333339
2012-11-06,140,-250,224005790,0.79569444444444448
2012-11-06,140,-249,224005790,0.93194444444444446
2012-11-06,140,-247,224005790,1.7416666666666667
2012-11-06,396,199,237216000,7.6268055555555554
2012-11-06,396,1197,412889652,4.3268055555555556
2012-11-06,396,1196,412889652,7.5005555555555556
2012-11-06,396,-96,204243000,0.24972222222222223
2012-11-06,396,-95,204243000,1.1266666666666669
2012-11-06,396,259,271072317,12.605694444444442
2012-11-06,396,-94,204284000,6.5719444444444441
2012-11-06,396,-95,204284000,1.5255555555555556
2012-11-06,396,-92,204229000,0.20041666666666666
2012-11-06,396,-95,263401880,1.8009722222222222
2012-11-06,396,-96,263401880,0.42541666666666667
2012-11-06,396,-94,263401880,1.399861111111111
2012-11-06,396,-223,263427750,2.6469444444444443
2012-11-06,396,1198,412201139,0.23625000000000002
2012-11-06,396,199,237475000,2.5981944444444443
2012-11-06,396,200,237475000,2.3519444444444444
2012-11-06,396,1197,412326328,8.5269444444444442
2012-11-06,396,1197,412985565,4.5480555555555551
2012-11-06,396,1196,412985565,5.0518055555555552
2012-11-06,396,243,237900000,0.32583333333333331
2012-11-06,396,200,241110000,4.4231944444444444
2012-11-06,652,-114,251092000,0.21111111111111111
2012-11-06,652,-116,251529000,0.21791666666666665
2012-11-06,652,-118,251529000,0.42736111111111114
2012-11-06,652,-117,251529000,0.21819444444444444
2012-11-06,652,-131,251083110,3.3420833333333331
2012-11-06,652,-122,251174000,0.22444444444444445
2012-11-06,652,-264,251035000,5.8176388888888892
2012-11-06,652,-116,251269000,0.62958333333333338
2012-11-06,652,-115,251269000,0.22152777777777777
2012-11-06,652,-117,251013000,0.66819444444444442
2012-11-06,652,-116,251013000,0.16402777777777777
2012-11-06,652,-228,251251110,2.9286111111111106
2012-11-06,652,-227,251251110,4.5838888888888905
2012-11-06,652,-226,251251110,1.6558333333333333
2012-11-06,652,-539,331117000,1.5388888888888888
2012-11-06,652,-241,251248110,3.5276388888888888
2012-11-06,652,-240,251248110,0.41319444444444442
2012-11-06,-372,-739,725001320,1.3051388888888888
2012-11-06,-116,929,432405000,1.7401388888888887
2012-11-06,-116,-1342,440617000,1.7318055555555554
2012-11-06,-116,-814,412420469,8.6859722222222224
2012-11-06,-116,-1291,431853000,1.8152777777777778
2012-11-06,-116,-1287,431853000,0.72263888888888883
2012-11-06,-116,-1292,431853000,2.2148611111111109
2012-11-06,-116,-1289,431853000,0.93472222222222223
2012-11-06,-116,-1290,431853000,0.79444444444444451
2012-11-06,-116,-1256,431490000,2.6406944444444442
2012-11-06,-116,1582,412676580,7.3194444444444446
2012-11-06,-116,-1202,431382000,3.3445833333333335
2012-11-06,-116,-820,412420341,10.64361111111111
2012-11-06,141,-287,224083590,2.5138888888888888
2012-11-06,141,-251,224005790,1.6805555555555556
2012-11-06,141,-256,224452000,1.7681944444444444
2012-11-06,141,-230,224472000,1.6944444444444446
2012-11-06,397,1241,223456789,6.8841666666666663
2012-11-06,397,-1,224011550,4.63875
2012-11-06,397,-2,224011550,0.95208333333333339
2012-11-06,397,1472,416045600,12.65013888888889
2012-11-06,397,1471,416045600,2.9713888888888889
2012-11-06,397,-94,204243000,1.0001388888888889
2012-11-06,397,-95,204243000,1.5970833333333334
2012-11-06,397,-93,204243000,0.45027777777777778
2012-11-06,397,-402,224241000,0.8
2012-11-06,397,-403,224241000,1.4559722222222222
2012-11-06,397,-92,204229000,0.8025000000000001
2012-11-06,397,-93,263401880,1.7241666666666666
2012-11-06,397,-92,263401880,1.2977777777777777
2012-11-06,397,1208,420011420,0.75444444444444447
2012-11-06,397,-223,263427750,2.4194444444444443
2012-11-06,397,-226,263427750,7.6208333333333345
2012-11-06,397,-224,263427750,1.4252777777777776
2012-11-06,397,-229,263427750,3.4181944444444445
2012-11-06,397,230,237144000,2.7927777777777778
2012-11-06,397,231,237144000,0.63833333333333331
2012-11-06,397,1240,412702418,11.578333333333333
2012-11-06,397,1197,412985565,0.42041666666666666
2012-11-06,397,1196,800013553,5.815833333333333
2012-11-06,653,-114,251092000,7.819583333333334
2012-11-06,653,-113,251092000,1.2841666666666667
2012-11-06,653,-116,251529000,2.0170833333333333
2012-11-06,653,-115,251529000,0.94180555555555556
2012-11-06,653,-264,251453000,4.3673611111111112
2012-11-06,653,-263,251453000,1.5501388888888887
2012-11-06,653,-116,251083110,2.7744444444444443
2012-11-06,653,-128,251083110,1.0322222222222222
2012-11-06,653,-115,251083110,1.2722222222222221
2012-11-06,653,-117,251083110,2.143472222222222
2012-11-06,653,-118,251174000,0.21638888888888888
2012-11-06,653,-117,251174000,0.78194444444444433
2012-11-06,653,-116,251174000,2.9775
2012-11-06,653,-115,251174000,1.6084722222222221
2012-11-06,653,-263,251035000,3.0765277777777778
2012-11-06,653,-264,251035000,6.7645833333333325
2012-11-06,653,-115,251269000,3.3068055555555556
2012-11-06,653,-116,251269000,0.44277777777777777
2012-11-06,653,-116,251013000,1.7580555555555557
2012-11-06,653,-225,251251110,1.6470833333333337
2012-11-06,653,-224,251251110,5.802777777777778
2012-11-06,653,-226,251251110,2.2724999999999995
2012-11-06,653,-114,251129000,3.798888888888889
2012-11-06,653,-537,331117000,1.5290277777777779
2012-11-06,653,-538,331117000,1.5375
2012-11-06,653,-245,251259110,2.3072222222222218
2012-11-06,653,-243,251259110,0.23277777777777778
2012-11-06,653,-246,251259110,0.99125
2012-11-06,653,-244,251259110,1.5120833333333334
2012-11-06,653,-115,251179000,4.1983333333333333
2012-11-06,653,-116,251179000,5.277222222222222
2012-11-06,-371,-739,725000460,1.6525
2012-11-06,-371,-738,725000460,5.3569444444444434
2012-11-06,-371,-738,725001320,2.8390277777777779
2012-11-06,-371,-739,725001320,2.7145833333333336
2012-11-06,-115,-818,412670720,24.573611111111109
2012-11-06,-115,-818,412110084,2.7327777777777778
2012-11-06,-115,-1342,440617000,0.99902777777777774
2012-11-06,-115,-818,412420405,7.3402777777777786
2012-11-06,-115,-819,412420535,7.9529166666666669
2012-11-06,-115,-1290,431853000,1.4263888888888889
2012-11-06,-115,-1287,431853000,1.05125
2012-11-06,-115,-1289,431853000,0.81388888888888888
2012-11-06,-115,-1256,431490000,0.86388888888888882
2012-11-06,142,-288,224083590,2.5286111111111111
2012-11-06,142,-252,224005790,2.3490277777777777
2012-11-06,142,-230,224472000,0.88625
2012-11-06,142,-229,224472000,0.18333333333333335
2012-11-06,398,5,224210180,0.5494444444444444
2012-11-06,398,-92,263434000,4.2616666666666667
2012-11-06,398,228,237151000,1.3036111111111111
2012-11-06,398,0,224011550,0.49722222222222223
2012-11-06,398,-1,224011550,0.5494444444444444
2012-11-06,398,1198,412002341,11.088194444444444
2012-11-06,398,1197,412888886,4.9288888888888884
2012-11-06,398,1197,412888887,8.4036111111111111
2012-11-06,398,-93,204243000,0.24986111111111109
2012-11-06,398,-94,204243000,3.1598611111111108
2012-11-06,398,1198,412899669,22.052500000000002
2012-11-06,398,3,224082780,1.6994444444444445
2012-11-06,398,-402,224241000,0.79972222222222222
2012-11-06,398,1466,416838000,11.248472222222222
2012-11-06,398,1200,412701043,1.8658333333333335
2012-11-06,398,1197,800003451,0.88652777777777769
2012-11-06,398,-92,204229000,1.3688888888888888
2012-11-06,398,1198,412834190,19.20472222222222
2012-11-06,398,1199,412834190,1.8147222222222223
2012-11-06,398,1198,800011666,20.99152777777778
2012-11-06,398,-92,263401880,3.2826388888888891
2012-11-06,398,-487,224020890,1.8629166666666666
2012-11-06,398,-484,224020890,5.036944444444444
2012-11-06,398,1197,412082102,3.0509722222222222
2012-11-06,398,1198,412082102,4.423055555555556
2012-11-06,398,228,237144000,2.3151388888888889
2012-11-06,398,229,237144000,1.5825
2012-11-06,398,231,237144000,1.4888888888888889
2012-11-06,398,230,237144000,1.9319444444444445
2012-11-06,398,1198,412888006,3.0706944444444444
2012-11-06,398,4,224044230,0.30055555555555558
2012-11-06,398,1200,415001032,0.24930555555555556
2012-11-06,398,0,224184270,4.2176388888888887
2012-11-06,398,-1,224184270,0.50763888888888886
2012-11-06,654,-114,251092000,6.2608333333333333
2012-11-06,654,-115,251092000,3.6361111111111106
2012-11-06,654,-115,251529000,0.78916666666666679
2012-11-06,654,-116,251529000,2.0038888888888891
2012-11-06,654,-264,251453000,16.113333333333333
2012-11-06,654,-263,251453000,1.5791666666666666
2012-11-06,654,-117,251083110,2.1579166666666665
2012-11-06,654,-122,251083110,0.63666666666666671
2012-11-06,654,-120,251083110,0.64125
2012-11-06,654,-127,251083110,0.71708333333333329
2012-11-06,654,-123,251083110,0.63555555555555554
2012-11-06,654,-121,251083110,0.64958333333333329
2012-11-06,654,-119,251083110,0.88888888888888884
2012-11-06,654,-116,251083110,0.42625
2012-11-06,654,-118,251083110,0.64555555555555555
2012-11-06,654,-125,251083110,0.84472222222222215
2012-11-06,654,-124,251083110,0.659861111111111
2012-11-06,654,-126,251083110,0.62319444444444438
2012-11-06,654,-116,251174000,1.94875
2012-11-06,654,-115,251174000,1.4298611111111112
2012-11-06,654,-265,251035000,1.5651388888888889
2012-11-06,654,-264,251035000,1.5097222222222222
2012-11-06,654,-263,251035000,6.3859722222222217
2012-11-06,654,-115,251269000,2.3644444444444446
2012-11-06,654,-116,251013000,2.1648611111111111
2012-11-06,654,-224,251251110,0.62458333333333338
2012-11-06,654,-225,251251110,0.42611111111111111
2012-11-06,654,-114,251129000,1.2994444444444446
2012-11-06,654,-115,251129000,1.070138888888889
2012-11-06,654,-537,331117000,1.5291666666666668
2012-11-06,654,-246,251259110,1.2505555555555554
2012-11-06,654,-243,251259110,4.5323611111111113
2012-11-06,654,-244,251259110,0.97694444444444439
2012-11-06,654,-245,251259110,2.2841666666666667
2012-11-06,654,-242,251259110,0.23458333333333334
2012-11-06,654,-116,251179000,5.550416666666667
2012-11-06,654,-115,251179000,1.6623611111111112
2012-11-06,-370,-737,725000460,0.37458333333333338
2012-11-06,-370,-738,725000460,2.1788888888888889
2012-11-06,-370,-739,725000460,3.862222222222222
2012-11-06,-370,-739,725001320,2.9515277777777778
2012-11-06,-114,928,432405000,1.7247222222222223
2012-11-06,-114,962,503732000,2.7543055555555558
2012-11-06,-114,961,503732000,2.4048611111111109
2012-11-06,-114,963,503732000,4.2295833333333333
2012-11-06,-114,-819,412420646,10.718333333333334
2012-11-06,-114,-1341,440617000,3.6083333333333334
2012-11-06,-114,-1342,440617000,1.505
2012-11-06,-114,-820,412420535,11.768194444444443
2012-11-06,-114,-818,416621000,8.8109722222222224
2012-11-06,-114,-819,416621000,6.2811111111111106
2012-11-06,-114,-1289,431853000,1.8293055555555555
2012-11-06,-114,-1292,431853000,2.7219444444444441
2012-11-06,-114,-1290,431853000,1.4559722222222222
2012-11-06,-114,-1256,431490000,3.1998611111111108
2012-11-06,143,-250,224005790,1.8208333333333333
2012-11-06,143,-258,224452000,1.9329166666666666
2012-11-06,143,-231,224472000,1.7144444444444444
2012-11-06,399,5,224210180,3.3508333333333331
2012-11-06,399,-92,263434000,1.6006944444444444
2012-11-06,399,-91,263434000,2.8009722222222226
2012-11-06,399,232,237919000,1.0913888888888887
2012-11-06,399,231,237919000,0.70416666666666672
2012-11-06,399,1198,820080152,0.39013888888888892
2012-11-06,399,1199,820080152,0.84722222222222232
2012-11-06,399,227,237151000,0.45472222222222225
2012-11-06,399,228,237151000,3.5425000000000004
2012-11-06,399,1197,412888886,0.65722222222222226
2012-11-06,399,-94,204243000,0.3001388888888889
2012-11-06,399,4,224082780,2.7998611111111109
2012-11-06,399,3,224082780,0.70027777777777778
2012-11-06,399,-402,224241000,6.7208333333333332
2012-11-06,399,1200,412701043,0.79222222222222227
2012-11-06,399,-93,204229000,0.9011111111111112
2012-11-06,399,-94,204229000,0.24902777777777776
2012-11-06,399,-92,204229000,4.7648611111111112
2012-11-06,399,1198,412834190,6.4929166666666669
2012-11-06,399,1204,412001191,1.1791666666666667
2012-11-06,399,231,237144000,1.5459722222222221
2012-11-06,399,227,237144000,1.3047222222222223
2012-11-06,399,228,237144000,0.68916666666666671
2012-11-06,399,5,224044230,0.8979166666666667
2012-11-06,399,4,224044230,2.4019444444444442
2012-11-06,399,0,224184270,0.51055555555555554
2012-11-06,399,1,224132580,0.26180555555555551
2012-11-06,655,-116,251092000,4.5502777777777776
2012-11-06,655,-115,251092000,0.60763888888888884
2012-11-06,655,-241,251563110,0.22083333333333333
2012-11-06,655,-116,251129000,1.9565277777777776
2012-11-06,-113,928,432405000,1.7666666666666666
2012-11-06,-113,-819,412420806,16.134166666666669
2012-11-06,-113,-1256,431490000,1.8416666666666668
2012-11-06,144,-253,224005790,1.2530555555555556
2012-11-06,400,5,224210180,1.7979166666666668
2012-11-06,400,-91,263434000,2.951805555555556
2012-11-06,400,231,237919000,5.7454166666666673
2012-11-06,400,232,237919000,1.6381944444444447
2012-11-06,400,226,237151000,0.95847222222222228
2012-11-06,400,227,237151000,6.2013888888888884
2012-11-06,400,-96,225353000,1.1141666666666667
2012-11-06,400,1200,412660008,5.2144444444444442
2012-11-06,400,231,237662000,2.3466666666666671
2012-11-06,400,230,237662000,0.81027777777777776
2012-11-06,400,4,224082780,0.25041666666666668
2012-11-06,400,236,237180000,3.9277777777777771
2012-11-06,400,237,237180000,1.788472222222222
2012-11-06,400,235,237180000,0.80125
2012-11-06,400,-401,224241000,5.2858333333333336
2012-11-06,400,-92,204229000,1.9244444444444446
2012-11-06,400,-91,204229000,1.3754166666666667
2012-11-06,400,-93,204229000,0.49944444444444447
2012-11-06,400,226,237178000,11.219722222222224
2012-11-06,400,-444,224068000,1.80125
2012-11-06,400,-232,263427750,6.0705555555555559
2012-11-06,400,226,237294000,0.64458333333333329
2012-11-06,400,226,237144000,3.0598611111111111
2012-11-06,400,227,237144000,0.9605555555555555
2012-11-06,400,5,224044230,1.3004166666666666
2012-11-06,656,-116,251039110,5.6756944444444448
2012-11-06,656,-117,251039110,9.89722222222222
2012-11-06,656,-118,251039110,6.4343055555555555
2012-11-06,656,-280,251097000,1.5669444444444445
2012-11-06,656,-116,251129000,0.61569444444444454
2012-11-06,656,-280,251036110,1.5654166666666667
2012-11-06,-368,205,601479000,6.055
2012-11-06,-112,928,432405000,1.6402777777777777
2012-11-06,-112,-821,515303000,7.4851388888888888
2012-11-06,-112,-1256,431490000,4.2219444444444445
2012-11-06,145,-253,224005790,0.81958333333333333
2012-11-06,145,-252,224005790,1.925
2012-11-06,145,-259,224452000,1.7945833333333332
2012-11-06,145,-1776,432558000,2.877361111111111
2012-11-06,145,-228,224472000,1.7515277777777778
2012-11-06,145,-231,224472000,1.9315277777777773
2012-11-06,401,-91,263434000,0.25013888888888891
2012-11-06,401,232,237919000,0.525
2012-11-06,401,231,237919000,3.0565277777777777
2012-11-06,401,226,237151000,1.9115277777777779
2012-11-06,401,1218,420041768,0.35541666666666666
2012-11-06,401,1219,420041768,0.28416666666666668
2012-11-06,401,-95,225353000,1.1481944444444445
2012-11-06,401,-96,225353000,0.63527777777777783
2012-11-06,401,230,237662000,1.5069444444444446
2012-11-06,401,231,237662000,8.3577777777777769
2012-11-06,401,235,237180000,7.7797222222222224
2012-11-06,401,236,237180000,9.3329166666666659
2012-11-06,401,-402,224241000,0.86111111111111116
2012-11-06,401,-403,224241000,0.97930555555555554
2012-11-06,401,9,224197230,2.2
2012-11-06,401,226,237178000,2.3076388888888886
2012-11-06,401,-447,224068000,6.6788888888888893
2012-11-06,401,-444,224068000,0.81111111111111112
2012-11-06,401,-443,224068000,0.762361111111111
2012-11-06,401,-445,224068000,1.0208333333333333
2012-11-06,401,-442,224068000,0.79708333333333337
2012-11-06,401,226,237294000,4.2138888888888886
2012-11-06,401,1216,412005819,4.7656944444444447
2012-11-06,401,1217,412005819,1.3809722222222223
2012-11-06,401,226,237144000,0.86208333333333331
2012-11-06,657,-242,251563110,0.21916666666666668
2012-11-06,657,-243,251563110,11.60027777777778
2012-11-06,657,-260,251153000,1.012361111111111
2012-11-06,657,-117,251039110,1.5916666666666666
2012-11-06,657,-279,251097000,1.5845833333333332
2012-11-06,657,-278,251097000,3.0443055555555558
2012-11-06,657,-280,251097000,8.7336111111111112
2012-11-06,657,-116,251129000,1.4818055555555554
2012-11-06,657,-115,251129000,0.58125
2012-11-06,657,-249,251197110,1.2190277777777778
2012-11-06,657,-248,251197110,1.4740277777777777
2012-11-06,657,-280,251036110,1.5555555555555556
2012-11-06,657,-279,251036110,3.117777777777778
2012-11-06,657,-277,251036110,2.8002777777777776
2012-11-06,657,-278,251036110,5.814861111111111
2012-11-06,657,-235,251412440,0.21222222222222223
2012-11-06,657,-233,251412440,2.6675
2012-11-06,657,-234,251412440,5.1890277777777767
2012-11-06,657,-127,251254000,2.3443055555555556
2012-11-06,657,-121,251254000,3.2699999999999996
2012-11-06,657,-123,251254000,6.1452777777777783
2012-11-06,657,-122,251254000,2.745
2012-11-06,657,-124,251254000,6.3227777777777776
2012-11-06,-111,928,432405000,4.0143055555555556
2012-11-06,-111,-821,515303000,5.4108333333333336
2012-11-06,-111,746,412695660,1.7194444444444446
2012-11-06,-111,748,412695660,1.8734722222222222
2012-11-06,-111,745,412695660,9.017777777777777
2012-11-06,-111,135,224079000,2.7070833333333333
2012-11-06,146,-254,224005790,2.4873611111111109
2012-11-06,146,-1774,432558000,5.19125
2012-11-06,146,-1779,432558000,1.6133333333333333
2012-11-06,146,-1780,432558000,3.6861111111111109
2012-11-06,402,226,237151000,1.9316666666666666
2012-11-06,402,-95,225353000,2.4073611111111108
2012-11-06,402,231,237662000,1.0795833333333333
2012-11-06,402,1219,412041790,13.834027777777775
2012-11-06,402,-409,224241000,3.4143055555555559
2012-11-06,402,7,224197230,0.68805555555555553
2012-11-06,402,9,224197230,0.60027777777777769
2012-11-06,402,8,224197230,2.2873611111111112
2012-11-06,402,226,237221000,4.7454166666666673
2012-11-06,402,1219,412033161,18.36652777777778
2012-11-06,402,226,237178000,2.1398611111111108
2012-11-06,402,-439,224068000,5.1011111111111118
2012-11-06,402,-449,224068000,4.2502777777777778
2012-11-06,402,-441,224068000,1.4837500000000001
2012-11-06,402,226,237294000,3.36625
2012-11-06,402,1219,412005819,0.55444444444444441
2012-11-06,402,1217,412356555,0.45458333333333334
2012-11-06,402,1217,800016082,2.0901388888888892
2012-11-06,402,1216,800016082,2.887083333333333
2012-11-06,658,-250,251253540,2.0379166666666664
2012-11-06,658,-249,251253540,1.59
2012-11-06,658,-247,251253540,0.21527777777777779
2012-11-06,658,-248,251253540,0.21694444444444444
2012-11-06,658,118,257195620,2.0275
2012-11-06,658,-236,251284110,1.2816666666666667
2012-11-06,658,-276,251097000,8.6679166666666667
2012-11-06,658,-275,251097000,1.5138888888888888
2012-11-06,658,-116,251129000,3.4041666666666663
2012-11-06,658,-248,251197110,1.9333333333333331
2012-11-06,658,-247,251197110,9.0593055555555537
2012-11-06,658,-249,251197110,1.2881944444444444
2012-11-06,658,-275,251036110,5.59
2012-11-06,658,-276,251036110,1.5474999999999999
2012-11-06,658,-274,251036110,1.6109722222222222
2012-11-06,-366,214,601799000,9.9752777777777766
2012-11-06,-110,932,432848000,5.9080555555555554
2012-11-06,-110,933,432848000,5.8752777777777787
2012-11-06,-110,134,224079000,10.827777777777778
2012-11-06,147,-253,224005790,2.5258333333333334
2012-11-06,147,-261,224452000,1.6584722222222221
2012-11-06,147,-1775,432558000,0.41236111111111107
2012-11-06,147,-1776,432558000,0.45013888888888887
2012-11-06,147,-228,224472000,0.76652777777777781
2012-11-06,147,-227,224472000,0.9291666666666667
2012-11-06,403,227,237151000,1.0709722222222222
2012-11-06,403,226,237151000,0.20944444444444443
2012-11-06,403,-95,225353000,1.895
2012-11-06,403,-489,224043560,5.7936111111111108
2012-11-06,403,227,237171000,0.44013888888888886
2012-11-06,403,7,224197230,0.44166666666666665
2012-11-06,403,228,237221000,1.1725
2012-11-06,403,226,237221000,0.41694444444444445
2012-11-06,403,227,237221000,8.11763888888889
2012-11-06,403,226,237178000,0.21791666666666665
2012-11-06,403,227,237178000,1.0591666666666666
2012-11-06,403,226,237294000,0.21069444444444446
2012-11-06,403,227,237294000,9.5079166666666683
2012-11-06,403,1219,412005819,2.6441666666666666
2012-11-06,403,1217,412356555,1.4226388888888888
2012-11-06,403,1218,412356555,7.2494444444444452
2012-11-06,403,227,237163000,1.49125
2012-11-06,659,-250,251253540,0.53819444444444442
2012-11-06,659,-243,251351110,0.575
2012-11-06,659,118,257195620,1.4998611111111111
2012-11-06,659,-237,251284110,2.1281944444444445
2012-11-06,659,-247,251197110,1.6876388888888887
2012-11-06,659,-246,251197110,0.20430555555555557
2012-11-06,659,-120,251254000,1.5665277777777775
2012-11-06,659,-119,251254000,0.10874999999999999
2012-11-06,-621,-608,440899000,11.810416666666669
2012-11-06,-621,-609,440899000,6.870972222222222
2012-11-06,-621,-610,440899000,5.6956944444444435
2012-11-06,-109,927,432405000,5.06125
2012-11-06,-109,129,432408000,0.95263888888888892
2012-11-06,-109,130,432408000,0.88333333333333341
2012-11-06,-109,844,431700210,5.2731944444444441
2012-11-06,148,-1779,432558000,0.98097222222222213
2012-11-06,148,-1778,432558000,0.92375000000000007
2012-11-06,148,-1777,432558000,2.274861111111111
2012-11-06,404,-95,225353000,0.2630555555555556
2012-11-06,404,-485,224029760,6.66611111111111
2012-11-06,404,-484,224029760,0.81111111111111112
2012-11-06,404,-483,224029760,5.325
2012-11-06,404,-90,263450000,2.0002777777777778
2012-11-06,404,281,271062000,1.6631944444444442
2012-11-06,660,-244,251530000,3.9651388888888897
2012-11-06,660,-245,251530000,1.1545833333333335
2012-11-06,660,-177,251064110,2.055
2012-11-06,660,-176,251064110,0.50680555555555551
2012-11-06,660,-175,251064110,1.48375
2012-11-06,660,-230,251793240,0.40777777777777779
2012-11-06,660,-229,251793240,1.665416666666667
2012-11-06,660,-264,251153000,1.55
2012-11-06,660,-263,251153000,1.5954166666666667
2012-11-06,660,-228,251842670,1.8704166666666668
2012-11-06,660,-229,251842670,0.84736111111111112
2012-11-06,660,-227,251842670,2.1052777777777778
2012-11-06,660,-178,251370110,0.65444444444444438
2012-11-06,660,-177,251370110,0.93652777777777785
2012-11-06,660,-244,251197110,1.6840277777777775
2012-11-06,660,-243,251250110,5.8486111111111123
2012-11-06,660,-242,251250110,0.4075
2012-11-06,660,-244,251248110,6.58375
2012-11-06,660,-245,251248110,0.62763888888888886
2012-11-06,-364,216,601799000,5.3419444444444446
2012-11-06,-108,928,432405000,1.6056944444444445
2012-11-06,-108,973,503732000,0.99486111111111108
2012-11-06,-108,872,440926000,1.7640277777777778
2012-11-06,-108,870,440926000,2.3138888888888891
2012-11-06,-108,871,440926000,1.6111111111111112
2012-11-06,-108,-820,412420462,10.98013888888889
2012-11-06,-108,933,432848000,2.28625
2012-11-06,-108,934,432848000,2.38625
2012-11-06,-108,-1481,431101320,3.2802777777777781
2012-11-06,149,-259,224452000,1.0595833333333333
2012-11-06,149,-258,224452000,1.5043055555555558
2012-11-06,149,-261,224452000,1.4994444444444444
2012-11-06,149,-1780,432558000,1.8226388888888889
2012-11-06,149,-1779,432558000,1.8147222222222223
2012-11-06,149,-229,224472000,1.6056944444444445
2012-11-06,405,-94,263509000,0.225
2012-11-06,405,-474,224020000,1.4561111111111111
2012-11-06,405,-472,224020000,1.5605555555555557
2012-11-06,405,-471,224020000,1.8454166666666667
2012-11-06,405,-94,225353000,0.78180555555555553
2012-11-06,405,-93,225353000,1.4251388888888887
2012-11-06,405,-489,224043560,2.3775
2012-11-06,405,1211,800004658,1.2077777777777778
2012-11-06,405,1210,800004658,2.7784722222222227
2012-11-06,405,-692,366866750,6.7080555555555552
2012-11-06,405,-693,366866750,18.29986111111111
2012-11-06,405,-90,263450000,9.15875
2012-11-06,405,-90,263407550,2.152222222222222
2012-11-06,405,-425,255501000,6.0445833333333336
2012-11-06,661,-123,251040000,0.76527777777777783
2012-11-06,661,-243,251530000,3.7187500000000009
2012-11-06,661,-238,251531540,12.566111111111113
2012-11-06,661,-178,251224110,1.3338888888888889
2012-11-06,661,-230,251793240,2.0656944444444445
2012-11-06,661,-231,251793240,2.0680555555555555
2012-11-06,661,-121,251452000,2.1197222222222223
2012-11-06,661,-120,251452000,3.439027777777778
2012-11-06,661,-231,251842670,1.2304166666666667
2012-11-06,661,-178,251370110,0.66236111111111118
2012-11-06,661,-177,251370110,2.6390277777777778
2012-11-06,661,-244,251197110,3.7863888888888884
2012-11-06,661,-243,251197110,1.2493055555555554
2012-11-06,661,-237,251478740,0.7615277777777778
2012-11-06,661,-238,251478740,12.554444444444444
2012-11-06,661,-243,251248110,5.6951388888888888
2012-11-06,661,-244,251248110,0.20708333333333334
2012-11-06,661,-230,251841270,1.2938888888888891
2012-11-06,661,-232,251841270,0.82041666666666668
2012-11-06,661,-231,251841270,5.0354166666666673
2012-11-06,-107,973,503732000,0.96097222222222223
2012-11-06,-107,869,440926000,1.734861111111111
2012-11-06,-107,874,440926000,1.8943055555555555
2012-11-06,-107,872,440926000,1.6002777777777779
2012-11-06,-107,-828,412420427,13.71736111111111
2012-11-06,-107,934,432848000,1.8494444444444447
2012-11-06,-107,-1484,431101320,2.5083333333333337
2012-11-06,-107,-1485,431101320,2.5126388888888891
2012-11-06,-107,-1481,431101320,2.4924999999999997
2012-11-06,-107,-1483,431101320,1.8483333333333334
2012-11-06,-107,-1482,431101320,1.1665277777777778
2012-11-06,-107,128,432408000,1.7819444444444446
2012-11-06,-107,127,432408000,1.6134722222222222
2012-11-06,-107,-828,412420314,12.762222222222222
2012-11-06,-107,844,431700210,0.74291666666666667
2012-11-06,150,-252,224452000,3.4459722222222222
2012-11-06,150,-251,224452000,2.8333333333333335
2012-11-06,150,-254,224452000,2.50125
2012-11-06,150,-256,224452000,2.0684722222222227
2012-11-06,150,-1781,432558000,1.7741666666666667
2012-11-06,406,258,237343000,4.0988888888888892
2012-11-06,406,-477,224020000,1.0034722222222221
2012-11-06,406,-478,224020000,0.865
2012-11-06,406,-476,224020000,5.1376388888888878
2012-11-06,406,-480,224020000,5.0344444444444445
2012-11-06,406,-473,224020000,1.6240277777777776
2012-11-06,406,-94,225353000,1.4148611111111111
2012-11-06,406,-93,225353000,0.68416666666666659
2012-11-06,406,-488,224043560,1.0088888888888889
2012-11-06,406,-489,224043560,0.8026388888888889
2012-11-06,406,1211,800004658,0.94791666666666674
2012-11-06,406,-692,366866750,5.8756944444444441
2012-11-06,406,-90,263432000,3.2693055555555564
2012-11-06,406,-417,224069960,2.5902777777777777
2012-11-06,406,-90,263408000,1.903888888888889
2012-11-06,406,-91,263408000,0.24874999999999997
2012-11-06,406,1211,412002691,13.44625
2012-11-06,406,1210,412002691,0.76277777777777778
2012-11-06,406,1479,273355660,7.64
2012-11-06,406,-90,263450000,2.8290277777777777
2012-11-06,406,-89,263450000,0.29958333333333331
2012-11-06,406,292,271056016,0.662638888888889
2012-11-06,406,101,247151280,0.25055555555555553
2012-11-06,406,102,247151280,8.3268055555555538
2012-11-06,406,-90,263427000,0.72569444444444442
2012-11-06,406,-90,263407550,4.0988888888888892
2012-11-06,406,-427,255501000,7.26125
2012-11-06,406,-673,366739960,7.283611111111111
2012-11-06,406,-672,366739960,1.8245833333333334
2012-11-06,662,-124,251040000,0.91708333333333336
2012-11-06,662,-125,251040000,1.5486111111111112
2012-11-06,662,-243,251530000,1.0327777777777776
2012-11-06,662,-175,251018000,2.6979166666666665
2012-11-06,662,-256,251084110,13.61875
2012-11-06,662,-255,251084110,1.4358333333333333
2012-11-06,662,-257,251084110,8.4556944444444433
2012-11-06,662,-258,251026000,4.3679166666666669
2012-11-06,662,-121,251175000,7.287638888888889
2012-11-06,662,-123,251175000,1.5475
2012-11-06,662,-125,251175000,7.13875
2012-11-06,662,-121,251452000,2.7897222222222222
2012-11-06,662,-155,251307110,0.22583333333333333
2012-11-06,662,-157,251307110,2.8775000000000004
2012-11-06,662,-154,251307110,0.64458333333333329
2012-11-06,662,-158,251307110,1.9523611111111112
2012-11-06,662,-125,251129000,1.3491666666666666
2012-11-06,662,-124,251129000,0.70527777777777778
2012-11-06,662,-123,251129000,2.3904166666666669
2012-11-06,662,-235,251836340,0.64402777777777787
2012-11-06,662,-236,251836340,4.7894444444444462
2012-11-06,662,-126,251323110,1.0776388888888888
2012-11-06,662,-125,251323110,0.16305555555555556
2012-11-06,-362,-450,441007000,4.2923611111111111
2012-11-06,-362,-449,441007000,2.1002777777777779
2012-11-06,-106,927,432405000,5.82875
2012-11-06,-106,975,503732000,1.6526388888888888
2012-11-06,-106,868,440926000,3.9002777777777773
2012-11-06,-106,-828,412420428,25.646666666666665
2012-11-06,-106,934,432848000,2.6941666666666668
2012-11-06,-106,-1485,431101320,5.4347222222222218
2012-11-06,-106,-1481,431101320,1.8073611111111112
2012-11-06,-106,-1484,431101320,1.8056944444444445
2012-11-06,-106,131,224079000,10.980694444444445
2012-11-06,-106,-831,416031900,6.1747222222222229
2012-11-06,-106,127,432408000,1.8093055555555555
2012-11-06,-106,126,432408000,1.6354166666666665
2012-11-06,-106,-819,900200898,7.77375
2012-11-06,-106,843,431700210,0.84666666666666679
2012-11-06,-106,844,431700210,3.2358333333333333
2012-11-06,407,293,271062021,5.7379166666666661
2012-11-06,407,248,237215000,0.4408333333333333
2012-11-06,407,250,237215000,0.52416666666666667
2012-11-06,407,249,237215000,2.5220833333333332
2012-11-06,407,292,271062046,1.7043055555555555
2012-11-06,407,-479,224020000,2.7106944444444445
2012-11-06,407,-476,224020000,1.6452777777777778
2012-11-06,407,292,271072808,0.22555555555555556
2012-11-06,407,-93,225353000,2.1752777777777776
2012-11-06,407,-488,224043560,1.6705555555555556
2012-11-06,407,-490,224043560,1.8465277777777778
2012-11-06,407,-487,224029760,1.7472222222222222
2012-11-06,407,-489,224029760,6.5113888888888889
2012-11-06,407,-90,263432000,3.6309722222222218
2012-11-06,407,-91,263432000,0.29958333333333331
2012-11-06,407,292,271072578,0.36152777777777778
2012-11-06,407,294,271072578,0.76402777777777775
2012-11-06,407,293,271072578,4.5284722222222218
2012-11-06,407,-414,224069960,2.7304166666666667
2012-11-06,407,-413,224069960,5.0605555555555553
2012-11-06,407,249,237127000,1.2679166666666666
2012-11-06,407,252,237127000,2.4084722222222221
2012-11-06,407,248,237127000,2.1180555555555554
2012-11-06,407,250,237127000,1.9094444444444445
2012-11-06,407,251,237127000,2.5894444444444442
2012-11-06,407,292,271062117,2.3155555555555556
2012-11-06,407,-90,263408000,1.8019444444444443
2012-11-06,407,-91,263408000,1.9994444444444441
2012-11-06,407,293,271056006,3.2455555555555553
2012-11-06,407,294,271056007,1.3934722222222222
2012-11-06,407,293,271056007,1.3830555555555555
2012-11-06,407,1475,273354660,11.798611111111111
2012-11-06,407,294,271072425,0.27666666666666667
2012-11-06,407,293,271072425,1.30125
2012-11-06,407,1214,412205482,0.89555555555555544
2012-11-06,407,1213,412205482,8.1381944444444443
2012-11-06,407,102,247151280,2.8073611111111112
2012-11-06,407,-91,263427000,0.45208333333333339
2012-11-06,407,-90,263427000,6.387083333333333
2012-11-06,407,-91,263407550,0.47652777777777777
2012-11-06,407,-90,263407550,3.3759722222222219
2012-11-06,407,293,271072201,3.8436111111111115
2012-11-06,407,294,271072201,1.4261111111111111
2012-11-06,407,-668,367138530,8.3931944444444451
2012-11-06,407,256,237334000,1.1281944444444445
2012-11-06,407,257,237334000,3.2519444444444443
2012-11-06,407,258,237334000,0.99847222222222221
2012-11-06,407,259,237334000,8.49138888888889
2012-11-06,407,293,271072755,3.4723611111111108
2012-11-06,407,292,271072755,0.83861111111111108
2012-11-06,407,-673,366739960,13.710833333333333
2012-11-06,663,-127,251040000,1.5819444444444444
2012-11-06,663,-176,251082000,3.2627777777777776
2012-11-06,663,-177,251082000,2.6176388888888891
2012-11-06,663,-175,251082000,1.05125
2012-11-06,663,-170,251018000,0.42736111111111114
2012-11-06,663,-173,251018000,0.82694444444444437
2012-11-06,663,-172,251018000,0.40583333333333332
2012-11-06,663,-174,251018000,0.61958333333333337
2012-11-06,663,-176,251018000,0.20333333333333331
2012-11-06,663,-175,251018000,3.921388888888889
2012-11-06,663,-256,251123000,2.6193055555555556
2012-11-06,663,-258,251123000,2.3234722222222222
2012-11-06,663,-256,251084110,1.5343055555555556
2012-11-06,663,-257,251026000,6.409583333333333
2012-11-06,663,-256,251026000,3.141111111111111
2012-11-06,663,-234,251844440,2.1854166666666668
2012-11-06,663,-235,251844440,4.3451388888888882
2012-11-06,663,-234,251242110,0.21027777777777779
2012-11-06,-361,-555,770576176,0.83611111111111114
2012-11-06,-361,-554,770576176,4.9429166666666662
2012-11-06,-361,-556,770576176,2.6729166666666666
2012-11-06,-361,219,601799000,3.365277777777778
2012-11-06,-361,-526,770576253,1.5333333333333332
2012-11-06,-361,-554,770576047,5.7097222222222221
2012-11-06,-361,-556,770576047,2.1268055555555554
2012-11-06,-105,875,440926000,1.5398611111111111
2012-11-06,-105,-831,412328765,6.0420833333333333
2012-11-06,-105,929,431067000,3.6227777777777779
2012-11-06,-105,125,432408000,2.8548611111111111
2012-11-06,-105,-831,416566000,11.3925
2012-11-06,-105,848,431700210,1.8055555555555556
2012-11-06,-105,844,431700210,2.3240277777777778
2012-11-06,-105,849,431700210,0.93333333333333324
2012-11-06,-105,846,431700210,4.0251388888888888
2012-11-06,-105,847,431700210,1.7568055555555557
2012-11-06,-105,850,431700210,2.4148611111111111
2012-11-06,152,1640,431828000,2.5325
2012-11-06,408,248,237215000,0.69361111111111118
2012-11-06,408,250,237215000,12.920416666666666
2012-11-06,408,249,237215000,1.1511111111111112
2012-11-06,408,-94,225353000,1.15
2012-11-06,408,-93,225353000,1.1754166666666668
2012-11-06,408,-488,224043560,1.6818055555555556
2012-11-06,408,-90,263432000,0.85666666666666669
2012-11-06,408,-91,263432000,2.8097222222222222
2012-11-06,408,-416,224069960,3.3363888888888886
2012-11-06,408,245,240338000,1.0419444444444446
2012-11-06,408,244,240338000,11.299444444444443
2012-11-06,408,248,237127000,0.64361111111111113
2012-11-06,408,249,237127000,1.9791666666666667
2012-11-06,408,250,237127000,2.395833333333333
2012-11-06,408,251,237127000,0.6497222222222222
2012-11-06,408,-90,263408000,2.0031944444444445
2012-11-06,408,-91,263408000,1.1615277777777777
2012-11-06,408,84,247151010,7.854166666666667
2012-11-06,408,85,247151010,0.27680555555555558
2012-11-06,408,83,247151010,1.5005555555555554
2012-11-06,408,-91,263427000,1.3479166666666667
2012-11-06,408,-90,263427000,5.5509722222222226
2012-11-06,408,-91,263407550,0.48055555555555557
2012-11-06,408,-90,263407550,1.3297222222222222
2012-11-06,664,-177,251082000,2.201111111111111
2012-11-06,664,-176,251082000,0.8625
2012-11-06,664,-178,251082000,2.134722222222222
2012-11-06,664,-170,251018000,0.814861111111111
2012-11-06,664,-172,251018000,0.21402777777777776
2012-11-06,664,-171,251018000,1.2409722222222221
2012-11-06,664,-254,251182110,2.2480555555555557
2012-11-06,664,-235,251405110,0.62958333333333327
2012-11-06,664,-234,251405110,0.62874999999999992
2012-11-06,664,-233,251405110,3.0458333333333329
2012-11-06,664,-254,251123000,3.1044444444444448
2012-11-06,664,-255,251123000,0.81111111111111112
2012-11-06,664,-256,251123000,0.97986111111111107
2012-11-06,664,-250,251351110,0.6201388888888888
2012-11-06,664,-254,251026000,6.608194444444444
2012-11-06,664,-255,251026000,1.5401388888888889
2012-11-06,664,-235,251233110,3.3684722222222221
2012-11-06,664,-234,251233110,0.63513888888888892
2012-11-06,664,-216,251211110,3.6591666666666667
2012-11-06,664,-215,251211110,0.79638888888888881
2012-11-06,664,-143,251019110,0.40236111111111111
2012-11-06,664,-234,251242110,4.9993055555555559
2012-11-06,664,-233,251242110,1.8466666666666669
2012-11-06,664,-235,251242110,0.4175
2012-11-06,664,-133,251167110,8.7125
2012-11-06,664,-170,251294110,0.63541666666666674
2012-11-06,664,-171,251294110,1.4670833333333331
2012-11-06,664,-200,251203000,6.9719444444444445
2012-11-06,664,-199,251203000,2.2013888888888888
2012-11-06,664,-179,251602110,0.85458333333333347
2012-11-06,664,-178,251602110,1.0851388888888889
2012-11-06,664,122,257666500,2.1922222222222221
2012-11-06,-360,-559,770576176,1.955138888888889
2012-11-06,-360,-558,770576176,0.41236111111111112
2012-11-06,-360,-557,770576176,2.5866666666666669
2012-11-06,-360,220,601799000,6.4955555555555549
2012-11-06,-360,-526,770576253,4.960694444444445
2012-11-06,-360,-528,770576253,3.8861111111111111
2012-11-06,-360,-529,770576253,2.0238888888888891
2012-11-06,-360,-527,770576253,1.3443055555555556
2012-11-06,-360,-558,770576047,0.21125
2012-11-06,-360,-559,770576047,2.2286111111111109
2012-11-06,-360,-557,770576047,3.3041666666666671
2012-11-06,-360,-562,770576120,1.7444444444444442
2012-11-06,-360,-563,770576120,2.923194444444444
2012-11-06,-360,-563,770576123,2.5195833333333333
2012-11-06,-360,-562,770576123,1.6531944444444444
2012-11-06,-104,869,440926000,1.6652777777777776
2012-11-06,-104,-831,412328765,5.4163888888888891
2012-11-06,-104,-830,412328766,22.012083333333333
2012-11-06,-104,934,432848000,2.5702777777777777
2012-11-06,-104,125,432408000,1.638611111111111
2012-11-06,-104,927,431702230,1.7065277777777776
2012-11-06,-104,928,431702230,1.9531944444444442
2012-11-06,-104,-831,412326879,11.75
2012-11-06,-104,-831,416566000,3.2370833333333331
2012-11-06,153,-260,224049580,1.033611111111111
2012-11-06,409,-484,224020000,2.5651388888888889
2012-11-06,409,-94,225353000,0.45069444444444445
2012-11-06,409,-490,224043560,5.0352777777777771
2012-11-06,409,-91,263432000,0.20277777777777778
2012-11-06,409,-90,263432000,2.0098611111111109
2012-11-06,409,-416,224069960,1.0373611111111112
2012-11-06,409,-418,224069960,2.6461111111111113
2012-11-06,409,-415,224069960,0.77208333333333334
2012-11-06,409,-90,263408000,1.8699999999999999
2012-11-06,409,84,247151010,1.9025
2012-11-06,409,83,247151010,3.5608333333333331
2012-11-06,409,-94,224355000,1.2919444444444446
2012-11-06,409,83,247151070,4.630694444444444
2012-11-06,665,-178,251082000,1.0851388888888889
2012-11-06,665,-252,251182110,1.4470833333333337
2012-11-06,665,-251,251182110,0.8191666666666666
2012-11-06,665,-250,251182110,0.62277777777777776
2012-11-06,665,-235,251405110,0.62430555555555556
2012-11-06,665,-252,251123000,1.9308333333333332
2012-11-06,665,-251,251123000,2.8405555555555555
2012-11-06,665,-253,251123000,4.181111111111111
2012-11-06,665,-254,251123000,4.6570833333333326
2012-11-06,665,-250,251351110,0.20263888888888887
2012-11-06,665,-253,251026000,1.1225
2012-11-06,665,-252,251026000,1.0545833333333334
2012-11-06,665,-251,251026000,0.10708333333333334
2012-11-06,665,-235,251233110,2.129861111111111
2012-11-06,665,-181,251339110,1.4936111111111112
2012-11-06,665,-217,251211110,7.1555555555555559
2012-11-06,665,-216,251211110,1.8209722222222222
2012-11-06,665,-218,251211110,1.2420833333333334
2012-11-06,665,-139,251019110,1.5513888888888889
2012-11-06,665,-143,251019110,0.21666666666666667
2012-11-06,665,-141,251019110,0.97430555555555554
2012-11-06,665,-142,251019110,0.86083333333333334
2012-11-06,665,-138,251019110,1.3683333333333334
2012-11-06,665,-134,251167110,6.9452777777777772
2012-11-06,665,-133,251167110,0.49708333333333332
2012-11-06,665,-171,251294110,3.4197222222222221
2012-11-06,665,-170,251294110,0.21680555555555556
2012-11-06,665,-169,251294110,2.7231944444444447
2012-11-06,665,-172,251294110,0.81361111111111106
2012-11-06,665,-199,251203000,9.0073611111111109
2012-11-06,665,-198,251203000,4.637777777777778
2012-11-06,665,-179,251602110,3.2425
2012-11-06,-359,-559,770576176,0.21527777777777779
2012-11-06,-359,-558,770576176,3.9181944444444441
2012-11-06,-359,-526,770576253,4.9527777777777784
2012-11-06,-359,-529,770576253,1.3281944444444445
2012-11-06,-359,-528,770576253,3.3423611111111109
2012-11-06,-359,-559,770576047,0.20555555555555555
2012-11-06,-359,-558,770576047,3.6731944444444449
2012-11-06,-359,-563,770576120,2.8033333333333332
2012-11-06,-359,-562,770576120,1.8133333333333332
2012-11-06,-359,-561,770576120,2.6943055555555557
2012-11-06,-359,-563,770576123,3.6369444444444445
2012-11-06,-359,-561,770576123,1.8316666666666666
2012-11-06,-359,-562,770576123,2.1355555555555554
2012-11-06,-103,-831,412328765,0.83624999999999994
2012-11-06,-103,929,431067000,1.7580555555555555
2012-11-06,-103,-1468,441680000,1.8797222222222221
2012-11-06,-103,928,431702230,1.6058333333333334
2012-11-06,154,1641,431828000,2.13625
2012-11-06,154,1640,431828000,9.7495833333333337
2012-11-06,154,-261,224049580,1.7248611111111112
2012-11-06,410,-93,224091680,4.02875
2012-11-06,410,-94,224091680,1.7127777777777777
2012-11-06,410,-92,224091680,0.25013888888888891
2012-11-06,410,-229,224138280,3.422361111111111
2012-11-06,410,-94,225353000,1.9737500000000001
2012-11-06,410,-489,224043560,2.653888888888889
2012-11-06,410,-90,263432000,0.92958333333333332
2012-11-06,410,-416,224069960,1.5984722222222221
2012-11-06,410,-94,224355000,0.7975
2012-11-06,666,-250,251182110,0.41652777777777772
2012-11-06,666,-251,251123000,1.0333333333333332
2012-11-06,666,-183,251339110,2.4836111111111108
2012-11-06,666,-180,251339110,5.0177777777777779
2012-11-06,666,-218,251211110,5.577222222222221
2012-11-06,666,-217,251211110,0.86361111111111111
2012-11-06,666,-219,251211110,2.1876388888888889
2012-11-06,666,-139,251019110,0.84513888888888888
2012-11-06,666,-140,251019110,0.7775
2012-11-06,666,-137,251019110,1.56125
2012-11-06,666,-138,251019110,2.8769444444444447
2012-11-06,666,-132,251167110,1.7922222222222226
2012-11-06,666,-133,251167110,1.9279166666666665
2012-11-06,666,-130,251167110,2.4063888888888889
2012-11-06,666,-131,251167110,2.1195833333333338
2012-11-06,666,-170,251294110,1.6684722222222219
2012-11-06,666,-169,251294110,1.2580555555555555
2012-11-06,666,-197,251203000,1.0608333333333333
2012-11-06,-358,-558,770576176,0.95472222222222225
2012-11-06,-358,-559,770576176,1.76375
2012-11-06,-358,-558,770576047,1.0934722222222222
2012-11-06,-358,-559,770576047,1.4877777777777776
2012-11-06,-358,-563,770576120,1.4943055555555556
2012-11-06,-358,-561,770576120,3.1431944444444446
2012-11-06,-358,-562,770576120,5.1222222222222218
2012-11-06,-358,-563,770576123,1.7131944444444445
2012-11-06,-358,-561,770576123,7.233194444444444
2012-11-06,-358,-562,770576123,4.979166666666667
2012-11-06,-102,869,440926000,2.1280555555555556
2012-11-06,-102,868,440926000,3.1884722222222219
2012-11-06,-102,-189,224132670,3.8097222222222218
2012-11-06,-102,929,431067000,4.0395833333333329
2012-11-06,-102,-1469,440987000,0.91236111111111107
2012-11-06,-102,-1468,440987000,0.91708333333333336
2012-11-06,-102,-1467,440987000,2.148333333333333
2012-11-06,-102,-1466,440987000,3.4124999999999996
2012-11-06,-102,-1470,440987000,2.3143055555555554
2012-11-06,-102,-1465,440987000,1.7125
2012-11-06,-102,-1469,441680000,2.5713888888888885
2012-11-06,-102,-1471,441680000,3.200277777777778
2012-11-06,-102,124,432408000,3.8495833333333334
2012-11-06,-102,928,431702230,1.7638888888888888
2012-11-06,-102,1722,416003822,1.2501388888888889
2012-11-06,-102,1723,416003822,2.39513888888889
2012-11-06,-102,1721,416003822,2.0018055555555554
2012-11-06,-102,1719,416003822,4.5744444444444445
2012-11-06,155,-257,224055860,1.7002777777777778
2012-11-06,155,-258,224055860,2.7791666666666668
2012-11-06,155,-255,224055860,2.8163888888888886
2012-11-06,411,-92,224091680,3.8870833333333339
2012-11-06,411,-93,224091680,6.9888888888888889
2012-11-06,411,-229,224138280,2.6359722222222222
2012-11-06,411,-226,224138280,3.4762499999999994
2012-11-06,411,-230,224138280,6.0551388888888882
2012-11-06,411,-228,224138280,5.924722222222222
2012-11-06,411,-231,224138280,1.4422222222222221
2012-11-06,411,-93,225353000,2.0020833333333332
2012-11-06,411,-416,224069960,1.431111111111111
2012-11-06,411,311,271072370,3.2827777777777776
2012-11-06,411,313,271072370,1.7027777777777779
2012-11-06,411,312,271072370,8.7831944444444439
2012-11-06,411,312,271072160,0.35444444444444445
2012-11-06,411,-91,263470000,0.22472222222222221
2012-11-06,411,-93,224355000,2.2386111111111116
2012-11-06,411,310,271072738,0.46305555555555555
2012-11-06,667,-238,251182110,0.40277777777777779
2012-11-06,667,-238,251102000,2.0945833333333335
2012-11-06,667,-237,251102000,1.0429166666666665
2012-11-06,667,-238,251155000,0.63319444444444439
2012-11-06,667,-239,251155000,0.41305555555555551
2012-11-06,667,-219,251211110,0.45541666666666669
2012-11-06,667,-238,251226000,0.82361111111111118
2012-11-06,667,-237,251047110,0.6166666666666667
2012-11-06,667,-247,251047110,0.65708333333333335
2012-11-06,667,-238,251047110,0.62819444444444439
2012-11-06,667,-248,251047110,1.0326388888888889
2012-11-06,667,-132,251323110,0.93555555555555558
2012-11-06,667,-134,251323110,1.10125
2012-11-06,667,-133,251323110,1.1047222222222222
2012-11-06,667,-237,251318000,0.98291666666666666
2012-11-06,-357,-562,770576120,2.0740277777777778
2012-11-06,-357,-562,770576123,2.0823611111111111
2012-11-06,-101,-188,224132670,1.7340277777777779
2012-11-06,-101,905,431047000,0.94444444444444442
2012-11-06,-101,907,431047000,1.7516666666666667
2012-11-06,-101,929,431067000,2.3630555555555555
2012-11-06,-101,-1463,440987000,2.4451388888888888
2012-11-06,-101,-1467,440987000,1.8043055555555552
2012-11-06,-101,-1469,440987000,1.4847222222222221
2012-11-06,-101,-1470,440987000,1.7452777777777775
2012-11-06,-101,-1466,440987000,5.5483333333333329
2012-11-06,-101,124,432408000,1.61125
2012-11-06,-101,123,432408000,1.3631944444444444
2012-11-06,-101,928,431702230,1.71375
2012-11-06,-101,-190,224068830,5.6698611111111106
2012-11-06,-101,1724,416003822,1.8245833333333332
2012-11-06,156,-250,224055860,4.0805555555555557
2012-11-06,156,-251,224055860,1.8525
2012-11-06,156,1643,431171000,3.3988888888888886
2012-11-06,156,1644,431171000,1.8266666666666667
2012-11-06,412,-92,224091680,2.2422222222222223
2012-11-06,412,-93,224091680,0.24986111111111112
2012-11-06,412,-232,224138280,2.4140277777777777
2012-11-06,412,-93,225353000,0.47486111111111112
2012-11-06,412,165,247280940,1.8736111111111109
2012-11-06,412,164,247280940,4.5648611111111128
2012-11-06,412,-415,224069960,5.1206944444444451
2012-11-06,412,313,271072370,1.0934722222222222
2012-11-06,412,297,271062132,0.12625
2012-11-06,412,296,271062132,0.45611111111111113
2012-11-06,412,-91,263470000,1.3144444444444445
2012-11-06,412,-92,263470000,1.275138888888889
2012-11-06,412,-93,224355000,0.51222222222222225
2012-11-06,412,-432,224173000,8.6041666666666679
2012-11-06,412,297,271072250,8.4938888888888879
2012-11-06,412,289,271008508,1.0143055555555556
2012-11-06,412,290,271008508,1.1187500000000001
2012-11-06,412,291,271008508,1.3458333333333332
2012-11-06,668,-247,251530000,2.2738888888888891
2012-11-06,668,-241,251530000,0.20166666666666666
2012-11-06,668,-245,251257110,2.7684722222222224
2012-11-06,668,-244,251257110,14.961805555555555
2012-11-06,668,-243,251257110,6.3152777777777773
2012-11-06,668,-212,251519000,4.4359722222222224
2012-11-06,668,-236,251182110,3.5559722222222221
2012-11-06,668,-237,251182110,4.552083333333333
2012-11-06,668,-235,251182110,1.4426388888888888
2012-11-06,668,-163,251267110,3.0359722222222225
2012-11-06,668,-162,251267110,5.7631944444444443
2012-11-06,668,-238,251102000,2.3922222222222222
2012-11-06,668,-236,251102000,1.6531944444444442
2012-11-06,668,-237,251102000,6.554027777777776
2012-11-06,668,-237,251038000,1.0375
2012-11-06,668,-236,251038000,0.41736111111111113
2012-11-06,668,-238,251038000,1.4777777777777776
2012-11-06,668,-237,251155000,3.0795833333333333
2012-11-06,668,-236,251155000,0.68666666666666665
2012-11-06,668,-239,251155000,1.2497222222222224
2012-11-06,668,-238,251155000,8.61388888888889
2012-11-06,668,-240,251126110,1.4665277777777777
2012-11-06,668,-237,251126110,1.025
2012-11-06,668,-239,251126110,0.385
2012-11-06,668,-238,251126110,1.8833333333333333
2012-11-06,668,-235,251126110,0.53486111111111112
2012-11-06,668,-234,251126110,1.2848611111111112
2012-11-06,668,-245,251338110,0.63111111111111118
2012-11-06,668,-244,251338110,0.21305555555555555
2012-11-06,668,-248,251338110,1.4645833333333336
2012-11-06,668,-247,251338110,4.7783333333333324
2012-11-06,668,-246,251338110,2.5173611111111112
2012-11-06,668,-244,251050110,2.4170833333333333
2012-11-06,668,-245,251050110,1.2222222222222223
2012-11-06,668,-247,251050110,2.9026388888888888
2012-11-06,668,-243,251050110,1.2333333333333334
2012-11-06,668,-246,251050110,3.310972222222222
2012-11-06,668,-202,251220110,3.129861111111111
2012-11-06,668,-203,251220110,3.1302777777777777
2012-11-06,668,-246,251226000,0.82944444444444443
2012-11-06,668,-237,251226000,3.3269444444444449
2012-11-06,668,-244,251226000,0.33
2012-11-06,668,-245,251226000,0.62333333333333329
2012-11-06,668,-238,251226000,1.6504166666666664
2012-11-06,668,-238,251047110,0.21055555555555555
2012-11-06,668,-235,251047110,0.43597222222222221
2012-11-06,668,-246,251047110,0.59597222222222224
2012-11-06,668,-236,251047110,2.4629166666666666
2012-11-06,668,-237,251047110,10.798055555555557
2012-11-06,668,-136,251323110,2.121666666666667
2012-11-06,668,-135,251323110,0.86486111111111108
2012-11-06,668,-236,251318000,0.33305555555555555
2012-11-06,668,-238,251318000,3.1543055555555553
2012-11-06,668,-237,251318000,4.5354166666666664
2012-11-06,668,-240,251318000,0.3183333333333333
2012-11-06,-356,-558,770576176,1.8706944444444447
2012-11-06,-356,189,601182000,16.687777777777775
2012-11-06,-356,-558,770576047,1.9206944444444447
2012-11-06,-356,-555,770576117,1.17375
2012-11-06,-356,-554,770576117,5.6597222222222214
2012-11-06,-356,-555,770576118,1.0904166666666666
2012-11-06,-356,-554,770576118,3.607361111111111
2012-11-06,-100,-1466,440628000,2.7365277777777774
2012-11-06,-100,119,224745000,5.3311111111111122
2012-11-06,-100,-188,224132670,0.62388888888888894
2012-11-06,-100,906,431047000,1.7568055555555555
2012-11-06,-100,123,432408000,3.6225000000000005
2012-11-06,-100,928,431702230,2.2709722222222224
2012-11-06,-100,-189,224068830,0.695
2012-11-06,-100,1724,416003822,0.93069444444444449
2012-11-06,157,-253,224055860,1.5198611111111111
2012-11-06,157,-257,224055860,2.947916666666667
2012-11-06,157,-256,224055860,4.3809722222222227
2012-11-06,157,-260,224049580,1.8115277777777776
2012-11-06,413,-91,224091680,1.224861111111111
2012-11-06,413,-493,224043560,2.5679166666666666
2012-11-06,413,164,247280940,4.6897222222222217
2012-11-06,413,163,247280940,5.2784722222222218
2012-11-06,413,-666,367139130,6.8794444444444443
2012-11-06,413,413,271072620,3.8561111111111108
2012-11-06,413,93,227593840,0.43680555555555556
2012-11-06,413,363,271062142,0.20791666666666667
2012-11-06,413,362,271062142,2.1016666666666666
2012-11-06,413,-92,263470000,1.9338888888888888
2012-11-06,413,-92,224355000,0.44986111111111116
2012-11-06,413,165,247122110,2.2143055555555553
2012-11-06,413,-432,224173000,2.6901388888888889
2012-11-06,413,126,247100630,5.1773611111111117
2012-11-06,413,127,247100630,0.42083333333333334
2012-11-06,413,125,247100630,1.8197222222222222
2012-11-06,669,-245,251530000,2.0611111111111109
2012-11-06,669,-247,251530000,0.15083333333333335
2012-11-06,669,-241,251530000,1.242777777777778
2012-11-06,669,-243,251530000,0.20402777777777778
2012-11-06,669,-244,251530000,1.0397222222222222
2012-11-06,669,-246,251530000,1.307638888888889
2012-11-06,669,-242,251530000,0.85180555555555548
2012-11-06,669,-237,251182110,2.0777777777777779
2012-11-06,669,-236,251182110,1.6515277777777775
2012-11-06,669,-235,251182110,1.2386111111111111
2012-11-06,669,-163,251267110,1.54875
2012-11-06,669,-164,251267110,1.5334722222222221
2012-11-06,669,-165,251267110,2.4233333333333333
2012-11-06,669,-166,251267110,1.4308333333333334
2012-11-06,669,-168,251267110,1.5722222222222224
2012-11-06,669,-167,251267110,1.4252777777777779
2012-11-06,669,-236,251102000,2.8763888888888882
2012-11-06,669,-237,251102000,4.4156944444444441
2012-11-06,669,-235,251102000,1.2355555555555555
2012-11-06,669,-238,251102000,1.0236111111111112
2012-11-06,669,-235,251038000,0.27833333333333332
2012-11-06,669,-240,251038000,1.9829166666666667
2012-11-06,669,-238,251038000,1.44
2012-11-06,669,-236,251038000,4.327638888888889
2012-11-06,669,-237,251038000,1.4609722222222223
2012-11-06,669,-239,251038000,0.9425
2012-11-06,669,-240,251021110,0.6100000000000001
2012-11-06,669,-242,251021110,0.4177777777777778
2012-11-06,669,-241,251021110,1.6038888888888887
2012-11-06,669,-237,251155000,1.5759722222222221
2012-11-06,669,-238,251155000,1.8729166666666663
2012-11-06,669,-236,251155000,2.129861111111111
2012-11-06,669,-235,251155000,1.4513888888888888
2012-11-06,669,-239,251155000,0.20513888888888887
2012-11-06,669,-234,251126110,0.64041666666666675
2012-11-06,669,-240,251126110,0.66222222222222227
2012-11-06,669,-236,251126110,4.465694444444444
2012-11-06,669,-237,251126110,2.3231944444444448
2012-11-06,669,-238,251126110,1.8325
2012-11-06,669,-239,251126110,2.6379166666666669
2012-11-06,669,-235,251126110,1.558888888888889
2012-11-06,669,-246,251338110,0.836388888888889
2012-11-06,669,-247,251338110,0.41236111111111112
2012-11-06,669,-244,251338110,0.20430555555555557
2012-11-06,669,-245,251338110,1.8704166666666666
2012-11-06,669,-247,251050110,0.20416666666666666
2012-11-06,669,-245,251050110,4.6515277777777779
2012-11-06,669,-243,251050110,1.2693055555555555
2012-11-06,669,-246,251050110,2.2709722222222224
2012-11-06,669,-242,251050110,1.2468055555555555
2012-11-06,669,-241,251050110,1.06125
2012-11-06,669,-244,251050110,1.2868055555555555
2012-11-06,669,-242,251226000,0.62569444444444444
2012-11-06,669,-240,251226000,0.81680555555555556
2012-11-06,669,-246,251226000,0.20402777777777778
2012-11-06,669,-243,251226000,0.61472222222222217
2012-11-06,669,-245,251226000,0.61777777777777776
2012-11-06,669,-244,251226000,0.62847222222222221
2012-11-06,669,-237,251226000,0.4102777777777778
2012-11-06,669,-238,251226000,0.20541666666666666
2012-11-06,669,-239,251226000,0.62055555555555553
2012-11-06,669,-236,251047110,2.3094444444444444
2012-11-06,669,-235,251047110,1.3186111111111112
2012-11-06,669,-236,251318000,2.4211111111111108
2012-11-06,669,-240,251318000,0.33263888888888887
2012-11-06,669,-238,251318000,2.5186111111111114
2012-11-06,669,-239,251318000,1.2497222222222222
2012-11-06,669,-237,251318000,1.1937499999999999
2012-11-06,669,-235,251318000,4.6093055555555553
2012-11-06,-355,-529,770576134,1.5372222222222223
2012-11-06,-355,-557,770576176,0.85986111111111108
2012-11-06,-355,-558,770576176,3.439861111111111
2012-11-06,-355,188,601182000,3.3448611111111113
2012-11-06,-355,-457,224371000,4.9829166666666662
2012-11-06,-355,-558,770576047,3.4073611111111104
2012-11-06,-355,-557,770576047,0.84111111111111114
2012-11-06,-355,-559,770576113,2.4180555555555556
2012-11-06,-355,-560,770576113,3.4811111111111113
2012-11-06,-355,-561,770576113,3.8399999999999994
2012-11-06,-355,-560,770576114,3.2055555555555557
2012-11-06,-355,-561,770576114,4.2390277777777774
2012-11-06,-355,-559,770576114,2.3345833333333332
2012-11-06,-355,-553,770576117,3.0886111111111116
2012-11-06,-355,-554,770576117,6.2181944444444435
2012-11-06,-355,-552,770576117,0.35694444444444445
2012-11-06,-355,-552,770576118,1.598611111111111
2012-11-06,-355,-553,770576118,3.1588888888888889
2012-11-06,-355,-554,770576118,5.540694444444445
2012-11-06,-99,-1465,440628000,3.1872222222222222
2012-11-06,-99,-1466,440628000,1.8834722222222222
2012-11-06,-99,-188,224132670,1.1458333333333335
2012-11-06,-99,907,431047000,1.6558333333333333
2012-11-06,-99,928,431702230,1.7080555555555557
2012-11-06,-99,-190,224068830,1.7981944444444444
2012-11-06,158,-255,224055860,1.3869444444444443
2012-11-06,158,-253,224055860,1.2679166666666666
2012-11-06,414,-92,224091680,0.275
2012-11-06,414,-91,224091680,0.74930555555555545
2012-11-06,414,163,247280940,2.2777777777777777
2012-11-06,414,-668,367139130,16.781388888888891
2012-11-06,414,-502,224071000,5.0802777777777779
2012-11-06,414,414,271072620,0.20805555555555555
2012-11-06,414,94,227593840,1.2818055555555554
2012-11-06,414,93,227593840,7.28
2012-11-06,414,30,224156790,0.80305555555555563
2012-11-06,414,32,224156790,1.4984722222222222
2012-11-06,414,31,224156790,1.5044444444444445
2012-11-06,414,33,224156790,0.75069444444444444
2012-11-06,414,-92,263470000,0.4498611111111111
2012-11-06,414,-92,224355000,2.1783333333333337
2012-11-06,414,165,247122110,0.26125
2012-11-06,414,164,247122110,1.8248611111111113
2012-11-06,414,-431,224173000,1.8570833333333334
2012-11-06,414,-432,224173000,0.76930555555555546
2012-11-06,414,125,247100630,0.30902777777777779
2012-11-06,670,-196,251519000,1.5404166666666668
2012-11-06,670,-199,251519000,5.54125
2012-11-06,670,-197,251519000,2.0531944444444443
2012-11-06,670,-237,251182110,0.64888888888888885
2012-11-06,670,-167,251267110,4.8841666666666672
2012-11-06,670,-237,251102000,0.21222222222222223
2012-11-06,670,-236,251102000,0.48833333333333334
2012-11-06,670,-236,251038000,1.8820833333333331
2012-11-06,670,-238,251038000,1.4348611111111111
2012-11-06,670,-237,251038000,2.3540277777777781
2012-11-06,670,-239,251038000,2.1384722222222221
2012-11-06,670,-240,251021110,2.247638888888889
2012-11-06,670,-239,251021110,1.5938888888888889
2012-11-06,670,-238,251021110,0.2729166666666667
2012-11-06,670,-235,251155000,0.82916666666666661
2012-11-06,670,-236,251155000,1.2840277777777778
2012-11-06,670,-222,251447110,0.48902777777777778
2012-11-06,670,-238,251126110,0.69986111111111116
2012-11-06,670,-237,251126110,0.46763888888888894
2012-11-06,670,-236,251126110,1.8173611111111112
2012-11-06,670,-239,251226000,0.80555555555555569
2012-11-06,670,-240,251226000,0.83541666666666659
2012-11-06,670,-238,251226000,0.40347222222222223
2012-11-06,670,-166,251145110,1.5820833333333333
2012-11-06,670,112,259619000,0.25
2012-11-06,670,-236,251047110,0.40972222222222221
2012-11-06,670,-236,251318000,1.3009722222222222
2012-11-06,670,-235,251318000,1.1477777777777778
2012-11-06,-354,-529,770576134,8.512083333333333
2012-11-06,-354,-542,770576182,5.068194444444444
2012-11-06,-354,-542,770576183,4.9397222222222235
2012-11-06,-354,188,601078200,5.7616666666666667
2012-11-06,-354,-560,770576113,4.7679166666666672
2012-11-06,-354,-562,770576113,0.82527777777777778
2012-11-06,-354,-561,770576113,2.148333333333333
2012-11-06,-354,-559,770576113,1.3056944444444445
2012-11-06,-354,-561,770576114,2.3527777777777779
2012-11-06,-354,-562,770576114,0.65222222222222215
2012-11-06,-354,-560,770576114,4.6206944444444442
2012-11-06,-354,-559,770576114,1.3069444444444442
2012-11-06,-354,-554,770576117,4.4188888888888878
2012-11-06,-354,-553,770576117,4.0543055555555556
2012-11-06,-354,-553,770576118,4.129027777777778
2012-11-06,-354,-554,770576118,2.6302777777777773
2012-11-06,-354,-547,770576119,2.3663888888888889
2012-11-06,-98,-1467,440628000,1.3955555555555557
2012-11-06,-98,-209,224286000,1.1480555555555556
2012-11-06,-98,-210,224286000,2.87625
2012-11-06,-98,908,431047000,1.7263888888888888
2012-11-06,-98,907,431047000,2.3308333333333331
2012-11-06,-98,929,431067000,5.8427777777777772
2012-11-06,-98,883,432282000,1.74
2012-11-06,-98,927,431702230,0.95027777777777778
2012-11-06,415,1416,273359400,0.76750000000000007
2012-11-06,415,-92,263470000,1.5504166666666668
2012-11-06,415,-92,224355000,0.22416666666666668
2012-11-06,415,-93,224355000,2.0108333333333333
2012-11-06,415,164,247122110,1.6845833333333333
2012-11-06,415,165,247122110,0.27458333333333335
2012-11-06,415,-432,224173000,1.5808333333333333
2012-11-06,415,-442,255501000,6.5972222222222223
2012-11-06,415,28,224089290,0.5
2012-11-06,415,-466,224032970,4.2559722222222218
2012-11-06,671,-195,251519000,1.543611111111111
2012-11-06,671,-194,251519000,1.5462500000000001
2012-11-06,671,-234,251038000,0.61888888888888882
2012-11-06,671,-235,251038000,1.0298611111111113
2012-11-06,671,-238,251038000,0.41958333333333331
2012-11-06,671,-237,251038000,0.61263888888888884
2012-11-06,671,-239,251021110,3.1093055555555562
2012-11-06,671,-240,251021110,0.861388888888889
2012-11-06,671,-238,251021110,3.712361111111111
2012-11-06,671,-236,251021110,0.20833333333333331
2012-11-06,671,-237,251021110,1.0681944444444444
2012-11-06,671,-210,251298110,7.1583333333333332
2012-11-06,671,-211,251298110,1.5615277777777776
2012-11-06,671,-221,251447110,1.0923611111111111
2012-11-06,671,-217,251447110,0.79861111111111116
2012-11-06,671,-218,251447110,8.637083333333333
2012-11-06,671,-238,251226000,0.44694444444444442
2012-11-06,671,-237,251226000,0.85569444444444431
2012-11-06,671,-235,251226000,0.64041666666666663
2012-11-06,671,-236,251226000,1.6734722222222222
2012-11-06,671,-171,251145110,5.5540277777777778
2012-11-06,671,111,259619000,0.24958333333333332
2012-11-06,-353,-528,770576134,2.7165277777777779
2012-11-06,-353,-527,770576134,11.622916666666667
2012-11-06,-353,-546,770576160,12.450833333333332
2012-11-06,-353,-548,770576160,0.77222222222222214
2012-11-06,-353,-547,770576160,7.640416666666666
2012-11-06,-353,-545,770576161,1.8155555555555556
2012-11-06,-353,-547,770576161,7.3043055555555547
2012-11-06,-353,-546,770576161,11.435833333333333
2012-11-06,-353,186,601182000,4.49375
2012-11-06,-353,-542,770576182,6.4408333333333339
2012-11-06,-353,-543,770576182,1.7793055555555555
2012-11-06,-353,-542,770576183,4.9794444444444448
2012-11-06,-353,-543,770576183,2.8325
2012-11-06,-353,-464,224371000,4.9622222222222225
2012-11-06,-353,-460,224371000,1.3127777777777778
2012-11-06,-353,-456,224371000,1.52
2012-11-06,-353,-544,770576096,3.392638888888889
2012-11-06,-353,-561,770576113,3.1413888888888888
2012-11-06,-353,-560,770576113,2.1373611111111108
2012-11-06,-353,-560,770576114,2.2947222222222221
2012-11-06,-353,-561,770576114,3.0111111111111115
2012-11-06,-353,-544,770576119,1.58875
2012-11-06,-353,-551,770576119,2.8656944444444443
2012-11-06,-353,-546,770576119,10.823888888888888
2012-11-06,-353,-547,770576119,2.3766666666666669
2012-11-06,-353,-549,770576119,2.3873611111111117
2012-11-06,-353,-546,770576121,9.0701388888888879
2012-11-06,-353,-549,770576121,3.2020833333333329
2012-11-06,-97,-1467,440628000,1.7559722222222223
2012-11-06,-97,-1464,440628000,1.0722222222222222
2012-11-06,-97,-1465,440628000,0.80986111111111114
2012-11-06,-97,-210,224286000,3.3876388888888886
2012-11-06,-97,-188,224132670,1.6466666666666667
2012-11-06,-97,906,431047000,5.7011111111111106
2012-11-06,-97,883,432282000,3.4693055555555556
2012-11-06,-97,928,431702230,3.8705555555555557
2012-11-06,-97,927,431702230,0.78291666666666671
2012-11-06,-97,-190,224068830,1.6409722222222223
2012-11-06,416,1416,273359400,0.75541666666666663
2012-11-06,416,-465,224135000,5.2804166666666665
2012-11-06,416,-501,224071000,1.7609722222222222
2012-11-06,416,-496,224071000,3.4279166666666665
2012-11-06,416,-497,224071000,1.6129166666666668
2012-11-06,416,29,224156790,0.20055555555555554
2012-11-06,416,28,224156790,0.59986111111111118
2012-11-06,416,-92,263470000,2.8995833333333327
2012-11-06,416,-93,224355000,2.1984722222222222
2012-11-06,416,164,247122110,1.0398611111111111
2012-11-06,416,-438,224173000,3.4183333333333334
2012-11-06,416,-434,224173000,5.1147222222222215
2012-11-06,416,-433,224173000,1.4283333333333332
2012-11-06,416,-443,255501000,4.5111111111111111
2012-11-06,416,29,224089290,0.25027777777777777
2012-11-06,416,28,224089290,6.3529166666666645
2012-11-06,416,-92,263414760,2.0236111111111112
2012-11-06,672,-237,251021110,2.5186111111111114
2012-11-06,672,-157,251178110,9.8077777777777779
2012-11-06,672,-156,251178110,6.3583333333333334
2012-11-06,672,-154,251178110,1.5631944444444446
2012-11-06,672,-155,251178110,1.2893055555555555
2012-11-06,672,-152,251178110,1.5111111111111111
2012-11-06,672,-159,251178110,1.5520833333333333
2012-11-06,672,-158,251178110,1.5498611111111111
2012-11-06,-352,-558,770576149,1.7950000000000002
2012-11-06,-352,-557,770576149,1.5077777777777774
2012-11-06,-352,-556,770576149,1.6872222222222222
2012-11-06,-352,-548,770576160,1.3276388888888888
2012-11-06,-352,-551,770576160,2.55875
2012-11-06,-352,-547,770576160,1.1075
2012-11-06,-352,-549,770576160,1.9280555555555556
2012-11-06,-352,-551,770576161,1.1672222222222224
2012-11-06,-352,-548,770576161,2.7563888888888886
2012-11-06,-352,-550,770576161,1.6336111111111111
2012-11-06,-352,-547,770576161,1.4306944444444447
2012-11-06,-352,-565,770576184,1.3125
2012-11-06,-352,-564,770576184,6.61611111111111
2012-11-06,-352,-563,770576184,4.5904166666666661
2012-11-06,-352,-464,224371000,2.2858333333333332
2012-11-06,-352,-462,224371000,0.81652777777777774
2012-11-06,-352,-564,770576185,6.6505555555555542
2012-11-06,-352,-563,770576185,3.7527777777777778
2012-11-06,-352,-565,770576185,1.5062500000000003
2012-11-06,-352,-556,5708,1.7273611111111111
2012-11-06,-352,-558,5708,1.7090277777777778
2012-11-06,-352,-557,5708,1.5919444444444442
2012-11-06,-352,-546,770576119,1.2656944444444445
2012-11-06,-352,-549,770576119,2.2902777777777779
2012-11-06,-352,-545,770576119,2.6083333333333334
2012-11-06,-352,-548,770576121,2.3668055555555556
2012-11-06,-352,-549,770576121,0.95166666666666666
2012-11-06,-96,-1467,440628000,2.3086111111111114
2012-11-06,-96,-1466,440628000,1.8706944444444444
2012-11-06,-96,-209,224286000,2.6097222222222225
2012-11-06,-96,-189,224132670,0.92652777777777784
2012-11-06,-96,908,431047000,5.0429166666666667
2012-11-06,-96,-191,224068830,0.89458333333333329
2012-11-06,417,-213,224101940,6.0481944444444444
2012-11-06,417,-206,224101940,5.78888888888889
2012-11-06,417,-208,224101940,1.5527777777777778
2012-11-06,417,-209,224101940,1.8093055555555557
2012-11-06,417,164,247121730,0.75111111111111106
2012-11-06,417,165,247121730,1.2488888888888889
2012-11-06,417,-496,224071000,2.6956944444444448
2012-11-06,417,-93,224355000,1.1498611111111112
2012-11-06,417,-94,224355000,1.1504166666666666
2012-11-06,417,165,247131080,1.2755555555555556
2012-11-06,417,-467,224032970,2.655555555555555
2012-11-06,417,-94,263414760,0.42625
2012-11-06,417,-93,263414760,5.128333333333333
2012-11-06,417,-92,263414760,1.2233333333333334
2012-11-06,-351,-546,770576131,4.7802777777777781
2012-11-06,-351,-555,770576149,0.29027777777777775
2012-11-06,-351,-556,770576149,1.79625
2012-11-06,-351,-557,770576183,1.5222222222222224
2012-11-06,-351,-563,770576184,6.999027777777779
2012-11-06,-351,-564,770576184,0.6133333333333334
2012-11-06,-351,-562,770576184,3.1094444444444451
2012-11-06,-351,-565,770576184,0.82444444444444454
2012-11-06,-351,-462,224371000,0.81111111111111112
2012-11-06,-351,-564,770576185,0.61291666666666667
2012-11-06,-351,-565,770576185,0.62902777777777774
2012-11-06,-351,-562,770576185,3.1891666666666669
2012-11-06,-351,-563,770576185,7.5812500000000007
2012-11-06,-351,-555,5708,1.1184722222222221
2012-11-06,-351,-556,5708,1.120138888888889
2012-11-06,-351,183,601572000,3.3181944444444444
2012-11-06,-351,-546,770576102,1.5887499999999999
2012-11-06,-351,-545,770576104,7.9477777777777785
2012-11-06,-351,-546,770576104,5.5945833333333335
2012-11-06,-351,-543,770576104,3.362916666666667
2012-11-06,-351,-557,770576116,0.95736111111111111
2012-11-06,-351,-558,770576116,0.75777777777777766
2012-11-06,-351,-556,770576116,1.7665277777777779
2012-11-06,-351,-558,770576122,1.2566666666666666
2012-11-06,-351,-556,770576122,3.0802777777777774
2012-11-06,-351,-559,770576122,1.0547222222222223
2012-11-06,-351,-557,770576122,0.99194444444444441
2012-11-06,-95,-1467,440628000,1.8316666666666668
2012-11-06,-95,-1469,440628000,1.5669444444444443
2012-11-06,-95,-1470,440628000,2.6158333333333332
2012-11-06,-95,-1468,440628000,1.2488888888888887
2012-11-06,-95,115,224745000,1.2526388888888889
2012-11-06,-95,-209,224286000,1.0690277777777777
2012-11-06,-95,-190,224132670,0.92902777777777779
2012-11-06,-95,-189,224132670,0.727638888888889
2012-11-06,-95,929,431067000,5.883055555555555
2012-11-06,-95,882,432282000,1.6281944444444445
2012-11-06,-95,884,432282000,0.79208333333333325
2012-11-06,-95,883,432282000,0.93875
2012-11-06,-95,926,431702230,3.4730555555555558
2012-11-06,-95,927,431702230,1.7970833333333336
2012-11-06,-95,-191,224068830,0.72611111111111115
2012-11-06,418,-92,224049960,0.74958333333333327
2012-11-06,418,164,247121730,2.6218055555555559
2012-11-06,418,-493,224071000,5.1013888888888888
2012-11-06,418,-495,224071000,1.5722222222222224
2012-11-06,418,-496,224071000,0.79263888888888889
2012-11-06,418,-94,224355000,1.4022222222222223
2012-11-06,418,165,247131080,2.0741666666666667
2012-11-06,418,-467,224032970,0.81388888888888888
2012-11-06,418,-92,263414760,3.327638888888889
2012-11-06,418,-94,263414760,0.69958333333333333
2012-11-06,674,55,259526000,7.9204166666666662
2012-11-06,674,-185,251177110,4.9373611111111106
2012-11-06,674,-190,251368110,4.6236111111111109
2012-11-06,-350,-547,770576131,5.7440277777777782
2012-11-06,-350,-560,770576149,0.20611111111111113
2012-11-06,-350,-555,770576149,1.8993055555555556
2012-11-06,-350,-556,770576149,0.95305555555555543
2012-11-06,-350,-559,770576149,0.64180555555555552
2012-11-06,-350,-554,770576149,3.5302777777777772
2012-11-06,-350,-553,770576149,1.55
2012-11-06,-350,-464,224371000,2.3498611111111112
2012-11-06,-350,-462,224371000,0.78625
2012-11-06,-350,-463,224371000,1.33625
2012-11-06,-350,-554,5708,0.98805555555555546
2012-11-06,-350,-559,5708,0.63180555555555551
2012-11-06,-350,-555,5708,1.350138888888889
2012-11-06,-350,-560,5708,0.83166666666666667
2012-11-06,-350,-556,5708,0.93222222222222217
2012-11-06,-350,-547,770576096,7.4855555555555551
2012-11-06,-350,-546,770576096,1.1297222222222223
2012-11-06,-350,-554,770576101,2.8131944444444446
2012-11-06,-350,-555,770576101,3.9340277777777777
2012-11-06,-350,-554,770576102,3.7863888888888888
2012-11-06,-350,-555,770576102,3.2280555555555557
2012-11-06,-350,-545,770576104,0.78458333333333341
2012-11-06,-350,-544,770576104,5.9706944444444439
2012-11-06,-94,-209,224286000,3.5684722222222218
2012-11-06,-94,-190,224132670,3.4402777777777773
2012-11-06,-94,882,432282000,2.3279166666666669
2012-11-06,-94,-191,224068830,1.0441666666666667
2012-11-06,419,-94,224049960,1.5759722222222223
2012-11-06,419,-93,224049960,2.3243055555555556
2012-11-06,419,-92,224049960,2.9544444444444444
2012-11-06,419,164,247121730,0.42833333333333334
2012-11-06,419,163,247121730,1.7048611111111112
2012-11-06,419,-94,224123730,3.3756944444444446
2012-11-06,419,-93,224123730,2.7972222222222225
2012-11-06,419,-92,224067670,2.5780555555555553
2012-11-06,419,-494,224071000,1.4263888888888889
2012-11-06,419,-91,224050530,2.8255555555555549
2012-11-06,419,165,247131080,0.55361111111111116
2012-11-06,419,164,247131080,1.8802777777777773
2012-11-06,419,-92,263414760,2.2501388888888889
2012-11-06,675,50,259526000,1.5472222222222223
2012-11-06,675,54,259526000,1.5409722222222224
2012-11-06,675,51,259526000,1.5415277777777778
2012-11-06,675,52,259526000,3.1084722222222219
2012-11-06,675,-188,251145110,3.5540277777777778
2012-11-06,675,-189,251368110,3.1502777777777777
2012-11-06,-349,-544,770576131,2.1237500000000002
2012-11-06,-349,-545,770576131,4.9586111111111109
2012-11-06,-349,-543,770576131,6.5419444444444448
2012-11-06,-349,-559,770576149,0.8568055555555556
2012-11-06,-349,-556,770576149,1.3330555555555554
2012-11-06,-349,-557,770576149,2.1536111111111111
2012-11-06,-349,-558,770576149,1.4638888888888886
2012-11-06,-349,-555,770576149,1.2472222222222222
2012-11-06,-349,-463,224371000,3.5559722222222221
2012-11-06,-349,-557,5708,2.1508333333333334
2012-11-06,-349,-555,5708,1.315
2012-11-06,-349,-559,5708,1.0816666666666666
2012-11-06,-349,-556,5708,1.2777777777777777
2012-11-06,-349,-558,5708,1.2906944444444446
2012-11-06,-349,182,601339000,5.0012500000000006
2012-11-06,-349,182,601572000,4.9847222222222225
2012-11-06,-349,-453,203235000,1.3127777777777778
2012-11-06,-349,-545,770576096,1.7429166666666667
2012-11-06,-349,-543,770576096,2.95
2012-11-06,-349,-544,770576096,1.9725000000000001
2012-11-06,-349,-546,770576096,0.92055555555555557
2012-11-06,-349,-556,770576101,0.19263888888888889
2012-11-06,-349,-555,770576101,0.94194444444444436
2012-11-06,-349,-555,770576102,1.1031944444444444
2012-11-06,-349,-556,770576102,0.21611111111111111
2012-11-06,-349,-544,770576104,4.9304166666666669
2012-11-06,-93,-192,224068830,3.3213888888888889
2012-11-06,420,-94,224041240,1.8526388888888887
2012-11-06,420,-92,224049960,1.9513888888888886
2012-11-06,420,-93,224049960,2.700277777777778
2012-11-06,420,152,247000640,0.86999999999999988
2012-11-06,420,162,247121730,1.7773611111111109
2012-11-06,420,163,247121730,0.86319444444444449
2012-11-06,420,-94,224056130,2.2504166666666667
2012-11-06,420,150,247100490,0.51527777777777772
2012-11-06,420,151,247100490,1.0034722222222221
2012-11-06,420,-92,224123730,0.95000000000000007
2012-11-06,420,-93,224123730,5.7884722222222216
2012-11-06,420,-94,224157780,3.2040277777777777
2012-11-06,420,-92,224067670,3.6794444444444454
2012-11-06,420,149,247100510,1.2883333333333331
2012-11-06,420,148,247100510,0.81111111111111112
2012-11-06,420,-91,224050530,2.8769444444444443
2012-11-06,420,-92,224050530,0.87555555555555564
2012-11-06,420,150,247100520,0.22097222222222224
2012-11-06,420,151,247100520,0.22097222222222224
2012-11-06,420,-93,224113260,0.14958333333333335
2012-11-06,420,162,247121010,1.4754166666666668
2012-11-06,420,164,247121010,0.54055555555555557
2012-11-06,420,163,247121010,1.5508333333333333
2012-11-06,420,163,247121020,1.7166666666666668
2012-11-06,420,162,247121020,1.5727777777777778
2012-11-06,420,164,247121020,0.43402777777777773
2012-11-06,420,-93,224051590,12.310694444444445
2012-11-06,420,-94,224095140,4.7018055555555556
2012-11-06,420,164,247131080,1.8373611111111112
2012-11-06,420,-467,224032970,1.4870833333333331
2012-11-06,420,-468,224032970,0.67944444444444441
2012-11-06,420,-469,224032970,5.112222222222222
2012-11-06,420,152,247150040,1.0272222222222223
2012-11-06,420,153,247150040,0.48236111111111113
2012-11-06,420,151,247150040,0.51375
2012-11-06,420,-92,263414760,1.6084722222222223
2012-11-06,420,-93,224192250,0.25041666666666668
2012-11-06,676,-187,251145110,7.4219444444444438
2012-11-06,676,-188,251145110,0.80555555555555558
2012-11-06,676,-188,251368110,8.72888888888889
2012-11-06,-348,182,601339000,14.762083333333335
2012-11-06,-348,182,601572000,7.619305555555556
2012-11-06,-348,181,601572000,5.8719444444444457
2012-11-06,-348,180,601572000,1.5625
2012-11-06,-348,-456,203235000,0.811111111111111
2012-11-06,-348,-455,203235000,1.1206944444444444
2012-11-06,-348,-454,203235000,1.6305555555555555
2012-11-06,-92,-1511,412695560,1.8108333333333333
2012-11-06,-92,-1508,412695560,1.9563888888888887
2012-11-06,-92,-209,224286000,3.1633333333333336
2012-11-06,-92,881,432282000,3.9219444444444442
2012-11-06,-92,882,432282000,1.5779166666666666
2012-11-06,-92,-1740,520228000,0.91944444444444451
2012-11-06,-92,-1745,520228000,0.92194444444444446
2012-11-06,-92,-1742,520228000,1.5918055555555557
2012-11-06,-92,-1739,520228000,1.0373611111111112
2012-11-06,421,-94,224041240,3.2072222222222218
2012-11-06,421,-92,224049960,3.6756944444444444
2012-11-06,421,153,247000640,0.22666666666666668
2012-11-06,421,152,247000640,0.65833333333333333
2012-11-06,421,159,247121730,1.0401388888888887
2012-11-06,421,160,247121730,1.674722222222222
2012-11-06,421,161,247121730,1.4531944444444445
2012-11-06,421,162,247121730,1.342222222222222
2012-11-06,421,-94,224056130,1.5122222222222221
2012-11-06,421,-93,224056130,1.9481944444444443
2012-11-06,421,152,247100490,2.8922222222222227
2012-11-06,421,151,247100490,1.8312499999999998
2012-11-06,421,153,247100490,0.47361111111111109
2012-11-06,421,-93,224123730,1.0502777777777776
2012-11-06,421,-92,224123730,3.3234722222222222
2012-11-06,421,-94,224157780,3.0055555555555555
2012-11-06,421,-93,224067670,0.74986111111111109
2012-11-06,421,-92,224067670,3.8026388888888887
2012-11-06,421,148,247100510,1.549722222222222
2012-11-06,421,147,247100510,5.4433333333333334
2012-11-06,421,-91,224050530,1.8486111111111114
2012-11-06,421,-90,224050530,0.47611111111111115
2012-11-06,421,-92,224050530,2.1298611111111114
2012-11-06,421,151,247100520,1.0944444444444446
2012-11-06,421,152,247100520,1.2913888888888887
2012-11-06,421,153,247100520,0.4152777777777778
2012-11-06,421,-93,224113260,5.6244444444444452
2012-11-06,421,160,247121010,0.42097222222222219
2012-11-06,421,162,247121010,0.8354166666666667
2012-11-06,421,161,247121010,1.6822222222222223
2012-11-06,421,162,247121020,0.63
2012-11-06,421,160,247121020,0.6301388888888888
2012-11-06,421,161,247121020,1.7125000000000001
2012-11-06,421,-94,224095140,3.1084722222222219
2012-11-06,421,-90,224278460,3.0516666666666659
2012-11-06,421,162,247131080,1.0245833333333334
2012-11-06,421,163,247131080,3.1008333333333331
2012-11-06,421,164,247131080,1.6179166666666664
2012-11-06,421,165,247131080,1.3483333333333334
2012-11-06,421,-92,263414760,0.550138888888889
2012-11-06,421,-93,224192250,5.805416666666666
2012-11-06,677,-188,251145110,3.1234722222222224
2012-11-06,677,-189,251145110,1.5447222222222221
2012-11-06,-347,182,601339000,3.3237499999999995
2012-11-06,-347,179,601572000,1.24
2012-11-06,-347,-453,203235000,1.0013888888888889
2012-11-06,-347,-457,203235000,2.7263888888888888
2012-11-06,-347,-455,203235000,1.7543055555555556
2012-11-06,-347,-456,203235000,1.0808333333333333
2012-11-06,-91,-1507,412695560,1.7818055555555556
2012-11-06,-91,-1510,412695560,0.857638888888889
2012-11-06,-91,-209,224286000,0.98972222222222217
2012-11-06,-91,-1745,520228000,3.2791666666666668
2012-11-06,-91,-1746,520228000,1.6526388888888888
2012-11-06,-91,-1744,520228000,1.9138888888888888
2012-11-06,-91,-1748,520228000,2.7215277777777782
2012-11-06,-91,-1743,520228000,2.5711111111111111
2012-11-06,-91,-1742,520228000,2.6376388888888886
2012-11-06,-91,-1747,520228000,2.3948611111111111
2012-11-06,-91,-1467,440707000,1.8805555555555555
2012-11-06,422,-94,224041240,5.4759722222222225
2012-11-06,422,-92,224049960,1.9986111111111111
2012-11-06,422,-206,224114750,1.6143055555555557
2012-11-06,422,153,247000640,1.4680555555555554
2012-11-06,422,161,247121730,0.2013888888888889
2012-11-06,422,160,247121730,1.8934722222222224
2012-11-06,422,159,247121730,1.6541666666666663
2012-11-06,422,-94,224056130,2.8755555555555556
2012-11-06,422,-93,224056130,2.6
2012-11-06,422,153,247100490,2.1522222222222225
2012-11-06,422,-93,224123730,0.64916666666666667
2012-11-06,422,-92,224123730,1.5524999999999998
2012-11-06,422,-94,224157780,5.6755555555555564
2012-11-06,422,-92,224067670,1.60125
2012-11-06,422,-93,224067670,2.3511111111111114
2012-11-06,422,146,247121240,1.3984722222222221
2012-11-06,422,146,247100510,2.8025
2012-11-06,422,147,247100510,7.3508333333333349
2012-11-06,422,-90,224050530,0.95291666666666663
2012-11-06,422,-92,224050530,2.0743055555555552
2012-11-06,422,154,247100520,0.21013888888888888
2012-11-06,422,-93,224113260,5.8997222222222225
2012-11-06,422,159,247121010,2.4913888888888884
2012-11-06,422,160,247121010,1.3018055555555554
2012-11-06,422,160,247121020,0.8536111111111111
2012-11-06,422,159,247121020,2.7299999999999995
2012-11-06,422,-94,224095140,5.3243055555555552
2012-11-06,422,-88,224278460,0.24722222222222223
2012-11-06,422,-90,224278460,0.22444444444444445
2012-11-06,422,168,247131080,1.050138888888889
2012-11-06,422,-522,432374000,5.0344444444444445
2012-11-06,422,-93,224192250,6.02513888888889
2012-11-06,-346,-451,203235000,1.2165277777777779
2012-11-06,-346,-450,203235000,5.0068055555555553
2012-11-06,-346,-452,203235000,2.0668055555555558
2012-11-06,-346,-480,224151000,3.4170833333333333
2012-11-06,-90,-1510,412695560,5.1027777777777779
2012-11-06,-90,122,432447000,1.8265277777777778
2012-11-06,-90,936,431380000,3.7101388888888889
2012-11-06,-90,-209,224286000,3.3593055555555553
2012-11-06,-90,1366,997752144,10.03125
2012-11-06,-90,-1475,440647000,1.6334722222222222
2012-11-06,-90,-1747,520228000,2.0568055555555556
2012-11-06,-90,-1511,412695550,5.5025
2012-11-06,-90,-1510,412695550,3.5825
2012-11-06,423,150,247121430,10.536111111111111
2012-11-06,423,149,247121430,0.74986111111111109
2012-11-06,423,-93,224041240,0.45111111111111107
2012-11-06,423,-94,224041240,2.7001388888888886
2012-11-06,423,150,247121440,0.55138888888888893
2012-11-06,423,-92,224049960,1.0755555555555556
2012-11-06,423,150,247122220,0.49944444444444447
2012-11-06,423,149,247122220,0.24972222222222223
2012-11-06,423,277,207422000,1.8566666666666665
2012-11-06,423,109,247319600,3.0523611111111113
2012-11-06,423,146,247104060,0.8223611111111111
2012-11-06,423,145,247104060,0.44277777777777777
2012-11-06,423,-203,224114750,1.9670833333333335
2012-11-06,423,-200,224114750,5.7606944444444457
2012-11-06,423,-205,224114750,1.6269444444444443
2012-11-06,423,-201,224114750,1.423888888888889
2012-11-06,423,-208,224114750,1.71
2012-11-06,423,152,247000640,0.86166666666666658
2012-11-06,423,153,247000640,3.2168055555555553
2012-11-06,423,-93,224056130,1.15
2012-11-06,423,-94,224056130,1.6758333333333333
2012-11-06,423,152,247100490,0.44541666666666663
2012-11-06,423,153,247100490,0.20944444444444443
2012-11-06,423,154,247100490,2.4476388888888891
2012-11-06,423,-92,224123730,1.9005555555555558
2012-11-06,423,-94,224157780,3.0513888888888889
2012-11-06,423,-93,224067670,3.2013888888888888
2012-11-06,423,146,247121240,0.94611111111111112
2012-11-06,423,145,247121240,0.64625
2012-11-06,423,147,247100510,0.50305555555555559
2012-11-06,423,146,247100510,2.099305555555556
2012-11-06,423,-92,224050530,0.59763888888888883
2012-11-06,423,-91,224050530,2.5522222222222219
2012-11-06,423,154,247100520,1.6866666666666665
2012-11-06,423,153,247100520,3.271527777777778
2012-11-06,423,-93,224113260,3.7323611111111106
2012-11-06,423,150,247120240,2.7038888888888888
2012-11-06,423,153,247120240,0.41666666666666669
2012-11-06,423,157,247121010,0.861388888888889
2012-11-06,423,158,247121010,2.315
2012-11-06,423,158,247121020,2.3154166666666667
2012-11-06,423,157,247121020,1.0679166666666666
2012-11-06,423,-89,224503170,3.225972222222222
2012-11-06,423,-94,224095140,3.1768055555555552
2012-11-06,423,169,247131080,3.7249999999999992
2012-11-06,423,170,247131080,0.89944444444444449
2012-11-06,423,-470,224032970,7.6540277777777774
2012-11-06,423,152,247150040,0.44458333333333333
2012-11-06,423,153,247150040,2.2794444444444442
2012-11-06,423,153,47121120,2.3236111111111115
2012-11-06,423,-524,432374000,7.6444444444444457
2012-11-06,423,-523,432374000,0.87097222222222226
2012-11-06,423,-94,224192250,0.47388888888888892
2012-11-06,423,-93,224192250,3.5254166666666666
2012-11-06,679,153,257175320,3.5306944444444448
2012-11-06,-345,-449,203235000,4.9773611111111107
2012-11-06,-89,-1509,412695560,1.8319444444444444
2012-11-06,-89,124,432447000,1.8206944444444444
2012-11-06,-89,938,431380000,1.5726388888888889
2012-11-06,-89,-209,224286000,1.7666666666666666
2012-11-06,-89,-1475,440647000,1.787361111111111
2012-11-06,-89,880,432282000,1.6859722222222222
2012-11-06,168,-228,224068980,1.6609722222222221
2012-11-06,168,-229,224068980,1.9043055555555555
2012-11-06,424,276,207424000,5.6716666666666677
2012-11-06,424,277,207424000,4.3381944444444445
2012-11-06,424,148,247121430,1.0491666666666668
2012-11-06,424,149,247121430,0.8043055555555555
2012-11-06,424,147,247121430,0.50027777777777782
2012-11-06,424,149,247121440,1.0038888888888891
2012-11-06,424,148,247121440,0.74916666666666676
2012-11-06,424,146,247121440,0.93972222222222224
2012-11-06,424,147,247121440,0.49875
2012-11-06,424,148,247122220,0.8006944444444446
2012-11-06,424,149,247122220,1.55875
2012-11-06,424,146,247122220,0.81333333333333335
2012-11-06,424,147,247122220,1.2983333333333333
2012-11-06,424,277,207422000,4.4195833333333345
2012-11-06,424,276,207422000,3.2240277777777777
2012-11-06,424,-211,224114750,2.6406944444444447
2012-11-06,424,-217,224114750,2.5734722222222222
2012-11-06,424,-197,224114750,6.9505555555555558
2012-11-06,424,153,247000640,5.5009722222222219
2012-11-06,424,154,247000640,3.4259722222222226
2012-11-06,424,152,247100490,1.9730555555555558
2012-11-06,424,154,247100490,3.5990277777777777
2012-11-06,424,153,247100490,2.5550000000000006
2012-11-06,424,-93,224181580,0.62666666666666659
2012-11-06,424,-92,224181580,2.5519444444444446
2012-11-06,424,-94,224157780,1.12375
2012-11-06,424,-93,224067670,0.25027777777777777
2012-11-06,424,145,247121240,0.94236111111111109
2012-11-06,424,146,247121240,2.4304166666666664
2012-11-06,424,276,207420000,4.8452777777777785
2012-11-06,424,277,207420000,3.987916666666667
2012-11-06,424,153,247100520,1.075
2012-11-06,424,157,247100520,0.6225
2012-11-06,424,154,247100520,4.423750000000001
2012-11-06,424,156,247100520,0.62222222222222223
2012-11-06,424,-94,224113260,3.2501388888888889
2012-11-06,424,-93,224113260,0.20041666666666666
2012-11-06,424,146,247121260,0.72847222222222219
2012-11-06,424,148,247121260,0.77833333333333332
2012-11-06,424,149,247121260,1.5305555555555554
2012-11-06,424,147,247121260,1.0498611111111111
2012-11-06,424,156,247121010,1.9234722222222222
2012-11-06,424,157,247121010,0.82486111111111116
2012-11-06,424,155,247121010,1.4672222222222222
2012-11-06,424,155,247121020,1.6952777777777777
2012-11-06,424,157,247121020,0.86791666666666667
2012-11-06,424,156,247121020,1.7095833333333332
2012-11-06,424,-94,224095140,0.8
2012-11-06,424,149,247121090,0.74916666666666665
2012-11-06,424,146,247121090,0.82458333333333333
2012-11-06,424,148,247121090,0.80819444444444444
2012-11-06,424,147,247121090,1.2990277777777777
2012-11-06,424,170,247131080,1.4497222222222224
2012-11-06,424,-92,224136920,0.24958333333333332
2012-11-06,424,-93,224136920,0.20097222222222222
2012-11-06,424,153,247150040,2.6986111111111111
2012-11-06,424,154,247150040,2.9061111111111106
2012-11-06,424,109,247067610,4.8520833333333337
2012-11-06,424,111,247067610,0.15041666666666667
2012-11-06,424,110,247067610,0.525
2012-11-06,424,153,47121120,2.0970833333333334
2012-11-06,424,154,47121120,1.3680555555555556
2012-11-06,424,-94,224192250,3.600833333333334
2012-11-06,680,-540,331209000,12.515277777777778
2012-11-06,680,113,258071000,0.10083333333333333
2012-11-06,-344,-468,224151000,5.730833333333333
2012-11-06,-344,-478,224151000,5.7355555555555551
2012-11-06,-344,-479,224151000,5.2984722222222222
2012-11-06,-88,122,432447000,0.8719444444444443
2012-11-06,-88,-1477,440647000,2.771527777777778
2012-11-06,-88,880,432282000,5.2956944444444449
2012-11-06,-88,-1469,440707000,1.8180555555555555
2012-11-06,169,-228,224068980,2.5475000000000003
2012-11-06,425,101,247065610,1.3265277777777778
2012-11-06,425,102,247065610,0.87541666666666662
2012-11-06,425,-94,224329000,4.1177777777777784
2012-11-06,425,-93,224329000,1.9256944444444444
2012-11-06,425,-95,224329000,0.22513888888888889
2012-11-06,425,154,247000640,0.65541666666666676
2012-11-06,425,157,247000640,1.7190277777777778
2012-11-06,425,156,247000640,2.3304166666666668
2012-11-06,425,155,247000640,2.1670833333333333
2012-11-06,425,102,247066180,1.8504166666666664
2012-11-06,425,101,247066180,0.9
2012-11-06,425,154,247100490,1.0906944444444444
2012-11-06,425,153,247100490,0.2401388888888889
2012-11-06,425,-94,224181580,0.55111111111111111
2012-11-06,425,-93,224181580,3.3243055555555556
2012-11-06,425,146,247121240,3.8075
2012-11-06,425,154,247100520,2.790972222222222
2012-11-06,425,156,247100520,1.7268055555555555
2012-11-06,425,155,247100520,2.7970833333333331
2012-11-06,425,-94,224113260,0.5
2012-11-06,425,158,247121010,2.7698611111111111
2012-11-06,425,156,247121010,1.4981944444444444
2012-11-06,425,157,247121010,1.2730555555555556
2012-11-06,425,157,247121020,1.4905555555555554
2012-11-06,425,158,247121020,2.5611111111111109
2012-11-06,425,156,247121020,1.2722222222222221
2012-11-06,425,31,228146600,1.2454166666666666
2012-11-06,425,1337,273812400,12.569861111111111
2012-11-06,425,146,247121090,0.25
2012-11-06,425,-93,224136920,2.3286111111111114
2012-11-06,425,-94,224136920,2.7186111111111115
2012-11-06,425,-95,224136920,0.45041666666666669
2012-11-06,425,154,247150040,6.7688888888888883
2012-11-06,425,111,247067610,0.52486111111111111
2012-11-06,425,110,247067610,1.5006944444444446
2012-11-06,425,109,247067610,2.8238888888888889
2012-11-06,425,-93,224079580,2.3006944444444444
2012-11-06,425,-94,224079580,0.88333333333333341
2012-11-06,425,157,47121120,0.66819444444444442
2012-11-06,425,154,47121120,2.548888888888889
2012-11-06,425,156,47121120,2.6400000000000006
2012-11-06,425,153,47121120,1.3255555555555558
2012-11-06,425,155,47121120,1.7180555555555554
2012-11-06,425,152,47121120,2.3848611111111109
2012-11-06,425,-94,224192250,0.67486111111111113
2012-11-06,681,-542,331238000,2.3493055555555555
2012-11-06,681,-540,331238000,2.350972222222222
2012-11-06,-343,-474,224151000,0.78888888888888886
2012-11-06,-343,-476,224151000,1.6140277777777778
2012-11-06,-87,-1507,412695560,1.42375
2012-11-06,-87,122,432447000,0.778888888888889
2012-11-06,-87,121,432447000,1.1045833333333333
2012-11-06,-87,-190,224132670,3.6624999999999996
2012-11-06,-87,-1479,440647000,1.8565277777777778
2012-11-06,-87,-1477,440647000,0.78236111111111106
2012-11-06,426,104,247065610,0.75027777777777782
2012-11-06,426,103,247065610,4.6005555555555553
2012-11-06,426,102,247065610,5.6476388888888884
2012-11-06,426,142,247102240,2.6693055555555558
2012-11-06,426,141,247102240,3.3369444444444447
2012-11-06,426,144,247121440,0.25236111111111115
2012-11-06,426,143,247121440,1.2083333333333335
2012-11-06,426,-94,224329000,0.77611111111111108
2012-11-06,426,-93,224329000,1.6508333333333334
2012-11-06,426,144,247122220,0.48472222222222222
2012-11-06,426,143,247122220,1.215
2012-11-06,426,1562,412699710,11.858333333333334
2012-11-06,426,103,247066180,4.02375
2012-11-06,426,102,247066180,5.2777777777777777
2012-11-06,426,104,247066180,1.4305555555555556
2012-11-06,426,-95,224181580,1.1744444444444444
2012-11-06,426,-94,224181580,2.7616666666666667
2012-11-06,426,147,247121240,3.6869444444444444
2012-11-06,426,146,247121240,0.22166666666666668
2012-11-06,426,143,247121260,1.3437499999999998
2012-11-06,426,144,247121260,0.63222222222222224
2012-11-06,426,158,247121010,0.21652777777777776
2012-11-06,426,158,247121020,0.21055555555555555
2012-11-06,426,-96,224292000,3.5009722222222219
2012-11-06,426,-95,224292000,5.4755555555555553
2012-11-06,426,31,228146600,2.7455555555555553
2012-11-06,426,1559,412439742,10.825416666666667
2012-11-06,426,144,247121090,0.26666666666666666
2012-11-06,426,143,247121090,1.6136111111111111
2012-11-06,426,31,228198600,2.02625
2012-11-06,426,31,227317960,1.2741666666666667
2012-11-06,426,145,247103690,1.1468055555555556
2012-11-06,426,31,228178900,2.2818055555555552
2012-11-06,426,-95,224136920,3.1261111111111117
2012-11-06,426,110,247067610,0.79902777777777778
2012-11-06,426,-94,224079580,0.69972222222222225
2012-11-06,426,-95,224079580,1.2240277777777777
2012-11-06,426,-93,224079580,1.701111111111111
2012-11-06,426,151,47121120,0.72583333333333333
2012-11-06,426,152,47121120,2.2497222222222222
2012-11-06,426,1561,412685040,11.869583333333335
2012-11-06,426,-524,432374000,5.7286111111111113
2012-11-06,682,-541,331238000,3.8775
2012-11-06,-342,-473,224151000,1.6193055555555556
2012-11-06,-86,-1506,412695560,0.44541666666666668
2012-11-06,-86,1370,997752144,1.7288888888888889
2012-11-06,-86,1368,997752144,5.8425000000000011
2012-11-06,-86,1369,997752144,5.9754166666666668
2012-11-06,-86,-1478,440647000,0.65861111111111126
2012-11-06,-86,-1469,440707000,0.77763888888888888
2012-11-06,-86,-1470,440707000,1.9555555555555555
2012-11-06,-86,-192,224068830,2.9051388888888892
2012-11-06,171,-228,224068980,3.9993055555555559
2012-11-06,427,-95,224000020,2.8997222222222225
2012-11-06,427,-96,224011290,1.3770833333333334
2012-11-06,427,141,247102240,6.0144444444444449
2012-11-06,427,-93,224329000,0.59958333333333336
2012-11-06,427,-94,224329000,1.0497222222222224
2012-11-06,427,1559,412753450,6.5401388888888885
2012-11-06,427,141,247151160,1.5415277777777778
2012-11-06,427,-94,224181580,0.27277777777777779
2012-11-06,427,-96,224186960,0.50069444444444444
2012-11-06,427,-95,224186960,0.29902777777777778
2012-11-06,427,1562,412698710,4.5418055555555554
2012-11-06,427,148,247121240,1.5243055555555558
2012-11-06,427,147,247121240,2.6116666666666664
2012-11-06,427,1561,412671330,11.837916666666667
2012-11-06,427,32,228172900,3.1222222222222222
2012-11-06,427,1564,412698990,5.3175
2012-11-06,427,1563,412674950,13.955694444444445
2012-11-06,427,-96,224292000,9.38236111111111
2012-11-06,427,1563,412674980,11.801527777777778
2012-11-06,427,31,228146600,2.9426388888888884
2012-11-06,427,1337,273812400,5.3845833333333335
2012-11-06,427,1563,412699060,11.902083333333334
2012-11-06,427,1563,412439741,13.2375
2012-11-06,427,-96,224201150,3.7584722222222222
2012-11-06,427,31,228198600,2.9695833333333335
2012-11-06,427,31,227317960,6.5179166666666672
2012-11-06,427,31,228178900,1.7083333333333335
2012-11-06,427,-93,224079580,0.40055555555555555
2012-11-06,427,-94,224079580,2.5001388888888889
2012-11-06,427,1559,412671970,17.88111111111111
2012-11-06,427,-96,224411380,4.0830555555555552
2012-11-06,427,-96,224041980,1.7018055555555556
2012-11-06,427,-95,224041980,0.24972222222222223
2012-11-06,683,-562,219257000,8.6531944444444449
2012-11-06,-85,-1504,412695560,0.46625
2012-11-06,-85,-1506,412695560,0.020833333333333336
2012-11-06,-85,-1505,412695560,0.74500000000000011
2012-11-06,-85,122,432447000,0.9738888888888888
2012-11-06,-85,-190,224132670,1.7138888888888888
2012-11-06,-85,1721,416003803,6.4925000000000006
2012-11-06,-85,1719,416003803,2.5045833333333332
2012-11-06,-85,-192,224068830,0.81361111111111117
2012-11-06,172,-231,224068980,1.70875
2012-11-06,172,-257,224049580,0.48041666666666666
2012-11-06,428,1561,412686340,6.466388888888889
2012-11-06,428,1561,412672010,6.5405555555555548
2012-11-06,428,-95,224000020,3.0751388888888895
2012-11-06,428,-96,224011290,2.900555555555556
2012-11-06,428,144,247100960,3.7252777777777779
2012-11-06,428,1343,273825610,12.581249999999999
2012-11-06,428,-95,224186960,2.674722222222222
2012-11-06,428,-96,224186960,0.54930555555555549
2012-11-06,428,1561,412698710,5.2951388888888884
2012-11-06,428,148,247121240,1.550138888888889
2012-11-06,428,147,247121240,1.7983333333333333
2012-11-06,428,143,247083890,0.74986111111111109
2012-11-06,428,144,247083890,0.74972222222222218
2012-11-06,428,-96,224292000,1.1794444444444445
2012-11-06,428,1564,412697510,6.5733333333333333
2012-11-06,428,31,228146600,2.7872222222222218
2012-11-06,428,144,247110060,1.8194444444444442
2012-11-06,428,1336,273812400,0.81236111111111109
2012-11-06,428,1563,412698550,11.840277777777779
2012-11-06,428,-96,224201150,3.5768055555555556
2012-11-06,428,-96,224105920,1.3777777777777778
2012-11-06,428,32,228198600,1.9274999999999998
2012-11-06,428,31,228198600,2.31125
2012-11-06,428,31,227317960,3.1412500000000003
2012-11-06,428,144,247103690,2.1288888888888886
2012-11-06,428,1560,412673230,11.810972222222222
2012-11-06,428,31,228178900,1.6005555555555555
2012-11-06,428,-95,224079580,3.325
2012-11-06,428,-94,224079580,0.95111111111111124
2012-11-06,428,-524,432374000,4.9786111111111113
2012-11-06,428,-96,224411380,3.4
2012-11-06,428,-96,224041980,2.1497222222222221
2012-11-06,428,-95,224041980,1.05
2012-11-06,684,149,257446500,0.42805555555555552
2012-11-06,684,150,257446500,2.9986111111111113
2012-11-06,-84,-1504,412695560,0.88236111111111115
2012-11-06,-84,122,432447000,1.0711111111111111
2012-11-06,-84,121,432447000,1.6304166666666666
2012-11-06,-84,-1512,412695550,3.6593055555555556
2012-11-06,173,-232,224068980,2.865
2012-11-06,173,-229,224068980,3.08625
2012-11-06,429,1559,412420101,23.622916666666665
2012-11-06,429,36,228154900,1.2868055555555555
2012-11-06,429,38,228154900,0.84375
2012-11-06,429,-96,224000020,0.62611111111111106
2012-11-06,429,-95,224000020,3.7372222222222224
2012-11-06,429,-96,224011290,2.8761111111111113
2012-11-06,429,31,227319580,1.9475
2012-11-06,429,-95,224068650,2.181111111111111
2012-11-06,429,142,247082290,0.78097222222222218
2012-11-06,429,-95,224071740,8.12361111111111
2012-11-06,429,1345,273825610,6.1954166666666666
2012-11-06,429,1559,412678220,18.32125
2012-11-06,429,-95,224186960,2.9244444444444442
2012-11-06,429,33,228172900,0.49833333333333335
2012-11-06,429,34,228172900,1.1670833333333333
2012-11-06,429,35,228172900,1.7558333333333336
2012-11-06,429,143,247120490,0.77527777777777773
2012-11-06,429,38,228242800,0.62527777777777782
2012-11-06,429,142,247083890,1.6506944444444445
2012-11-06,429,145,247083890,5.1366666666666667
2012-11-06,429,144,247083890,6.932500000000001
2012-11-06,429,143,247083890,0.55041666666666667
2012-11-06,429,31,228146600,0.90541666666666665
2012-11-06,429,142,247145660,0.80513888888888885
2012-11-06,429,-96,224201150,3.197916666666667
2012-11-06,429,-95,224105920,1.9008333333333334
2012-11-06,429,-96,224105920,2.3318055555555559
2012-11-06,429,36,228149700,0.20152777777777778
2012-11-06,429,38,228149700,0.22333333333333333
2012-11-06,429,32,228198600,0.22916666666666669
2012-11-06,429,31,228198600,1.6861111111111109
2012-11-06,429,31,227317960,1.1223611111111111
2012-11-06,429,-95,224354000,2.6501388888888893
2012-11-06,429,36,228210900,2.4016666666666668
2012-11-06,429,37,228210900,2.029722222222222
2012-11-06,429,33,228210900,0.6627777777777778
2012-11-06,429,35,228210900,1.8240277777777778
2012-11-06,429,34,228210900,1.09125
2012-11-06,429,38,228210900,0.20055555555555554
2012-11-06,429,31,228178900,0.73125000000000007
2012-11-06,429,-95,224079580,1.6740277777777779
2012-11-06,429,38,228173800,0.86541666666666672
2012-11-06,429,-96,224411380,2.9247222222222224
2012-11-06,429,-96,224041980,3.2004166666666665
2012-11-06,429,-95,224041980,1.2865277777777777
2012-11-06,685,149,257446500,0.64027777777777772
2012-11-06,685,150,257446500,1.0730555555555554
2012-11-06,-83,-1548,440704000,0.28138888888888886
2012-11-06,-83,122,432447000,1.1794444444444445
2012-11-06,-83,121,432447000,0.79791666666666672
2012-11-06,-83,1715,416003803,2.8658333333333337
2012-11-06,-83,-192,224068830,1.677777777777778
2012-11-06,-83,-1491,441644000,2.7431944444444447
2012-11-06,-83,-1489,441644000,4.1620833333333334
2012-11-06,-83,-1490,441644000,2.3806944444444444
2012-11-06,-83,-1512,412695550,1.9069444444444441
2012-11-06,-83,-1514,412695550,6.9887500000000014
2012-11-06,-83,-1513,412695550,2.2981944444444444
2012-11-06,174,-230,224068980,1.4945833333333334
2012-11-06,174,-272,224047990,1.7726388888888889
2012-11-06,174,-274,224047990,1.69875
2012-11-06,430,-96,224126980,4.2051388888888894
2012-11-06,430,36,228154900,0.43541666666666667
2012-11-06,430,37,228154900,3.2236111111111114
2012-11-06,430,38,228154900,1.9256944444444446
2012-11-06,430,-96,224000020,7.9262500000000005
2012-11-06,430,-95,224000020,0.51166666666666671
2012-11-06,430,-96,224011290,0.79944444444444451
2012-11-06,430,-95,224011290,1.5505555555555555
2012-11-06,430,32,227319580,1.5923611111111111
2012-11-06,430,31,227319580,4.8830555555555559
2012-11-06,430,-95,224068650,0.8008333333333334
2012-11-06,430,-94,224068650,2.4059722222222222
2012-11-06,430,-96,224076590,4.3211111111111116
2012-11-06,430,142,247082290,1.8051388888888891
2012-11-06,430,-95,224071740,0.90013888888888893
2012-11-06,430,-94,224071740,10.904166666666667
2012-11-06,430,-96,224186960,1.5497222222222222
2012-11-06,430,-95,224186960,1.3755555555555554
2012-11-06,430,36,227321170,1.7290277777777778
2012-11-06,430,37,227321170,1.0398611111111111
2012-11-06,430,35,227321170,0.21291666666666664
2012-11-06,430,141,247120470,0.50194444444444453
2012-11-06,430,142,247120470,0.74958333333333338
2012-11-06,430,143,247120470,1.2541666666666667
2012-11-06,430,141,247120480,0.50166666666666671
2012-11-06,430,143,247120480,2.3036111111111115
2012-11-06,430,142,247120480,0.49986111111111109
2012-11-06,430,145,247081060,1.3
2012-11-06,430,143,247081060,1.0009722222222224
2012-11-06,430,142,247081060,0.79958333333333331
2012-11-06,430,144,247081060,1.0508333333333333
2012-11-06,430,143,247120490,1.5259722222222221
2012-11-06,430,142,247120490,1
2012-11-06,430,38,228242800,4.3683333333333332
2012-11-06,430,37,228242800,2.7854166666666673
2012-11-06,430,143,247083890,2.4005555555555556
2012-11-06,430,142,247083890,1.2497222222222222
2012-11-06,430,141,247083890,0.55819444444444444
2012-11-06,430,142,247145660,1.8298611111111112
2012-11-06,430,-94,224105920,0.225
2012-11-06,430,-95,224105920,1.5247222222222223
2012-11-06,430,38,228149700,1.8888888888888886
2012-11-06,430,37,228149700,1.26375
2012-11-06,430,36,228149700,0.66152777777777771
2012-11-06,430,-97,224138950,0.60000000000000009
2012-11-06,430,-96,224138950,4.2048611111111107
2012-11-06,430,139,247083210,1.0141666666666667
2012-11-06,430,141,247280590,2.3041666666666667
2012-11-06,430,-95,224354000,6.89375
2012-11-06,430,33,227144400,1.5058333333333334
2012-11-06,430,34,227144400,1.04
2012-11-06,430,35,227144400,0.63555555555555554
2012-11-06,430,38,228210900,1.3370833333333334
2012-11-06,430,37,228210900,0.96236111111111122
2012-11-06,430,35,227142100,1.0452777777777778
2012-11-06,430,34,227142100,2.1011111111111114
2012-11-06,430,142,247122150,3.5595833333333324
2012-11-06,430,37,228173800,3.1773611111111104
2012-11-06,430,39,228173800,0.6530555555555555
2012-11-06,430,38,228173800,3.2318055555555554
2012-11-06,430,-96,224147180,1.9768055555555557
2012-11-06,430,-97,224147180,0.97444444444444445
2012-11-06,430,-95,224147180,0.5875
2012-11-06,430,141,247101170,2.5572222222222223
2012-11-06,430,-96,224041980,7.496388888888891
2012-11-06,430,-95,224041980,0.86138888888888876
2012-11-06,430,-96,224081150,4.1499999999999995
2012-11-06,686,153,257567500,3.7244444444444444
2012-11-06,686,154,257567500,2.4502777777777776
2012-11-06,686,153,259113000,0.68555555555555558
2012-11-06,686,-558,331209000,1.5597222222222222
2012-11-06,686,-557,331209000,1.5179166666666668
2012-11-06,686,150,257301120,0.37486111111111114
2012-11-06,686,-564,219257000,1.5472222222222221
2012-11-06,686,149,257125820,1.3245833333333334
2012-11-06,686,149,257164500,3.3572222222222226
2012-11-06,686,150,257164500,1.3804166666666666
2012-11-06,-82,-1550,440704000,0.90666666666666673
2012-11-06,-82,-1549,440704000,2.191527777777778
2012-11-06,-82,-1548,440704000,1.6140277777777781
2012-11-06,-82,-1502,412695560,1.4281944444444443
2012-11-06,-82,123,432447000,1.9941666666666666
2012-11-06,-82,-190,224132670,2.7587499999999996
2012-11-06,-82,1708,416003803,5.5279166666666661
2012-11-06,-82,1712,416003803,0.98125000000000018
2012-11-06,-82,1710,416003803,2.1615277777777782
2012-11-06,-82,1713,416003803,2.6672222222222226
2012-11-06,-82,1711,416003803,1.4729166666666664
2012-11-06,-82,-1490,441644000,2.1563888888888889
2012-11-06,175,-230,224068980,2.5931944444444444
2012-11-06,175,-280,224047990,2.7583333333333333
2012-11-06,175,-279,224047990,0.94875000000000009
2012-11-06,175,-275,224047990,0.87069444444444444
2012-11-06,175,-274,224047990,0.1736111111111111
2012-11-06,431,-96,224126980,3.8058333333333332
2012-11-06,431,-96,224000020,5.1754166666666661
2012-11-06,431,-95,224011290,1.7004166666666669
2012-11-06,431,32,227319580,3.9615277777777775
2012-11-06,431,31,227319580,0.49986111111111109
2012-11-06,431,32,227319840,0.26333333333333336
2012-11-06,431,33,227319840,0.76180555555555562
2012-11-06,431,33,227321890,2.2016666666666667
2012-11-06,431,34,227321890,0.8651388888888889
2012-11-06,431,32,227321890,2.2931944444444445
2012-11-06,431,35,227321890,1.506111111111111
2012-11-06,431,-94,224068650,2.9505555555555554
2012-11-06,431,-93,224076590,0.28916666666666663
2012-11-06,431,-96,224076590,5.1709722222222227
2012-11-06,431,141,247082290,0.8
2012-11-06,431,142,247082290,1.5504166666666666
2012-11-06,431,33,227316290,1.3908333333333334
2012-11-06,431,32,227316290,1.2086111111111111
2012-11-06,431,-96,224186960,0.99638888888888888
2012-11-06,431,33,227321170,1.0738888888888889
2012-11-06,431,36,227321170,0.63402777777777786
2012-11-06,431,32,227321170,1.69875
2012-11-06,431,35,227321170,1.9229166666666668
2012-11-06,431,34,227321170,1.275
2012-11-06,431,35,227145300,2.7526388888888889
2012-11-06,431,144,247120470,0.25069444444444444
2012-11-06,431,143,247120470,2.324583333333333
2012-11-06,431,143,247120480,1.7993055555555555
2012-11-06,431,150,247081060,1.5983333333333334
2012-11-06,431,147,247081060,1.3020833333333333
2012-11-06,431,148,247081060,1.2506944444444446
2012-11-06,431,151,247081060,0.5740277777777778
2012-11-06,431,149,247081060,0.82902777777777781
2012-11-06,431,145,247081060,0.24986111111111114
2012-11-06,431,146,247081060,0.50069444444444444
2012-11-06,431,143,247120490,1.3006944444444444
2012-11-06,431,142,247120490,1.0001388888888889
2012-11-06,431,141,247120490,0.52527777777777773
2012-11-06,431,38,228242800,1.5073611111111109
2012-11-06,431,33,227317410,3.4490277777777774
2012-11-06,431,32,227317410,2.6847222222222218
2012-11-06,431,33,227318690,1.3681944444444443
2012-11-06,431,34,227318690,1.268888888888889
2012-11-06,431,32,227318690,1.8106944444444444
2012-11-06,431,35,227318690,1.0466666666666666
2012-11-06,431,56,227312050,1.6497222222222221
2012-11-06,431,55,227312050,0.21416666666666667
2012-11-06,431,142,247145660,1.5506944444444444
2012-11-06,431,141,247145660,1.0504166666666668
2012-11-06,431,-96,224105920,2.3529166666666668
2012-11-06,431,-95,224105920,0.79958333333333342
2012-11-06,431,46,228168900,1.1258333333333332
2012-11-06,431,45,228168900,0.99874999999999992
2012-11-06,431,44,228168900,0.24958333333333332
2012-11-06,431,-96,224138950,3.7298611111111115
2012-11-06,431,142,247280590,1.5001388888888889
2012-11-06,431,143,247280590,0.50013888888888891
2012-11-06,431,141,247280590,3.3008333333333333
2012-11-06,431,-93,224354000,0.25027777777777777
2012-11-06,431,-92,224354000,0.29874999999999996
2012-11-06,431,-95,224354000,1.1513888888888888
2012-11-06,431,34,227144400,1.0330555555555556
2012-11-06,431,35,227144400,0.42833333333333334
2012-11-06,431,36,227144400,1.9118055555555558
2012-11-06,431,33,227144400,0.83791666666666664
2012-11-06,431,32,227317970,3.5862499999999997
2012-11-06,431,33,227317970,0.7088888888888889
2012-11-06,431,35,227142100,2.3379166666666671
2012-11-06,431,36,227142100,1.47125
2012-11-06,431,46,227317720,1.6580555555555556
2012-11-06,431,45,227317720,1.15
2012-11-06,431,34,227320290,0.65166666666666673
2012-11-06,431,32,227320290,2.5251388888888893
2012-11-06,431,33,227320290,0.67902777777777779
2012-11-06,431,35,227320290,1.9450000000000003
2012-11-06,431,141,247122150,1.25
2012-11-06,431,142,247122150,2.8247222222222219
2012-11-06,431,38,228173800,0.63388888888888884
2012-11-06,431,37,228173800,1.0830555555555554
2012-11-06,431,-96,224147180,1.9248611111111109
2012-11-06,431,-95,224147180,2.0091666666666668
2012-11-06,431,142,247101170,1.2508333333333335
2012-11-06,431,143,247101170,0.2747222222222222
2012-11-06,431,141,247101170,2.8747222222222222
2012-11-06,431,-96,224041980,2.701111111111111
2012-11-06,431,-95,224041980,2.3943055555555559
2012-11-06,431,-96,224081150,5.2009722222222221
2012-11-06,687,150,257301120,0.27458333333333335
2012-11-06,687,-551,331224000,11.84847222222222
2012-11-06,-81,-1551,440704000,0.90138888888888891
2012-11-06,-81,-1550,440704000,4.093055555555555
2012-11-06,-81,123,432447000,3.260416666666667
2012-11-06,-81,-192,224068830,2.7777777777777777
2012-11-06,-81,-1496,441644000,5.409583333333333
2012-11-06,-81,-1493,441644000,1.7430555555555556
2012-11-06,-81,-1495,441644000,1.0170833333333333
2012-11-06,-81,-1492,441644000,2.3041666666666667
2012-11-06,-81,-1491,441644000,1.8280555555555555
2012-11-06,-81,-1494,441644000,1.4001388888888888
2012-11-06,-81,-273,224545000,1.6615277777777777
2012-11-06,-81,-271,224545000,0.88069444444444445
2012-11-06,176,-278,224047990,2.5384722222222225
2012-11-06,176,-271,224047990,1.9356944444444444
2012-11-06,432,47,228236800,1.6255555555555556
2012-11-06,432,50,228236800,0.61527777777777781
2012-11-06,432,48,228236800,1.0752777777777778
2012-11-06,432,49,228236800,1.2829166666666667
2012-11-06,432,-95,224126980,1.3755555555555554
2012-11-06,432,-96,224126980,2.5508333333333333
2012-11-06,432,-96,224176390,2.2506944444444446
2012-11-06,432,36,227914000,3.155
2012-11-06,432,35,227914000,0.41097222222222218
2012-11-06,432,37,227914000,1.0562500000000001
2012-11-06,432,-94,224011290,2.1563888888888889
2012-11-06,432,-95,224011290,0.84805555555555556
2012-11-06,432,36,227319840,1.2819444444444443
2012-11-06,432,34,227319840,2.4595833333333332
2012-11-06,432,33,227319840,1.8602777777777777
2012-11-06,432,35,227319840,2.1294444444444443
2012-11-06,432,34,227321890,1.1247222222222222
2012-11-06,432,36,227321890,2.1530555555555555
2012-11-06,432,35,227321890,0.66541666666666666
2012-11-06,432,-96,224225320,2.4013888888888895
2012-11-06,432,37,227913000,0.63361111111111112
2012-11-06,432,38,227913000,0.42236111111111113
2012-11-06,432,-94,224068650,0.89597222222222217
2012-11-06,432,-95,224068650,0.62319444444444438
2012-11-06,432,-96,224076590,3.2752777777777773
2012-11-06,432,-95,224076590,0.8009722222222222
2012-11-06,432,141,247082290,1.2755555555555556
2012-11-06,432,36,227322420,1.9318055555555551
2012-11-06,432,37,227322420,1.893472222222222
2012-11-06,432,50,228187700,1.4454166666666668
2012-11-06,432,51,228187700,0.81833333333333336
2012-11-06,432,49,228187700,1.9181944444444443
2012-11-06,432,52,228187700,2.1681944444444445
2012-11-06,432,48,228187700,0.21513888888888888
2012-11-06,432,-96,224092730,2.4294444444444445
2012-11-06,432,33,227316290,0.94680555555555546
2012-11-06,432,35,227316290,2.5987500000000003
2012-11-06,432,36,227316290,1.6980555555555554
2012-11-06,432,34,227316290,3.3372222222222221
2012-11-06,432,35,227318610,2.1133333333333333
2012-11-06,432,36,227318610,0.84527777777777779
2012-11-06,432,33,227321170,1.0869444444444443
2012-11-06,432,34,227321170,0.41694444444444445
2012-11-06,432,37,227145300,1.2565277777777779
2012-11-06,432,36,227145300,4.1966666666666663
2012-11-06,432,143,247120470,1.7252777777777777
2012-11-06,432,142,247120470,0.79958333333333331
2012-11-06,432,144,247120470,1.05
2012-11-06,432,144,247120480,0.77666666666666662
2012-11-06,432,142,247120480,1.8011111111111111
2012-11-06,432,143,247120480,1.2995833333333335
2012-11-06,432,151,247081060,4.4579166666666659
2012-11-06,432,52,227318890,0.82638888888888884
2012-11-06,432,51,227318890,2.893472222222222
2012-11-06,432,142,247120490,0.54958333333333331
2012-11-06,432,141,247120490,0.75
2012-11-06,432,38,228242800,0.43194444444444441
2012-11-06,432,50,227604870,0.41236111111111107
2012-11-06,432,53,227604870,0.21236111111111111
2012-11-06,432,51,227604870,4.8097222222222227
2012-11-06,432,52,227604870,1.4375
2012-11-06,432,-96,224013710,2.2505555555555556
2012-11-06,432,52,227305360,1.6666666666666665
2012-11-06,432,41,227311010,2.6326388888888883
2012-11-06,432,38,227311010,1.2886111111111109
2012-11-06,432,39,227311010,1.70625
2012-11-06,432,40,227311010,1.0695833333333333
2012-11-06,432,37,227311010,0.6283333333333333
2012-11-06,432,35,227317410,1.4854166666666668
2012-11-06,432,33,227317410,1.0541666666666665
2012-11-06,432,34,227317410,3.1955555555555559
2012-11-06,432,36,227318690,2.3154166666666662
2012-11-06,432,34,227318690,0.64527777777777773
2012-11-06,432,35,227318690,1.0727777777777778
2012-11-06,432,33,227318690,0.803611111111111
2012-11-06,432,51,227588520,2.0826388888888889
2012-11-06,432,50,227588520,6.9369444444444444
2012-11-06,432,53,227588520,0.63874999999999993
2012-11-06,432,52,227588520,5.5929166666666656
2012-11-06,432,47,228218800,8.4315277777777773
2012-11-06,432,48,228218800,1.0830555555555557
2012-11-06,432,49,228218800,1.2494444444444444
2012-11-06,432,50,228218800,0.22597222222222221
2012-11-06,432,34,227438000,0.4226388888888889
2012-11-06,432,36,227438000,2.2954166666666667
2012-11-06,432,35,227438000,1.4870833333333335
2012-11-06,432,37,227438000,0.85749999999999993
2012-11-06,432,141,247145660,1.3009722222222222
2012-11-06,432,43,228168900,1.2327777777777778
2012-11-06,432,46,228168900,0.60000000000000009
2012-11-06,432,42,228168900,0.7136111111111112
2012-11-06,432,47,228168900,11.236111111111111
2012-11-06,432,44,228168900,0.82527777777777778
2012-11-06,432,-96,224138950,3.177777777777778
2012-11-06,432,-95,224138950,0.49930555555555556
2012-11-06,432,1464,273869000,11.802777777777777
2012-11-06,432,141,247280590,0.25
2012-11-06,432,35,227144400,1.2674999999999998
2012-11-06,432,36,227144400,7.0115277777777774
2012-11-06,432,37,227144400,1.2622222222222224
2012-11-06,432,34,227317970,1.6786111111111111
2012-11-06,432,33,227317970,3.5529166666666661
2012-11-06,432,38,227142100,1.28125
2012-11-06,432,37,227142100,1.2793055555555557
2012-11-06,432,36,227142100,1.6497222222222221
2012-11-06,432,44,227317720,1.4766666666666666
2012-11-06,432,46,227317720,0.22486111111111112
2012-11-06,432,47,227317720,1.4666666666666668
2012-11-06,432,43,227317720,0.21611111111111111
2012-11-06,432,35,227320290,0.43944444444444442
2012-11-06,432,36,227320290,2.1715277777777775
2012-11-06,432,34,227320290,0.65055555555555555
2012-11-06,432,33,227320290,1.1706944444444445
2012-11-06,432,1463,273424870,6.5447222222222221
2012-11-06,432,142,247122150,0.77486111111111111
2012-11-06,432,141,247122150,1.55125
2012-11-06,432,38,228173800,0.21513888888888888
2012-11-06,432,-96,224147180,3.0472222222222221
2012-11-06,432,-95,224147180,2.6930555555555555
2012-11-06,432,141,247101170,0.5247222222222222
2012-11-06,432,1460,273356020,7.2763888888888886
2012-11-06,432,1464,273358330,4.9709722222222217
2012-11-06,432,1461,273358330,2.7358333333333333
2012-11-06,432,-95,224081150,0.29958333333333331
2012-11-06,432,-96,224081150,3.5518055555555552
2012-11-06,688,408,273555000,8.736527777777777
2012-11-06,688,407,273555000,0.84166666666666667
2012-11-06,688,24,251463000,0.24236111111111111
2012-11-06,688,-550,331224000,10.183749999999998
2012-11-06,688,-549,331224000,1.6176388888888891
2012-11-06,688,21,251756000,0.17041666666666666
2012-11-06,688,403,273431020,3.088888888888889
2012-11-06,688,402,273431020,1.5625
2012-11-06,688,404,273431020,1.534861111111111
2012-11-06,-336,-366,224160000,5.8175
2012-11-06,-80,-1551,440704000,0.84722222222222221
2012-11-06,-80,-1553,440704000,3.4487500000000004
2012-11-06,-80,-1554,440704000,1.6704166666666667
2012-11-06,-80,-1552,440704000,0.89180555555555552
2012-11-06,-80,-1502,412695560,4.5916666666666668
2012-11-06,-80,123,432447000,4.012777777777778
2012-11-06,-80,-265,224261000,4.1515277777777779
2012-11-06,-80,-266,224261000,2.9763888888888888
2012-11-06,-80,-274,224545000,4.3345833333333337
2012-11-06,-80,-271,224545000,0.23055555555555557
2012-11-06,177,-168,224209000,1.1244444444444444
2012-11-06,177,-276,224047990,4.0136111111111106
2012-11-06,433,50,228236800,0.21569444444444447
2012-11-06,433,49,228236800,1.6963888888888887
2012-11-06,433,48,228236800,2.1202777777777779
2012-11-06,433,-94,224126980,2.8009722222222218
2012-11-06,433,-95,224126980,2.0252777777777777
2012-11-06,433,-94,224176390,0.25055555555555553
2012-11-06,433,-96,224176390,1.07625
2012-11-06,433,-95,224176390,2.725138888888889
2012-11-06,433,-23,224085260,1.1248611111111111
2012-11-06,433,41,227318540,1.268472222222222
2012-11-06,433,42,227318540,1.3344444444444445
2012-11-06,433,43,227318540,2.27
2012-11-06,433,40,227318540,1.0569444444444445
2012-11-06,433,44,227318540,1.6255555555555554
2012-11-06,433,38,227914000,3.6147222222222224
2012-11-06,433,39,227914000,0.21763888888888888
2012-11-06,433,37,227914000,2.346111111111111
2012-11-06,433,-94,224011290,0.45013888888888887
2012-11-06,433,-93,224011290,2.0002777777777778
2012-11-06,433,36,227319840,0.8930555555555556
2012-11-06,433,37,227319840,0.43916666666666665
2012-11-06,433,-96,224225320,1.3008333333333333
2012-11-06,433,-95,224225320,2.4498611111111113
2012-11-06,433,39,227913000,2.3454166666666665
2012-11-06,433,37,227913000,0.63541666666666663
2012-11-06,433,38,227913000,2.1254166666666667
2012-11-06,433,-95,224068650,0.8698611111111112
2012-11-06,433,-94,224068650,0.96055555555555561
2012-11-06,433,-94,224076590,0.90041666666666664
2012-11-06,433,-95,224076590,1.4502777777777778
2012-11-06,433,37,227322420,2.704305555555556
2012-11-06,433,38,227322420,3.1793055555555556
2012-11-06,433,39,227322420,1.4597222222222221
2012-11-06,433,36,227322420,0.42652777777777773
2012-11-06,433,49,228187700,0.62583333333333324
2012-11-06,433,50,228187700,0.21236111111111111
2012-11-06,433,-95,224092730,2.0765277777777778
2012-11-06,433,-96,224092730,1.5472222222222225
2012-11-06,433,36,227316290,0.62111111111111106
2012-11-06,433,-94,224186960,0.67041666666666666
2012-11-06,433,36,227318610,2.9554166666666668
2012-11-06,433,37,227318610,2.976805555555555
2012-11-06,433,38,227318610,0.86055555555555552
2012-11-06,433,38,227145300,1.2756944444444442
2012-11-06,433,37,227145300,0.63430555555555557
2012-11-06,433,39,227145300,0.41000000000000003
2012-11-06,433,-1248,368572000,0.66416666666666679
2012-11-06,433,42,227714430,1.0747222222222224
2012-11-06,433,44,227714430,4.7856944444444451
2012-11-06,433,45,227714430,0.87652777777777779
2012-11-06,433,43,227714430,2.5459722222222219
2012-11-06,433,-95,224013710,4.2209722222222217
2012-11-06,433,-96,224013710,0.90027777777777773
2012-11-06,433,51,227305360,0.42486111111111113
2012-11-06,433,52,227305360,0.40611111111111109
2012-11-06,433,40,227311010,0.86361111111111111
2012-11-06,433,39,227311010,1.0641666666666665
2012-11-06,433,38,227311010,0.22055555555555556
2012-11-06,433,40,227145900,1.0652777777777778
2012-11-06,433,41,227145900,0.42888888888888888
2012-11-06,433,39,227145900,0.63513888888888892
2012-11-06,433,36,227320750,1.2611111111111111
2012-11-06,433,38,227320750,2.5420833333333328
2012-11-06,433,37,227320750,1.7062499999999998
2012-11-06,433,40,227320750,1.0433333333333332
2012-11-06,433,39,227320750,2.295
2012-11-06,433,41,227320750,0.43666666666666665
2012-11-06,433,48,228218800,2.2193055555555556
2012-11-06,433,50,228218800,0.41208333333333336
2012-11-06,433,49,228218800,1.6815277777777777
2012-11-06,433,47,228218800,0.20847222222222223
2012-11-06,433,38,227438000,2.389305555555556
2012-11-06,433,36,227438000,0.87277777777777787
2012-11-06,433,37,227438000,1.4868055555555553
2012-11-06,433,39,227438000,1.290972222222222
2012-11-06,433,-94,224138950,2.2498611111111111
2012-11-06,433,-95,224138950,2.6497222222222225
2012-11-06,433,1467,273869000,11.8025
2012-11-06,433,-93,224354000,0.47111111111111109
2012-11-06,433,-94,224354000,1.3083333333333333
2012-11-06,433,38,227144400,0.63458333333333328
2012-11-06,433,37,227144400,0.40986111111111112
2012-11-06,433,38,227142100,0.40888888888888891
2012-11-06,433,-94,224147180,0.3979166666666667
2012-11-06,433,-96,224147180,0.22263888888888889
2012-11-06,433,-95,224147180,4.1079166666666671
2012-11-06,433,1465,273358330,4.9766666666666666
2012-11-06,433,-95,224081150,1.1747222222222222
2012-11-06,433,-94,224081150,0.49916666666666665
2012-11-06,689,-595,331273000,5.0508333333333333
2012-11-06,689,160,257184340,6.1693055555555549
2012-11-06,689,27,251463000,0.20180555555555557
2012-11-06,689,26,251463000,1.0334722222222221
2012-11-06,689,24,251463000,0.65069444444444446
2012-11-06,689,152,257215140,3.3750000000000009
2012-11-06,689,21,251756000,1.4156944444444446
2012-11-06,689,23,251756000,0.44180555555555556
2012-11-06,689,22,251756000,0.44555555555555559
2012-11-06,689,401,273431020,1.5484722222222222
2012-11-06,689,402,273431020,6.2972222222222216
2012-11-06,689,406,273431020,5.6095833333333331
2012-11-06,-79,-265,224261000,1.7637499999999995
2012-11-06,178,-168,224209000,5.513472222222223
2012-11-06,178,-270,224047990,2.5072222222222225
2012-11-06,434,-94,224176390,2.0494444444444446
2012-11-06,434,40,227318540,0.86361111111111111
2012-11-06,434,39,227318540,0.86236111111111113
2012-11-06,434,42,227318540,1.1072222222222221
2012-11-06,434,41,227318540,0.21013888888888888
2012-11-06,434,-44,224009240,1.4504166666666667
2012-11-06,434,-42,224009240,2.5002777777777778
2012-11-06,434,-43,224009240,7.5170833333333338
2012-11-06,434,-45,224009240,0.64777777777777779
2012-11-06,434,-93,224011290,0.43236111111111108
2012-11-06,434,-92,224011290,1.3329166666666667
2012-11-06,434,-91,224011290,0.6283333333333333
2012-11-06,434,-95,224225320,0.27486111111111111
2012-11-06,434,-94,224225320,1.1994444444444445
2012-11-06,434,51,228185900,0.20847222222222223
2012-11-06,434,-34,224103220,5.1011111111111118
2012-11-06,434,-94,224092730,3.7922222222222222
2012-11-06,434,-95,224092730,0.41652777777777772
2012-11-06,434,-93,224092730,0.22388888888888889
2012-11-06,434,-18,227880000,0.75041666666666673
2012-11-06,434,-34,224064850,3.40625
2012-11-06,434,-35,224018260,2.472777777777778
2012-11-06,434,-34,224028250,5.1
2012-11-06,434,-1248,368572000,0.44375000000000003
2012-11-06,434,154,247081060,12.406666666666666
2012-11-06,434,-34,224073580,4.4931944444444447
2012-11-06,434,41,227714430,0.215
2012-11-06,434,42,227714430,1.0869444444444445
2012-11-06,434,162,238771340,14.685694444444447
2012-11-06,434,-94,224013710,2.7722222222222226
2012-11-06,434,-34,224271000,5.7498611111111115
2012-11-06,434,-18,228189600,0.20680555555555558
2012-11-06,434,-17,228189600,2.8423611111111109
2012-11-06,434,-34,224050850,4.6293055555555558
2012-11-06,434,40,227145900,4.5388888888888879
2012-11-06,434,39,227145900,2.7874999999999996
2012-11-06,434,41,227145900,1.32375
2012-11-06,434,-23,224073390,0.44999999999999996
2012-11-06,434,-21,224073390,0.50027777777777782
2012-11-06,434,-20,224073390,0.93527777777777776
2012-11-06,434,-19,224073390,3.0738888888888893
2012-11-06,434,-18,224073390,0.23944444444444446
2012-11-06,434,-22,224073390,0.85
2012-11-06,434,-24,224073390,0.50069444444444444
2012-11-06,434,40,227320750,0.93944444444444453
2012-11-06,434,41,227320750,0.47236111111111106
2012-11-06,434,39,227320750,0.62486111111111109
2012-11-06,434,-93,224354000,0.21930555555555556
2012-11-06,434,-19,224087530,3.1727777777777777
2012-11-06,434,-21,224087530,1.0004166666666667
2012-11-06,434,-23,224087530,1.2504166666666667
2012-11-06,434,-20,224087530,1.4823611111111112
2012-11-06,434,-22,224087530,1.3002777777777779
2012-11-06,434,-18,224087530,0.21902777777777777
2012-11-06,434,-24,224087530,0.5494444444444444
2012-11-06,690,-594,331273000,7.6422222222222222
2012-11-06,690,-593,331273000,1.6029166666666668
2012-11-06,690,150,257842500,1.4127777777777777
2012-11-06,690,149,257842500,0.26819444444444446
2012-11-06,690,160,257184340,1.1843055555555555
2012-11-06,690,28,251463000,0.84083333333333332
2012-11-06,690,27,251463000,1.0377777777777777
2012-11-06,690,152,257215140,0.55027777777777775
2012-11-06,690,151,257215140,0.27444444444444444
2012-11-06,690,23,251756000,0.43611111111111112
2012-11-06,690,24,251756000,0.21263888888888888
2012-11-06,690,402,273431020,3.1876388888888889
2012-11-06,-78,-265,224261000,0.91791666666666671
2012-11-06,179,-168,224209000,2.9636111111111116
2012-11-06,179,-167,224209000,4.1216666666666661
2012-11-06,179,-273,224047990,2.9544444444444444
2012-11-06,179,-272,224047990,2.5679166666666671
2012-11-06,435,-43,224009240,0.54888888888888887
2012-11-06,435,-61,224137770,1.7605555555555557
2012-11-06,435,-62,224137770,2.5229166666666671
2012-11-06,435,136,247083320,0.24930555555555556
2012-11-06,435,-18,227880000,0.14972222222222223
2012-11-06,435,-91,224137550,2.04875
2012-11-06,435,-90,224137550,2.22625
2012-11-06,435,-35,224018260,1.5316666666666665
2012-11-06,435,-91,224052340,2.6804166666666669
2012-11-06,435,-90,224052340,1.0672222222222221
2012-11-06,435,-92,224027520,1.5154166666666666
2012-11-06,435,-91,224027520,1.4043055555555555
2012-11-06,435,-90,224027520,11.138611111111112
2012-11-06,435,-26,224137880,2.0431944444444445
2012-11-06,435,-21,224073390,1.4069444444444446
2012-11-06,435,-20,224073390,1.3963888888888887
2012-11-06,435,-22,224073390,1.8568055555555556
2012-11-06,435,-19,224073390,0.9636111111111112
2012-11-06,435,-23,224073390,3.6038888888888891
2012-11-06,435,-24,224073390,1.1491666666666664
2012-11-06,435,-66,224062390,0.89958333333333318
2012-11-06,435,-61,224051650,1.7747222222222225
2012-11-06,435,-61,224337890,3.29736111111111
2012-11-06,435,-62,224337890,0.51361111111111124
2012-11-06,435,-20,224087530,0.79986111111111113
2012-11-06,435,-24,224087530,0.69944444444444454
2012-11-06,435,-22,224087530,2.1338888888888889
2012-11-06,435,-21,224087530,0.55
2012-11-06,435,-19,224087530,0.23972222222222223
2012-11-06,435,-23,224087530,2.87875
2012-11-06,691,-591,331273000,3.0804166666666664
2012-11-06,691,-592,331273000,3.1247222222222222
2012-11-06,691,149,257842500,3.090694444444444
2012-11-06,691,150,257842500,1.4386111111111113
2012-11-06,691,28,251463000,4.33625
2012-11-06,691,27,251463000,0.81847222222222227
2012-11-06,691,27,251756000,0.43222222222222223
2012-11-06,-333,-370,224160000,2.325277777777778
2012-11-06,-333,-360,224160000,5.5538888888888884
2012-11-06,-333,-244,224558000,0.79125000000000012
2012-11-06,-77,-265,224261000,1.2645833333333334
2012-11-06,-77,-272,224545000,4.6069444444444443
2012-11-06,-77,-271,224545000,0.83597222222222223
2012-11-06,-77,-270,224545000,0.88347222222222221
2012-11-06,-77,-269,224545000,1.0751388888888889
2012-11-06,180,-167,224209000,4.512083333333333
2012-11-06,436,-48,224049160,2.1202777777777779
2012-11-06,436,-47,224049160,2.7254166666666664
2012-11-06,436,-45,224049160,0.59958333333333336
2012-11-06,436,-46,224049160,2.2513888888888891
2012-11-06,436,-71,224208650,3.9493055555555552
2012-11-06,436,-70,224208650,1.99875
2012-11-06,436,-68,224208650,0.50027777777777782
2012-11-06,436,-69,224208650,1.3023611111111113
2012-11-06,436,-73,224208650,1.0258333333333334
2012-11-06,436,-72,224208650,3.673055555555556
2012-11-06,436,-20,224106260,0.20041666666666666
2012-11-06,436,-21,224106260,0.52513888888888893
2012-11-06,436,-40,224009240,2.9825
2012-11-06,436,135,247084320,4.2751388888888888
2012-11-06,436,134,247083560,1.0536111111111111
2012-11-06,436,-88,224181290,1.0440277777777778
2012-11-06,436,-90,224181290,4.3638888888888889
2012-11-06,436,-89,224181290,2.0733333333333333
2012-11-06,436,135,247156780,4.7980555555555551
2012-11-06,436,-27,224017460,4.3733333333333331
2012-11-06,436,-26,224017460,2.1270833333333332
2012-11-06,436,134,247083320,10.915972222222221
2012-11-06,436,135,247083320,7.1670833333333333
2012-11-06,436,136,247083320,2.6940277777777779
2012-11-06,436,136,247083070,0.83736111111111111
2012-11-06,436,135,247084610,8.2645833333333343
2012-11-06,436,136,247084610,0.21597222222222223
2012-11-06,436,134,247084610,12.753749999999998
2012-11-06,436,-88,224137550,0.75083333333333324
2012-11-06,436,-90,224137550,3.1869444444444448
2012-11-06,436,-89,224137550,3.2372222222222216
2012-11-06,436,-48,263407950,2.1251388888888889
2012-11-06,436,-47,263407950,2.4001388888888888
2012-11-06,436,-46,263407950,2.2761111111111112
2012-11-06,436,-45,263407950,0.89999999999999991
2012-11-06,436,-88,224067690,0.21027777777777779
2012-11-06,436,-89,224067690,1.0627777777777778
2012-11-06,436,-60,224205420,0.51041666666666663
2012-11-06,436,-88,224052340,0.850138888888889
2012-11-06,436,-89,224052340,2.3013888888888889
2012-11-06,436,-90,224052340,3.9805555555555561
2012-11-06,436,-74,224029820,8.6815277777777773
2012-11-06,436,1357,273359510,12.790000000000001
2012-11-06,436,1358,273359510,12.61361111111111
2012-11-06,436,-27,224137880,0.29972222222222222
2012-11-06,436,-28,224137880,0.30027777777777775
2012-11-06,436,-26,224137880,0.25069444444444444
2012-11-06,436,-63,224216220,0.7975000000000001
2012-11-06,436,-72,224216220,2.8516666666666666
2012-11-06,436,-64,224216220,1.0551388888888891
2012-11-06,436,-73,224216220,0.75013888888888891
2012-11-06,436,-69,224216220,2.6530555555555555
2012-11-06,436,-17,224128930,0.2261111111111111
2012-11-06,436,134,247083940,0.57875
2012-11-06,436,-72,224097970,1.45125
2012-11-06,436,-71,224097970,0.59986111111111118
2012-11-06,436,-61,224051650,2.8093055555555555
2012-11-06,436,-88,224204490,1.6666666666666667
2012-11-06,436,136,247081930,0.7975000000000001
2012-11-06,436,135,247081930,0.47000000000000003
2012-11-06,436,135,247081690,3.0095833333333335
2012-11-06,436,136,247081690,5.79486111111111
2012-11-06,436,137,247081690,4.0208333333333339
2012-11-06,436,-62,224337890,0.23458333333333334
2012-11-06,436,-88,224204520,1.7754166666666669
2012-11-06,436,-90,224181230,3.6662500000000011
2012-11-06,436,-89,224181230,2.3644444444444446
2012-11-06,436,-88,224181230,0.63055555555555554
2012-11-06,436,-65,224221940,5.1443055555555572
2012-11-06,436,-64,224221940,5.8513888888888905
2012-11-06,436,-49,224049140,2.6755555555555555
2012-11-06,436,-48,224049140,2.3774999999999995
2012-11-06,436,-45,224049140,0.95111111111111124
2012-11-06,436,-47,224049140,1.1247222222222222
2012-11-06,436,-46,224049140,1.0773611111111112
2012-11-06,436,-50,224049140,0.77430555555555558
2012-11-06,692,-591,331273000,1.5808333333333333
2012-11-06,692,26,251463000,2.0883333333333338
2012-11-06,692,27,251463000,0.80916666666666659
2012-11-06,692,-543,331238000,1.5772222222222223
2012-11-06,692,-544,331238000,3.8575
2012-11-06,692,28,251756000,3.8541666666666665
2012-11-06,-332,-244,224558000,7.4168055555555545
2012-11-06,-76,-197,440813000,1.0290277777777779
2012-11-06,-76,-1546,440045000,1.5143055555555556
2012-11-06,181,-167,224209000,2.7373611111111114
2012-11-06,437,-49,224049160,0.50069444444444444
2012-11-06,437,-51,224049160,0.9011111111111112
2012-11-06,437,-50,224049160,1.9506944444444443
2012-11-06,437,-70,224208650,0.27402777777777776
2012-11-06,437,-69,224208650,1.6
2012-11-06,437,-73,224208650,1.0988888888888888
2012-11-06,437,-71,224208650,2.0972222222222223
2012-11-06,437,-72,224208650,1.2508333333333332
2012-11-06,437,133,247084310,0.21291666666666664
2012-11-06,437,132,247084310,1.2616666666666667
2012-11-06,437,-87,224086550,1.2455555555555555
2012-11-06,437,-88,224086550,3.6497222222222225
2012-11-06,437,-89,224086550,0.89249999999999985
2012-11-06,437,133,247083560,2.3870833333333334
2012-11-06,437,132,247083560,0.91347222222222224
2012-11-06,437,-87,224181290,0.54208333333333336
2012-11-06,437,-88,224181290,2.8626388888888887
2012-11-06,437,132,247156780,0.22
2012-11-06,437,-63,224254000,9.3984722222222228
2012-11-06,437,-57,224254000,0.46180555555555552
2012-11-06,437,-61,224121650,0.47152777777777777
2012-11-06,437,134,247083320,0.65583333333333327
2012-11-06,437,134,247083070,3.592083333333334
2012-11-06,437,133,247083070,4.012777777777778
2012-11-06,437,135,247083070,4.4965277777777786
2012-11-06,437,136,247083070,3.2136111111111112
2012-11-06,437,-88,224137550,0.42388888888888887
2012-11-06,437,-52,263407950,2.9506944444444447
2012-11-06,437,-51,263407950,0.9505555555555556
2012-11-06,437,-50,263407950,0.49916666666666665
2012-11-06,437,-61,224178000,2.350972222222222
2012-11-06,437,133,247083860,0.9588888888888889
2012-11-06,437,132,247083860,0.5
2012-11-06,437,-90,224111190,2.210694444444445
2012-11-06,437,-88,224111190,0.74986111111111109
2012-11-06,437,-89,224111190,2.8893055555555556
2012-11-06,437,-66,224171360,1.2011111111111112
2012-11-06,437,-90,224067690,1.0869444444444445
2012-11-06,437,-89,224067690,5.9708333333333332
2012-11-06,437,-88,224067690,4.53875
2012-11-06,437,-61,224205420,1.2877777777777779
2012-11-06,437,-62,224205420,0.97000000000000008
2012-11-06,437,-88,224052340,0.94930555555555551
2012-11-06,437,-74,224029820,1.0754166666666667
2012-11-06,437,-19,224056190,0.52861111111111114
2012-11-06,437,-16,228019600,1.1294444444444445
2012-11-06,437,-17,228019600,0.65319444444444441
2012-11-06,437,138,247083410,0.50055555555555553
2012-11-06,437,139,247083410,1.297638888888889
2012-11-06,437,-70,224259220,0.24986111111111112
2012-11-06,437,-63,224259220,4.0297222222222224
2012-11-06,437,-72,224259220,0.25041666666666668
2012-11-06,437,-64,224259220,2.904722222222222
2012-11-06,437,-65,224259220,3.4494444444444441
2012-11-06,437,-71,224259220,0.95069444444444451
2012-11-06,437,137,247083420,0.73569444444444443
2012-11-06,437,136,247083420,0.24486111111111108
2012-11-06,437,-73,224216220,0.29930555555555555
2012-11-06,437,-65,224216220,3.3152777777777778
2012-11-06,437,-64,224216220,1.9743055555555553
2012-11-06,437,-63,224216220,0.26763888888888887
2012-11-06,437,-66,224216220,0.79986111111111113
2012-11-06,437,133,247083940,0.643888888888889
2012-11-06,437,132,247083940,1.0497222222222222
2012-11-06,437,134,247083940,0.47958333333333331
2012-11-06,437,138,247081650,0.77402777777777776
2012-11-06,437,-71,224097970,0.50013888888888891
2012-11-06,437,-74,224097970,0.27416666666666667
2012-11-06,437,-70,224097970,1.9011111111111112
2012-11-06,437,-72,224097970,0.79958333333333331
2012-11-06,437,-73,224097970,1.8756944444444446
2012-11-06,437,-65,224025270,1.05
2012-11-06,437,-64,224025270,1.2508333333333332
2012-11-06,437,-63,224025270,2.0120833333333334
2012-11-06,437,-64,224136380,1.2998611111111111
2012-11-06,437,-62,224136380,0.25027777777777782
2012-11-06,437,-65,224136380,0.45
2012-11-06,437,-63,224136380,0.79958333333333331
2012-11-06,437,-68,224063940,1.0508333333333333
2012-11-06,437,-69,224063940,4.69375
2012-11-06,437,-85,224042440,1.4524999999999997
2012-11-06,437,-87,224042440,2.4758333333333331
2012-11-06,437,-86,224042440,2.0254166666666666
2012-11-06,437,-88,224204490,4.4913888888888893
2012-11-06,437,135,247081930,4
2012-11-06,437,136,247081930,3.2222222222222223
2012-11-06,437,137,247081940,0.82208333333333339
2012-11-06,437,133,247083480,1.1863888888888889
2012-11-06,437,134,247083480,3.4683333333333333
2012-11-06,437,137,247081690,1.314861111111111
2012-11-06,437,136,247081690,3.8026388888888891
2012-11-06,437,135,247081690,2.6879166666666672
2012-11-06,437,-17,224114650,0.79125
2012-11-06,437,1460,273424870,10.343472222222221
2012-11-06,437,-87,224204520,0.2426388888888889
2012-11-06,437,-88,224204520,4.2783333333333324
2012-11-06,437,139,247084520,1.024027777777778
2012-11-06,437,138,247084520,0.79874999999999985
2012-11-06,437,-88,224181230,3.4569444444444444
2012-11-06,437,-49,224049140,2.0468055555555558
2012-11-06,437,-48,224049140,0.84944444444444445
2012-11-06,437,-52,224049140,2.3466666666666667
2012-11-06,693,157,257193220,1.5754166666666667
2012-11-06,693,158,257823500,2.1988888888888889
2012-11-06,693,157,257823500,1.1020833333333333
2012-11-06,693,158,257485600,1.8249999999999997
2012-11-06,693,-590,331273000,1.5444444444444445
2012-11-06,693,26,251463000,1.5322222222222222
2012-11-06,693,25,251463000,2.3019444444444446
2012-11-06,693,360,273457870,1.555
2012-11-06,693,122,259447000,0.27513888888888888
2012-11-06,693,121,259447000,0.25069444444444444
2012-11-06,693,28,251756000,3.6555555555555554
2012-11-06,693,29,251756000,0.4383333333333333
2012-11-06,693,27,251756000,1.6924999999999997
2012-11-06,-331,349,440989000,6.2595833333333335
2012-11-06,-75,-1541,440298000,0.81263888888888891
2012-11-06,-75,-1539,440298000,2.7373611111111109
2012-11-06,-75,-1540,440298000,2.2458333333333331
2012-11-06,-75,-266,224261000,1.7086111111111113
2012-11-06,-75,-1645,416004248,2.6744444444444446
2012-11-06,-75,-199,440813000,1.8170833333333334
2012-11-06,-75,-200,440813000,1.6413888888888888
2012-11-06,-75,-197,440813000,0.89444444444444438
2012-11-06,-75,-1547,440045000,1.7320833333333332
2012-11-06,-75,-1546,440045000,1.6880555555555556
2012-11-06,-75,-1545,440045000,2.2965277777777779
2012-11-06,-75,-1548,440045000,1.8618055555555555
2012-11-06,-75,-270,224545000,1.8597222222222223
2012-11-06,-75,-274,224545000,3.6580555555555558
2012-11-06,438,-52,224049160,0.24944444444444444
2012-11-06,438,-51,224049160,0.74986111111111109
2012-11-06,438,136,247081740,0.29986111111111113
2012-11-06,438,137,247081740,1.6241666666666665
2012-11-06,438,138,247081740,0.87555555555555564
2012-11-06,438,137,247083540,1.8011111111111111
2012-11-06,438,138,247083540,0.25041666666666662
2012-11-06,438,131,247084310,1.7544444444444445
2012-11-06,438,-86,224086550,1.8509722222222225
2012-11-06,438,-88,224086550,1.3191666666666666
2012-11-06,438,-87,224086550,3.8044444444444441
2012-11-06,438,-69,224082460,2.7752777777777777
2012-11-06,438,-68,224082460,15.235972222222225
2012-11-06,438,-67,224082460,0.574861111111111
2012-11-06,438,-67,263401760,1.3511111111111112
2012-11-06,438,-68,263401760,0.25013888888888891
2012-11-06,438,-53,224009250,3.1461111111111109
2012-11-06,438,-54,224009250,3.6441666666666666
2012-11-06,438,-55,224009250,2.9291666666666663
2012-11-06,438,-56,224009250,0.25013888888888891
2012-11-06,438,130,247083560,0.50013888888888891
2012-11-06,438,131,247083560,3.588194444444444
2012-11-06,438,-87,224181290,3.6509722222222223
2012-11-06,438,130,247156780,1.0020833333333332
2012-11-06,438,131,247156780,2.9505555555555558
2012-11-06,438,-79,224926000,2.3441666666666667
2012-11-06,438,-75,224926000,0.62888888888888883
2012-11-06,438,-78,224926000,3.5479166666666666
2012-11-06,438,-65,224254000,2.8516666666666666
2012-11-06,438,-58,224254000,0.824861111111111
2012-11-06,438,-61,224121650,3.1080555555555556
2012-11-06,438,-60,224121650,1.3405555555555557
2012-11-06,438,-62,224121650,1.0097222222222222
2012-11-06,438,135,247083070,0.44875
2012-11-06,438,134,247083070,0.98680555555555549
2012-11-06,438,133,247083070,3.213194444444444
2012-11-06,438,-51,263407950,0.95027777777777778
2012-11-06,438,-53,263407950,0.54902777777777789
2012-11-06,438,133,247082320,0.25361111111111112
2012-11-06,438,132,247082320,3.4455555555555555
2012-11-06,438,131,247082320,0.25027777777777777
2012-11-06,438,-56,224178000,2.8490277777777777
2012-11-06,438,-59,224178000,1.1690277777777778
2012-11-06,438,-57,224178000,3.8927777777777779
2012-11-06,438,-60,224178000,1.2716666666666667
2012-11-06,438,-61,224178000,3.6684722222222215
2012-11-06,438,-58,224178000,1.2844444444444445
2012-11-06,438,131,247083860,1.1002777777777777
2012-11-06,438,132,247083860,0.24986111111111112
2012-11-06,438,-87,224111190,2.8505555555555557
2012-11-06,438,-88,224111190,1.050138888888889
2012-11-06,438,-66,224171360,1.2491666666666668
2012-11-06,438,-68,224171360,0.49944444444444447
2012-11-06,438,-67,224171360,2.2504166666666663
2012-11-06,438,-87,224067690,1.0758333333333334
2012-11-06,438,-88,224067690,7.363194444444443
2012-11-06,438,-60,224205420,3.1086111111111112
2012-11-06,438,-61,224205420,5.8659722222222221
2012-11-06,438,-62,224205420,6.0990277777777777
2012-11-06,438,-67,224105580,0.20027777777777778
2012-11-06,438,-68,224105580,0.49958333333333332
2012-11-06,438,137,247083380,4.1113888888888894
2012-11-06,438,138,247083380,1.7987499999999996
2012-11-06,438,-16,228019600,0.87527777777777782
2012-11-06,438,-15,228019600,0.79875000000000007
2012-11-06,438,138,247083410,1.0640277777777778
2012-11-06,438,137,247083410,1.4224999999999999
2012-11-06,438,136,247083410,1.52625
2012-11-06,438,-66,224259220,0.59888888888888892
2012-11-06,438,137,247083420,1.768472222222222
2012-11-06,438,139,247083420,0.25
2012-11-06,438,136,247083420,0.79944444444444451
2012-11-06,438,138,247083420,3.3509722222222225
2012-11-06,438,-65,224216220,0.24944444444444444
2012-11-06,438,-66,224216220,0.65069444444444446
2012-11-06,438,130,247083940,0.2747222222222222
2012-11-06,438,131,247083940,2.5068055555555553
2012-11-06,438,-68,224026280,10.881388888888889
2012-11-06,438,-22,224192170,1.3497222222222223
2012-11-06,438,138,247081650,2.1758333333333333
2012-11-06,438,136,247081650,1.787222222222222
2012-11-06,438,137,247081650,1.7648611111111112
2012-11-06,438,-73,224097970,0.22555555555555556
2012-11-06,438,-75,224097970,0.25027777777777777
2012-11-06,438,-74,224097970,2.8245833333333334
2012-11-06,438,-70,224097970,2.5700000000000003
2012-11-06,438,-72,224025270,0.45027777777777778
2012-11-06,438,-66,224025270,1.5752777777777778
2012-11-06,438,-71,224025270,1.0498611111111111
2012-11-06,438,-65,224025270,0.90013888888888882
2012-11-06,438,-62,224136380,0.20041666666666666
2012-11-06,438,-60,224136380,0.20041666666666666
2012-11-06,438,-65,224136380,0.75027777777777782
2012-11-06,438,-61,224136380,1.5994444444444444
2012-11-06,438,-66,224136380,0.275
2012-11-06,438,-17,224004800,0.78458333333333341
2012-11-06,438,-18,224004800,0.215
2012-11-06,438,-69,225917890,0.54805555555555552
2012-11-06,438,-70,225917890,11.639166666666668
2012-11-06,438,-69,224063940,4.9162500000000007
2012-11-06,438,-68,224063940,3.1008333333333331
2012-11-06,438,-84,224042440,2.54875
2012-11-06,438,-86,224042440,0.6447222222222222
2012-11-06,438,-85,224042440,4.4069444444444441
2012-11-06,438,-87,224204490,0.87486111111111109
2012-11-06,438,-88,224204490,0.50083333333333335
2012-11-06,438,139,247081930,3.4027777777777777
2012-11-06,438,140,247081930,0.97555555555555551
2012-11-06,438,138,247081930,1.6516666666666668
2012-11-06,438,139,247081940,0.52555555555555555
2012-11-06,438,137,247081940,1.765138888888889
2012-11-06,438,138,247081940,3.6093055555555558
2012-11-06,438,136,247081940,0.69291666666666663
2012-11-06,438,133,247083480,4.6588888888888889
2012-11-06,438,131,247083480,0.28652777777777777
2012-11-06,438,132,247083480,6.574583333333333
2012-11-06,438,1460,273424870,7.3754166666666672
2012-11-06,438,-21,224057830,2.929583333333333
2012-11-06,438,-87,224204520,0.65472222222222221
2012-11-06,438,138,247084520,1.0252777777777777
2012-11-06,438,136,247084520,1.77625
2012-11-06,438,137,247084520,1.3180555555555555
2012-11-06,438,-76,224081130,7.7075000000000005
2012-11-06,438,-77,224081130,5.8843055555555566
2012-11-06,438,137,247086570,4.4002777777777773
2012-11-06,438,138,247086570,2.2994444444444446
2012-11-06,438,136,247086570,0.25027777777777782
2012-11-06,438,-87,224181230,3.5448611111111115
2012-11-06,438,-22,224012280,1.3305555555555553
2012-11-06,438,-21,224012280,0.25041666666666668
2012-11-06,694,24,251463000,1.2381944444444444
2012-11-06,694,25,251463000,4.7952777777777786
2012-11-06,694,360,273457870,1.5594444444444444
2012-11-06,694,367,273457870,1.5593055555555555
2012-11-06,694,28,251756000,3.000138888888888
2012-11-06,694,27,251756000,3.0026388888888889
2012-11-06,-330,349,440989000,0.81666666666666665
2012-11-06,-330,-247,224558000,2.3937500000000003
2012-11-06,-74,-1540,440298000,1.5095833333333335
2012-11-06,-74,-1539,440298000,1.8459722222222223
2012-11-06,-74,-266,224261000,0.57916666666666672
2012-11-06,-74,-1644,416004248,5.8277777777777775
2012-11-06,-74,-1645,416004248,0.87472222222222229
2012-11-06,-74,-203,440813000,1.7987499999999998
2012-11-06,-74,-202,440813000,1.7993055555555555
2012-11-06,-74,-206,440813000,2.2345833333333336
2012-11-06,-74,-204,440813000,2.0066666666666668
2012-11-06,-74,-1545,440045000,1.8251388888888889
2012-11-06,-74,-1544,440045000,2.7386111111111111
2012-11-06,-74,-273,224545000,0.91388888888888886
2012-11-06,-74,-274,224545000,0.76805555555555549
2012-11-06,-74,-213,441057000,1.6443055555555555
2012-11-06,-74,-212,441057000,1.75125
2012-11-06,-74,-210,441057000,1.8333333333333335
2012-11-06,-74,-214,441057000,1.8418055555555555
2012-11-06,-74,-209,441057000,1.9276388888888889
2012-11-06,183,-168,224209000,3.4226388888888888
2012-11-06,439,-17,224104960,0.49972222222222223
2012-11-06,439,-16,224104960,1.2156944444444444
2012-11-06,439,-77,224047360,0.4243055555555556
2012-11-06,439,-16,224085250,1.7731944444444445
2012-11-06,439,-16,224104450,2.3508333333333331
2012-11-06,439,-17,224104450,2.3969444444444443
2012-11-06,439,-16,224086790,0.28986111111111112
2012-11-06,439,-16,224065290,4.8483333333333336
2012-11-06,439,136,247081740,0.59944444444444445
2012-11-06,439,137,247081740,2.2243055555555555
2012-11-06,439,-16,224085260,0.5247222222222222
2012-11-06,439,137,247083540,1.2980555555555557
2012-11-06,439,138,247083540,2.3263888888888888
2012-11-06,439,139,247083540,0.77430555555555558
2012-11-06,439,-16,224136470,1.0526388888888889
2012-11-06,439,131,247084310,0.25
2012-11-06,439,130,247084310,4.877361111111111
2012-11-06,439,128,247084310,0.25013888888888891
2012-11-06,439,129,247084310,4.6499999999999995
2012-11-06,439,-84,224086550,0.9
2012-11-06,439,-85,224086550,1.4501388888888889
2012-11-06,439,-86,224086550,1.2013888888888888
2012-11-06,439,-71,263401760,2.4951388888888886
2012-11-06,439,-69,263401760,0.90152777777777782
2012-11-06,439,-70,263401760,4.1695833333333328
2012-11-06,439,-58,224009250,0.949861111111111
2012-11-06,439,-57,224009250,0.7006944444444444
2012-11-06,439,-54,224009250,2.3227777777777776
2012-11-06,439,-55,224009250,1.2743055555555556
2012-11-06,439,131,247083560,0.52374999999999994
2012-11-06,439,129,247083560,2.2502777777777778
2012-11-06,439,130,247083560,9.7044444444444444
2012-11-06,439,-87,224181290,0.50777777777777777
2012-11-06,439,-86,224181290,0.24972222222222221
2012-11-06,439,130,247156780,0.80027777777777787
2012-11-06,439,129,247156780,0.75
2012-11-06,439,128,247156780,0.25041666666666668
2012-11-06,439,-75,224926000,1.09125
2012-11-06,439,-78,224926000,2.4145833333333337
2012-11-06,439,-74,224926000,1.0720833333333335
2012-11-06,439,-76,224926000,1.5383333333333336
2012-11-06,439,-77,224926000,1.675138888888889
2012-11-06,439,-60,224121650,1.6106944444444444
2012-11-06,439,-59,224121650,0.79041666666666655
2012-11-06,439,136,247051830,1.5244444444444445
2012-11-06,439,-17,224100920,1.6806944444444445
2012-11-06,439,-17,224040260,1.9975
2012-11-06,439,-17,224103750,0.8009722222222222
2012-11-06,439,-17,224004680,0.50041666666666673
2012-11-06,439,-16,224004680,1.5498611111111114
2012-11-06,439,-15,227304010,10.00194444444444
2012-11-06,439,132,247082320,0.275
2012-11-06,439,131,247082320,3.0493055555555557
2012-11-06,439,130,247082320,0.2738888888888889
2012-11-06,439,-17,224103760,0.6
2012-11-06,439,129,247071060,0.24944444444444444
2012-11-06,439,130,247083860,2.9279166666666665
2012-11-06,439,129,247083860,6.3719444444444449
2012-11-06,439,131,247083860,0.55138888888888893
2012-11-06,439,128,247083860,1.5262499999999999
2012-11-06,439,-68,224171360,0.20041666666666669
2012-11-06,439,-67,224171360,3.0934722222222222
2012-11-06,439,-17,224033380,1.0488888888888888
2012-11-06,439,-17,224056170,2.347777777777778
2012-11-06,439,-60,224205420,1.5645833333333334
2012-11-06,439,-59,224205420,0.75236111111111115
2012-11-06,439,-16,224046190,2.3263888888888888
2012-11-06,439,-17,224046190,1.205138888888889
2012-11-06,439,-17,224004720,0.54999999999999993
2012-11-06,439,-16,224004720,2.1980555555555559
2012-11-06,439,-17,224102000,1.17875
2012-11-06,439,-16,224086130,0.68791666666666673
2012-11-06,439,-16,224012660,2.111388888888889
2012-11-06,439,-17,224012660,0.95
2012-11-06,439,-16,224104820,2.2240277777777777
2012-11-06,439,-17,224104820,2.1981944444444443
2012-11-06,439,-16,224052350,0.508888888888889
2012-11-06,439,-17,224052350,0.24986111111111112
2012-11-06,439,-17,224050560,1.0823611111111111
2012-11-06,439,-16,224050560,1.7120833333333334
2012-11-06,439,130,247070850,0.8
2012-11-06,439,-16,224029830,0.54166666666666674
2012-11-06,439,-17,224050570,1.0856944444444445
2012-11-06,439,-15,228019600,1.8504166666666664
2012-11-06,439,-17,224074650,5.6534722222222236
2012-11-06,439,-16,224076190,2.3238888888888889
2012-11-06,439,-17,224076190,1.1481944444444443
2012-11-06,439,-17,224004770,0.29694444444444446
2012-11-06,439,-16,224004770,0.50222222222222224
2012-11-06,439,-16,224128930,1.3997222222222223
2012-11-06,439,130,247083940,1.024861111111111
2012-11-06,439,-16,224088740,2.7218055555555556
2012-11-06,439,-17,224006570,1.9652777777777779
2012-11-06,439,-22,224192170,2.4005555555555556
2012-11-06,439,-17,224139180,1.1988888888888889
2012-11-06,439,-17,224075180,0.98305555555555557
2012-11-06,439,-16,224075180,0.56333333333333335
2012-11-06,439,-73,224097970,2.3952777777777778
2012-11-06,439,-77,224097970,0.22541666666666665
2012-11-06,439,-66,224025270,2.0920833333333331
2012-11-06,439,-72,224025270,2.3681944444444443
2012-11-06,439,-17,224291000,1.0255555555555556
2012-11-06,439,-16,224291000,0.83416666666666672
2012-11-06,439,129,247071930,0.50430555555555556
2012-11-06,439,-16,224004800,0.80055555555555546
2012-11-06,439,-17,224004800,1.0856944444444445
2012-11-06,439,-17,224063680,1.1734722222222222
2012-11-06,439,-83,224042440,3.625
2012-11-06,439,-85,224042440,0.29958333333333331
2012-11-06,439,-84,224042440,2.6243055555555554
2012-11-06,439,139,247081930,2.5495833333333335
2012-11-06,439,140,247081930,0.25041666666666668
2012-11-06,439,138,247081930,1.9475000000000002
2012-11-06,439,130,247070670,1.775
2012-11-06,439,-23,224290000,5.1365277777777782
2012-11-06,439,-16,224021460,1.4877777777777776
2012-11-06,439,-17,224021460,1.5320833333333335
2012-11-06,439,-16,224059860,0.78902777777777766
2012-11-06,439,-17,224059860,1.4305555555555556
2012-11-06,439,-17,224104150,0.74930555555555556
2012-11-06,439,131,247083480,4.3119444444444444
2012-11-06,439,132,247083480,0.51277777777777778
2012-11-06,439,-16,224069850,0.46027777777777779
2012-11-06,439,-17,224069850,0.82416666666666671
2012-11-06,439,-17,224460000,0.74861111111111112
2012-11-06,439,-21,224057830,4.2506944444444441
2012-11-06,439,-22,224010730,5.4111111111111114
2012-11-06,439,-17,224005870,1.28
2012-11-06,439,-16,224005870,2.3005555555555559
2012-11-06,439,-16,224087790,1.04875
2012-11-06,439,-87,224181230,0.46291666666666664
2012-11-06,439,-17,224049650,1.7243055555555558
2012-11-06,439,-16,224049650,3.373333333333334
2012-11-06,439,-17,224061430,0.78458333333333341
2012-11-06,439,-22,224012280,9.6702777777777769
2012-11-06,439,-21,224012280,4.2968055555555562
2012-11-06,439,-17,224176380,0.50194444444444442
2012-11-06,439,-16,224176380,0.54819444444444443
2012-11-06,695,24,251463000,0.56097222222222221
2012-11-06,695,179,257034840,3.1019444444444444
2012-11-06,695,180,257034840,1.5479166666666666
2012-11-06,695,180,257180000,2.7505555555555556
2012-11-06,695,28,251756000,2.9193055555555554
2012-11-06,-329,-358,224160000,1.2468055555555555
2012-11-06,-329,-355,224160000,1.9834722222222223
2012-11-06,-329,-357,224160000,0.77250000000000008
2012-11-06,-329,350,440989000,0.89722222222222225
2012-11-06,-329,-247,224558000,1.3338888888888889
2012-11-06,-73,-1539,440298000,1.9883333333333335
2012-11-06,-73,-1540,440298000,1.92125
2012-11-06,-73,-1556,441084000,11.854305555555555
2012-11-06,-73,-266,224261000,0.71902777777777782
2012-11-06,-73,-1645,416004248,1.542777777777778
2012-11-06,-73,-207,440813000,3.4022222222222225
2012-11-06,-73,-1543,440045000,1.59875
2012-11-06,-73,-1545,440045000,1.2609722222222222
2012-11-06,-73,-1544,440045000,1.87875
2012-11-06,-73,-273,224545000,1.32375
2012-11-06,-73,-270,224545000,2.7290277777777776
2012-11-06,-73,-272,224545000,2.7068055555555555
2012-11-06,-73,-214,441057000,2.0154166666666669
2012-11-06,440,-16,224104960,0.55041666666666667
2012-11-06,440,-74,224047360,3.4526388888888886
2012-11-06,440,-76,224047360,4.4255555555555555
2012-11-06,440,-75,224047360,4.4741666666666653
2012-11-06,440,-80,224047360,0.30236111111111108
2012-11-06,440,-78,224047360,0.75
2012-11-06,440,-77,224047360,1.9018055555555555
2012-11-06,440,-79,224047360,1.6991666666666667
2012-11-06,440,-17,224004870,0.49041666666666672
2012-11-06,440,-16,224004870,2.9084722222222226
2012-11-06,440,-16,224086790,5.3830555555555559
2012-11-06,440,136,247081740,3.799722222222222
2012-11-06,440,135,247081740,0.525
2012-11-06,440,137,247081740,0.73430555555555554
2012-11-06,440,-16,224085260,3.7351388888888888
2012-11-06,440,-16,224136470,3.3970833333333332
2012-11-06,440,128,247084310,2.8008333333333333
2012-11-06,440,129,247084310,0.80083333333333329
2012-11-06,440,-82,224086550,0.97430555555555554
2012-11-06,440,-84,224086550,1.4245833333333335
2012-11-06,440,-85,224086550,0.70055555555555549
2012-11-06,440,-83,224086550,1.4505555555555556
2012-11-06,440,-16,224018460,3.3973611111111106
2012-11-06,440,128,247083560,0.79986111111111113
2012-11-06,440,128,247156780,1.3250000000000002
2012-11-06,440,127,247156780,1.5502777777777776
2012-11-06,440,-75,224926000,2.5506944444444439
2012-11-06,440,-76,224926000,1.26375
2012-11-06,440,-74,224926000,2.8493055555555551
2012-11-06,440,135,247051830,2.3005555555555555
2012-11-06,440,136,247051830,4.14861111111111
2012-11-06,440,138,247051830,2.1991666666666667
2012-11-06,440,137,247051830,1.40125
2012-11-06,440,-16,224100920,1.71
2012-11-06,440,-17,224040260,2.5370833333333334
2012-11-06,440,-16,224103750,1.0480555555555555
2012-11-06,440,130,247082320,1.2495833333333333
2012-11-06,440,129,247082320,2.1052777777777778
2012-11-06,440,-16,224103760,1.3436111111111113
2012-11-06,440,128,247083860,3.1362499999999995
2012-11-06,440,-86,224111190,2.3504166666666668
2012-11-06,440,-85,224111190,2.92625
2012-11-06,440,-16,224010590,1.9997222222222224
2012-11-06,440,-16,224033380,3.399027777777778
2012-11-06,440,-16,224046190,0.85111111111111115
2012-11-06,440,-16,224004720,1.201111111111111
2012-11-06,440,-16,224102000,1.50875
2012-11-06,440,-16,224086130,2.5611111111111113
2012-11-06,440,-16,224012660,0.49833333333333329
2012-11-06,440,-16,224104820,0.5525
2012-11-06,440,-16,224134520,3.3990277777777784
2012-11-06,440,-16,224052350,2.3515277777777781
2012-11-06,440,-17,224052350,0.75722222222222224
2012-11-06,440,-16,224056190,2.9101388888888895
2012-11-06,440,-16,224050560,2.2988888888888894
2012-11-06,440,129,247070850,3.1322222222222225
2012-11-06,440,130,247070850,2.7741666666666664
2012-11-06,440,128,247070850,1.3166666666666667
2012-11-06,440,-16,224029830,1.5509722222222224
2012-11-06,440,-16,224052360,4.6495833333333341
2012-11-06,440,-17,224074890,1.3480555555555558
2012-11-06,440,-16,224074890,2.6584722222222221
2012-11-06,440,-16,224050570,2.0976388888888891
2012-11-06,440,-15,228019600,1.4505555555555556
2012-11-06,440,-17,224157840,0.24972222222222223
2012-11-06,440,-16,224157840,3.3494444444444449
2012-11-06,440,-16,224093330,1.2602777777777778
2012-11-06,440,-17,224093330,0.54930555555555549
2012-11-06,440,-76,224259220,0.88763888888888887
2012-11-06,440,-75,224259220,0.46791666666666665
2012-11-06,440,-16,224004770,2.3008333333333333
2012-11-06,440,-17,224004770,0.5
2012-11-06,440,-16,224128930,2.4234722222222222
2012-11-06,440,-17,224128930,1.050138888888889
2012-11-06,440,-16,224019620,3.885
2012-11-06,440,-16,224088740,2.7013888888888893
2012-11-06,440,-15,227897000,0.22527777777777777
2012-11-06,440,-17,224006570,0.25055555555555553
2012-11-06,440,-22,224192170,1.5502777777777779
2012-11-06,440,-21,224192170,5.5834722222222233
2012-11-06,440,-16,224139180,2.5984722222222221
2012-11-06,440,-16,224075180,1.399027777777778
2012-11-06,440,-74,224097970,1.7001388888888889
2012-11-06,440,-77,224097970,1.4738888888888888
2012-11-06,440,-73,224097970,0.24986111111111112
2012-11-06,440,-75,224097970,1.5505555555555555
2012-11-06,440,-76,224097970,1.7008333333333334
2012-11-06,440,-16,224075190,2.0841666666666665
2012-11-06,440,-17,224075190,0.24958333333333332
2012-11-06,440,-16,224291000,0.79916666666666669
2012-11-06,440,130,247071930,2.9509722222222226
2012-11-06,440,129,247071930,9.404722222222226
2012-11-06,440,128,247071930,1.2991666666666668
2012-11-06,440,-81,224136380,1.3490277777777777
2012-11-06,440,-16,224004800,2.2505555555555556
2012-11-06,440,-17,224004800,0.50055555555555553
2012-11-06,440,-16,224063680,0.54916666666666669
2012-11-06,440,-17,224063680,3.2750000000000004
2012-11-06,440,-16,224004810,3.2470833333333333
2012-11-06,440,129,247070670,3.4836111111111112
2012-11-06,440,130,247070670,1.0495833333333333
2012-11-06,440,128,247070670,3.7505555555555565
2012-11-06,440,-23,224290000,2.0994444444444444
2012-11-06,440,-16,224059860,2.0084722222222222
2012-11-06,440,-16,224104150,2.3480555555555558
2012-11-06,440,-17,224069850,2.3011111111111111
2012-11-06,440,-15,227436000,0.3009722222222222
2012-11-06,440,-16,224460000,3.1726388888888888
2012-11-06,440,-16,224101860,3.0333333333333328
2012-11-06,440,-21,224057830,0.39902777777777776
2012-11-06,440,-22,224010730,0.90083333333333337
2012-11-06,440,-21,224010730,5.2884722222222234
2012-11-06,440,-16,224052460,2.1493055555555554
2012-11-06,440,-16,224005870,1.2993055555555557
2012-11-06,440,-16,224087790,3.5498611111111109
2012-11-06,440,-16,224073460,2.5965277777777778
2012-11-06,440,-16,224061430,2.82125
2012-11-06,440,-22,224012280,5.1752777777777776
2012-11-06,440,-16,224086780,4.1495833333333332
2012-11-06,440,-16,224176380,4.0495833333333335
2012-11-06,696,175,257171020,1.3998611111111112
2012-11-06,696,173,257105740,0.37972222222222218
2012-11-06,696,175,257135500,0.45138888888888895
2012-11-06,696,173,257135500,0.57444444444444442
2012-11-06,696,174,257135500,1.9508333333333336
2012-11-06,696,133,258306000,0.425
2012-11-06,696,89,259447000,0.45916666666666667
2012-11-06,696,90,259447000,0.22944444444444445
2012-11-06,696,88,259447000,0.71541666666666659
2012-11-06,-328,-362,224160000,1.8954166666666665
2012-11-06,-328,-248,224558000,1.9348611111111111
2012-11-06,-72,-1540,440298000,1.8787500000000001
2012-11-06,-72,-1541,440298000,1.7347222222222221
2012-11-06,-72,127,441295000,0.91486111111111112
2012-11-06,-72,-1645,416004248,4.4934722222222216
2012-11-06,441,137,247081740,4.1072222222222221
2012-11-06,441,135,247081740,1.9004166666666666
2012-11-06,441,-14,227315980,7.2006944444444443
2012-11-06,441,-1250,366969620,2.6743055555555548
2012-11-06,441,126,247156780,1.0243055555555554
2012-11-06,441,136,247051830,0.45097222222222222
2012-11-06,441,135,247051830,1.8506944444444444
2012-11-06,441,139,247051830,1.4981944444444446
2012-11-06,441,129,247071050,0.24986111111111112
2012-11-06,441,128,247071050,0.49972222222222223
2012-11-06,441,129,247082320,1.0009722222222222
2012-11-06,441,-86,224111190,1.8697222222222221
2012-11-06,441,-85,224111190,1.1548611111111111
2012-11-06,441,-16,224102000,0.24958333333333332
2012-11-06,441,-15,228019600,1.8258333333333332
2012-11-06,441,-22,224137880,0.45041666666666669
2012-11-06,441,-15,227897000,2.5004166666666667
2012-11-06,441,-21,224192170,7.8270833333333343
2012-11-06,441,128,247071930,2.0670833333333332
2012-11-06,441,127,247071930,1.7818055555555554
2012-11-06,441,-15,227981000,0.62527777777777782
2012-11-06,441,-14,227981000,1.1997222222222224
2012-11-06,441,127,247070670,6.1218055555555546
2012-11-06,441,126,247070670,1.0245833333333334
2012-11-06,441,128,247070670,0.52819444444444441
2012-11-06,441,-15,227436000,1.8015277777777778
2012-11-06,441,-1250,366738920,3.2815277777777778
2012-11-06,441,-1251,366738920,0.21527777777777779
2012-11-06,441,-21,224010730,2.2481944444444442
2012-11-06,441,-22,224012280,0.7
2012-11-06,441,-21,224012280,1.2498611111111111
2012-11-06,441,126,247070970,0.25013888888888891
2012-11-06,697,175,257171020,0.25
2012-11-06,697,174,257105740,0.22527777777777777
2012-11-06,697,172,257105740,0.27972222222222221
2012-11-06,697,173,257105740,0.67875
2012-11-06,697,167,257154440,0.2326388888888889
2012-11-06,697,168,257154440,0.22513888888888889
2012-11-06,697,166,257154440,5.9001388888888888
2012-11-06,697,174,257135500,2.8775
2012-11-06,697,111,258330000,5.8433333333333328
2012-11-06,697,88,259311000,4.7744444444444447
2012-11-06,697,88,258381000,0.27152777777777776
2012-11-06,697,87,258381000,3.6901388888888889
2012-11-06,697,98,258306000,1.1194444444444445
2012-11-06,697,97,258306000,0.54388888888888887
2012-11-06,697,91,259447000,0.52069444444444435
2012-11-06,697,96,259447000,0.41416666666666668
2012-11-06,697,92,259447000,0.27333333333333332
2012-11-06,697,87,259447000,0.43902777777777774
2012-11-06,697,88,259447000,0.48291666666666672
2012-11-06,697,95,259447000,0.22125
2012-11-06,-327,351,440989000,1.5470833333333334
2012-11-06,-71,-1639,416004248,9.1926388888888884
2012-11-06,442,135,247081740,3.5065277777777775
2012-11-06,442,-578,316007950,10.621388888888887
2012-11-06,442,-1250,366969620,1.2941666666666667
2012-11-06,442,138,247051830,1.29875
2012-11-06,442,139,247051830,0.80861111111111106
2012-11-06,442,137,247051830,1.0745833333333334
2012-11-06,442,136,247051830,1.025
2012-11-06,442,130,247071050,2.0516666666666667
2012-11-06,442,129,247071050,4.6501388888888879
2012-11-06,442,130,247071060,0.25
2012-11-06,442,-15,228133000,5.1008333333333331
2012-11-06,442,-15,228019600,1.8988888888888888
2012-11-06,442,-22,224137880,1.2226388888888888
2012-11-06,442,-15,227439000,5.37375
2012-11-06,442,-15,227897000,4.9906944444444443
2012-11-06,442,-21,224192170,2.0505555555555555
2012-11-06,442,-22,224192170,0.49944444444444447
2012-11-06,442,-1250,367479750,2.951944444444444
2012-11-06,442,-1251,367479750,0.43375
2012-11-06,442,-14,227981000,1.3802777777777777
2012-11-06,442,127,247070670,0.27513888888888888
2012-11-06,442,126,247070670,1.2733333333333334
2012-11-06,442,-15,228110800,0.87416666666666676
2012-11-06,442,1367,273810400,12.51138888888889
2012-11-06,442,-15,228005600,4.4233333333333338
2012-11-06,442,-14,227436000,0.32513888888888887
2012-11-06,442,-15,227436000,3.9515277777777778
2012-11-06,442,-15,227308000,1.3559722222222221
2012-11-06,442,-1250,366738920,6.2502777777777778
2012-11-06,442,-21,224010730,0.57472222222222225
2012-11-06,442,-22,224012280,5.1513888888888886
2012-11-06,442,125,247070970,2.3718055555555551
2012-11-06,442,126,247070970,1.5433333333333334
2012-11-06,698,94,258217000,1.6344444444444444
2012-11-06,698,172,257105740,0.77458333333333329
2012-11-06,698,166,257154440,0.6825
2012-11-06,698,97,259447000,0.20736111111111111
2012-11-06,698,100,259447000,0.23194444444444445
2012-11-06,698,99,259447000,0.22999999999999998
2012-11-06,698,98,259447000,0.43944444444444442
2012-11-06,-326,352,440989000,7.5651388888888889
2012-11-06,-326,-247,224558000,4.9440277777777775
2012-11-06,-70,1595,416002374,4.9459722222222222
2012-11-06,-70,1596,416002374,9.7879166666666659
2012-11-06,-70,1598,416002374,1.1297222222222223
2012-11-06,-70,1597,416002374,2.3820833333333331
2012-11-06,-70,-1314,773000,12.670833333333334
2012-11-06,-70,413,258051000,2.395833333333333
2012-11-06,-70,412,258051000,2.0948611111111113
2012-11-06,-70,-1564,441483000,1.9997222222222222
2012-11-06,-70,-1566,441483000,2.5998611111111112
2012-11-06,-70,-1565,441483000,2.399861111111111
2012-11-06,443,130,247071060,1.5515277777777778
2012-11-06,443,-15,228133000,4.03375
2012-11-06,443,-15,228019600,1.6955555555555557
2012-11-06,443,-23,224137880,0.27236111111111111
2012-11-06,443,-22,224137880,0.2038888888888889
2012-11-06,443,-15,227439000,3.5361111111111119
2012-11-06,443,-14,227897000,3.4818055555555558
2012-11-06,443,-22,224192170,1.5994444444444444
2012-11-06,443,-15,227310000,1.4943055555555556
2012-11-06,443,-1250,367479750,0.86125
2012-11-06,443,-1249,367479750,2.4
2012-11-06,443,-14,227981000,2.2561111111111112
2012-11-06,443,-15,228110800,8.44027777777778
2012-11-06,443,-15,228951000,1.9033333333333333
2012-11-06,443,-14,228951000,1.5118055555555556
2012-11-06,443,-14,228005600,1.3744444444444446
2012-11-06,443,-15,228005600,5.2351388888888888
2012-11-06,443,-15,227436000,4.8506944444444446
2012-11-06,443,-15,227308000,0.37472222222222223
2012-11-06,443,125,247070970,10.231388888888889
2012-11-06,699,172,257105740,2.8097222222222218
2012-11-06,699,171,257105740,1.3868055555555556
2012-11-06,-325,352,440989000,1.17375
2012-11-06,-69,1597,416002374,1.5890277777777779
2012-11-06,-69,413,258051000,2.4133333333333331
2012-11-06,-69,410,258051000,2.2426388888888891
2012-11-06,-69,414,258051000,3.7533333333333339
2012-11-06,-69,-1548,440919000,1.7127777777777777
2012-11-06,-69,-1550,440919000,1.888611111111111
2012-11-06,-69,-1561,441483000,1.8998611111111112
2012-11-06,-69,-1562,441483000,1.3751388888888889
2012-11-06,-69,-1563,441483000,1.5752777777777778
2012-11-06,188,1510,431935000,3.7251388888888886
2012-11-06,444,-14,227315980,11.306944444444444
2012-11-06,444,138,247082520,1.2431944444444443
2012-11-06,444,136,247082560,0.22666666666666666
2012-11-06,444,130,247082560,0.45069444444444445
2012-11-06,444,138,247082560,0.20833333333333334
2012-11-06,444,131,247082560,1.5118055555555554
2012-11-06,444,135,247082580,0.22027777777777779
2012-11-06,444,138,247082580,0.89625
2012-11-06,444,137,247082580,1.5481944444444444
2012-11-06,444,136,247082580,0.23166666666666669
2012-11-06,444,-15,228133000,4.631388888888889
2012-11-06,444,-15,228101000,4.7758333333333338
2012-11-06,444,-14,228101000,1.4497222222222224
2012-11-06,444,-15,228019600,1.7206944444444443
2012-11-06,444,-23,224137880,0.64902777777777776
2012-11-06,444,-15,227439000,4.6783333333333337
2012-11-06,444,-14,227897000,1.3251388888888886
2012-11-06,444,-15,227310000,6.9379166666666672
2012-11-06,444,-1249,367479750,2.7606944444444448
2012-11-06,444,-14,227981000,0.3248611111111111
2012-11-06,444,-15,227981000,1.22375
2012-11-06,444,-15,228110800,10.216527777777777
2012-11-06,444,-14,228951000,2.9047222222222224
2012-11-06,444,-15,228951000,14.545277777777779
2012-11-06,444,1367,273810400,11.817916666666667
2012-11-06,444,-15,228005600,4.49375
2012-11-06,444,-14,228005600,0.52513888888888882
2012-11-06,444,-15,227436000,2.4008333333333334
2012-11-06,444,-14,227436000,0.80055555555555558
2012-11-06,444,-15,227308000,3.4919444444444441
2012-11-06,444,-14,227308000,1.1297222222222223
2012-11-06,444,125,247070970,0.83249999999999991
2012-11-06,700,98,258217000,0.22736111111111112
2012-11-06,700,170,257105740,3.4469444444444441
2012-11-06,-324,353,440989000,1.8618055555555557
2012-11-06,-68,-268,224308000,0.52083333333333337
2012-11-06,-68,-269,224308000,0.80791666666666673
2012-11-06,-68,410,258051000,1.9231944444444444
2012-11-06,-68,408,258051000,2.2743055555555554
2012-11-06,-68,407,258051000,0.77625
2012-11-06,-68,-1561,441483000,1.7755555555555556
2012-11-06,189,1509,431935000,2.3572222222222221
2012-11-06,189,1511,431935000,3.4025
2012-11-06,445,137,247082520,3.1302777777777782
2012-11-06,445,138,247082520,0.64291666666666658
2012-11-06,445,134,247082520,0.43027777777777776
2012-11-06,445,135,247082520,1.23875
2012-11-06,445,136,247082520,5.9154166666666663
2012-11-06,445,138,247082560,0.6497222222222222
2012-11-06,445,134,247082560,1.297638888888889
2012-11-06,445,131,247082560,0.64541666666666664
2012-11-06,445,137,247082560,1.4834722222222223
2012-11-06,445,132,247082560,1.5654166666666667
2012-11-06,445,135,247082560,2.19375
2012-11-06,445,136,247082560,1.5274999999999999
2012-11-06,445,133,247082560,1.7455555555555555
2012-11-06,445,136,247082580,1.5151388888888886
2012-11-06,445,135,247082580,1.1823611111111112
2012-11-06,445,132,247082580,0.883888888888889
2012-11-06,445,130,247082580,0.42347222222222225
2012-11-06,445,137,247082580,0.45999999999999996
2012-11-06,445,131,247082580,2.4608333333333339
2012-11-06,445,-15,228133000,3.0006944444444441
2012-11-06,445,-15,228101000,8.2333333333333325
2012-11-06,445,-15,227439000,2.5266666666666664
2012-11-06,445,-15,227310000,9.7581944444444435
2012-11-06,445,-15,227981000,1.2244444444444444
2012-11-06,445,-14,227981000,0.37472222222222223
2012-11-06,445,-15,228110800,2.1613888888888888
2012-11-06,445,-15,228951000,2.2125000000000004
2012-11-06,445,-14,228951000,0.94986111111111116
2012-11-06,445,-15,228005600,1.2047222222222222
2012-11-06,445,-14,228005600,1.8747222222222222
2012-11-06,445,-15,227308000,4.5054166666666671
2012-11-06,701,171,258520000,1.5598611111111111
2012-11-06,-67,-268,224308000,0.47819444444444448
2012-11-06,-67,1579,416226700,3.6480555555555556
2012-11-06,-67,407,258051000,0.87638888888888888
2012-11-06,-67,409,258051000,1.7158333333333333
2012-11-06,-67,406,258051000,1.5043055555555556
2012-11-06,-67,408,258051000,1.8729166666666668
2012-11-06,-67,-1561,441483000,1.8745833333333333
2012-11-06,190,1509,431935000,0.76805555555555549
2012-11-06,190,1510,431935000,0.875
2012-11-06,446,135,247082520,1.41
2012-11-06,446,136,247082520,1.2159722222222222
2012-11-06,446,134,247082520,2.4513888888888888
2012-11-06,446,135,247082560,2.3011111111111111
2012-11-06,446,134,247082560,2.2008333333333336
2012-11-06,446,136,247082560,1.0956944444444443
2012-11-06,446,136,247082580,1.7641666666666669
2012-11-06,446,135,247082580,2.6891666666666669
2012-11-06,446,134,247082580,3.8177777777777782
2012-11-06,446,133,247082580,1.0973611111111112
2012-11-06,446,132,247082580,0.43680555555555556
2012-11-06,446,-15,228101000,0.84930555555555554
2012-11-06,446,-564,361001100,9.1359722222222217
2012-11-06,446,-563,361001100,6.1229166666666668
2012-11-06,446,-15,227310000,4.8512499999999994
2012-11-06,446,-15,227981000,2.33875
2012-11-06,446,-21,227479000,28.805
2012-11-06,446,-14,228005600,1.5748611111111113
2012-11-06,446,-15,227308000,5.7775
2012-11-06,-66,-1661,412679180,5.466388888888889
2012-11-06,-66,-268,224308000,1.2922222222222222
2012-11-06,-66,1580,416226700,1.625
2012-11-06,-66,-1565,441483000,0.9
2012-11-06,-66,-1570,441483000,3.2998611111111114
2012-11-06,-66,-1564,441483000,1
2012-11-06,-66,-1566,441483000,0.80027777777777787
2012-11-06,-66,-1567,441483000,0.9752777777777778
2012-11-06,-66,-1561,441483000,1.7995833333333333
2012-11-06,191,1508,431935000,0.90416666666666667
2012-11-06,191,1507,431935000,1.3751388888888889
2012-11-06,191,1502,431935000,3.825
2012-11-06,191,-923,345080500,10.675277777777779
2012-11-06,447,-16,224002820,0.29986111111111113
2012-11-06,447,135,247082520,2.411111111111111
2012-11-06,447,-17,224265000,0.44458333333333333
2012-11-06,447,-16,224187770,0.40541666666666665
2012-11-06,447,-563,361001100,7.1548611111111109
2012-11-06,447,-562,361001100,1.7525
2012-11-06,447,-16,224185000,0.47666666666666668
2012-11-06,447,-14,228249000,14.354166666666664
2012-11-06,447,-15,227310000,1.0630555555555556
2012-11-06,447,-14,227875000,12.492638888888886
2012-11-06,447,-15,227981000,3.5788888888888892
2012-11-06,447,-15,227320540,10.7025
2012-11-06,447,-15,228005600,1.2533333333333334
2012-11-06,447,-14,228005600,1.9319444444444445
2012-11-06,703,320,257147920,4.6347222222222229
2012-11-06,703,182,259378000,1.5581944444444444
2012-11-06,703,181,259365000,1.6279166666666667
2012-11-06,703,178,259365000,1.5375
2012-11-06,-321,354,440989000,1.86625
2012-11-06,-321,510,440641000,0.68708333333333327
2012-11-06,-321,508,440641000,0.82930555555555552
2012-11-06,-65,-1776,529413000,2.7491666666666665
2012-11-06,-65,1573,416226700,1.5750000000000002
2012-11-06,-65,1580,416226700,1.6501388888888888
2012-11-06,-65,1575,416226700,3.7001388888888886
2012-11-06,-65,123,441295000,1.7027777777777779
2012-11-06,-65,-222,441060000,1.7805555555555554
2012-11-06,-65,-221,441060000,6.9583333333333339
2012-11-06,-65,-228,441060000,1.7822222222222222
2012-11-06,-65,-210,440813000,1.5862500000000002
2012-11-06,-65,-209,440813000,5.4719444444444445
2012-11-06,-65,-209,441057000,4.6111111111111107
2012-11-06,448,-16,224002820,4.325
2012-11-06,448,-14,227317000,1.5502777777777779
2012-11-06,448,-15,227317000,3.2477777777777783
2012-11-06,448,-16,224181000,2.8977777777777782
2012-11-06,448,-586,316007950,6.56625
2012-11-06,448,-15,228223000,6.0273611111111105
2012-11-06,448,-17,224404000,0.32597222222222222
2012-11-06,448,-16,224404000,2.8730555555555553
2012-11-06,448,-16,224052000,6.3943055555555546
2012-11-06,448,-15,227860000,5.7576388888888888
2012-11-06,448,-16,224265000,3.6068055555555554
2012-11-06,448,-17,224265000,0.49444444444444446
2012-11-06,448,-16,224169000,2.82375
2012-11-06,448,-17,224169000,1.076111111111111
2012-11-06,448,133,247120430,1.4906944444444443
2012-11-06,448,133,247053620,1.7169444444444442
2012-11-06,448,-15,227410000,6.5293055555555561
2012-11-06,448,-16,228178000,8.502083333333335
2012-11-06,448,-16,224099940,4.6309722222222227
2012-11-06,448,-17,224099940,0.74847222222222221
2012-11-06,448,-16,224187770,8.67597222222222
2012-11-06,448,-17,224187770,1.3244444444444443
2012-11-06,448,133,247052930,0.68486111111111114
2012-11-06,448,133,247054210,0.90625
2012-11-06,448,-15,228133000,2.1308333333333334
2012-11-06,448,-15,227866000,7.7591666666666663
2012-11-06,448,-15,227439000,2.1033333333333335
2012-11-06,448,-16,224185000,1.6004166666666666
2012-11-06,448,-14,228249000,7.857916666666668
2012-11-06,448,-14,227875000,2.9838888888888886
2012-11-06,448,-15,227981000,3.2691666666666666
2012-11-06,448,-15,228854000,3.2994444444444446
2012-11-06,448,-14,228854000,1.5752777777777778
2012-11-06,448,-16,224139000,2.524027777777778
2012-11-06,704,320,257147920,4.675
2012-11-06,704,319,257147920,4.7555555555555555
2012-11-06,704,312,257548600,1.5656944444444445
2012-11-06,704,311,257548600,3.1006944444444442
2012-11-06,704,187,259378000,1.5526388888888887
2012-11-06,704,182,259378000,2.4041666666666668
2012-11-06,704,180,259365000,4.7527777777777773
2012-11-06,704,187,259365000,1.5333333333333332
2012-11-06,704,184,259365000,1.6166666666666667
2012-11-06,704,427,273212600,1.0591666666666666
2012-11-06,704,428,273212600,3.9690277777777778
2012-11-06,704,426,273212600,0.7780555555555555
2012-11-06,704,433,273212600,1.5640277777777778
2012-11-06,704,430,273212600,1.6220833333333333
2012-11-06,-64,-267,224308000,1.1802777777777778
2012-11-06,-64,-1776,529413000,2.7059722222222224
2012-11-06,-64,-266,224261000,1.7116666666666667
2012-11-06,-64,1580,416226700,0.94875000000000009
2012-11-06,-64,123,441295000,5.980833333333333
2012-11-06,-64,122,441295000,2.81
2012-11-06,193,1504,431935000,2.9072222222222219
2012-11-06,193,1502,431935000,1.64375
2012-11-06,193,1503,431935000,0.94611111111111112
2012-11-06,193,-183,228967000,4.424722222222222
2012-11-06,449,-16,224002820,4.5129166666666665
2012-11-06,449,-17,224002820,2.6388888888888888
2012-11-06,449,-15,227317000,5.0302777777777781
2012-11-06,449,-14,227317000,0.37513888888888891
2012-11-06,449,-16,224181000,4.2873611111111121
2012-11-06,449,-587,316007950,0.8025
2012-11-06,449,-15,228223000,8.5743055555555543
2012-11-06,449,-17,224404000,1.6147222222222224
2012-11-06,449,-15,224404000,0.50180555555555562
2012-11-06,449,-16,224404000,4.2051388888888885
2012-11-06,449,-17,224052000,2.399861111111111
2012-11-06,449,-16,224052000,5.3044444444444441
2012-11-06,449,-15,227860000,6.9776388888888894
2012-11-06,449,-17,224265000,0.935
2012-11-06,449,-16,224265000,6.1876388888888876
2012-11-06,449,-17,224361000,0.37569444444444444
2012-11-06,449,-16,224361000,0.47500000000000003
2012-11-06,449,-16,224169000,4.0331944444444439
2012-11-06,449,-17,224169000,3.7473611111111111
2012-11-06,449,-17,224105000,0.47555555555555556
2012-11-06,449,132,247120430,6.8284722222222225
2012-11-06,449,133,247120430,5.2443055555555542
2012-11-06,449,132,247053620,6.2625
2012-11-06,449,133,247053620,5.4631944444444445
2012-11-06,449,128,247142730,1.7719444444444448
2012-11-06,449,131,247142730,1.3105555555555555
2012-11-06,449,130,247142730,0.67402777777777778
2012-11-06,449,127,247142730,1.0936111111111111
2012-11-06,449,-15,227410000,6.2509722222222219
2012-11-06,449,-16,224594000,0.57444444444444442
2012-11-06,449,-17,224594000,0.29986111111111113
2012-11-06,449,-16,228178000,4.7143055555555549
2012-11-06,449,-16,224099940,4.86125
2012-11-06,449,-17,224099940,1.95625
2012-11-06,449,-16,224315000,0.92388888888888887
2012-11-06,449,-16,224187770,1.3984722222222223
2012-11-06,449,-17,224187770,8.5327777777777776
2012-11-06,449,132,247052930,7.4608333333333325
2012-11-06,449,133,247052930,7.2993055555555539
2012-11-06,449,132,247054210,5.9823611111111106
2012-11-06,449,133,247054210,6.0254166666666666
2012-11-06,449,-15,228133000,1.7286111111111113
2012-11-06,449,132,247051920,1.5654166666666667
2012-11-06,449,-15,227866000,7.1036111111111113
2012-11-06,449,-15,227802000,2.6322222222222225
2012-11-06,449,-15,227439000,1.9005555555555556
2012-11-06,449,-16,224185000,1.9265277777777778
2012-11-06,449,-15,227981000,0.82291666666666663
2012-11-06,449,-14,227981000,0.67375
2012-11-06,449,-15,228854000,4.8251388888888886
2012-11-06,449,-14,228854000,0.42347222222222225
2012-11-06,449,-16,224139000,4.80611111111111
2012-11-06,705,309,257548600,1.5483333333333333
2012-11-06,705,310,257548600,1.5568055555555556
2012-11-06,705,190,259378000,3.9375
2012-11-06,705,192,259378000,7.85986111111111
2012-11-06,705,188,259378000,1.5652777777777778
2012-11-06,705,190,259365000,1.5444444444444445
2012-11-06,705,232,259225000,2.1236111111111109
2012-11-06,705,434,273212600,3.0751388888888886
2012-11-06,705,426,273212600,1.3325
2012-11-06,705,428,273212600,1.5443055555555556
2012-11-06,705,435,273212600,3.9716666666666667
2012-11-06,705,431,273212600,3.1476388888888889
2012-11-06,-319,354,440989000,1.7738888888888891
2012-11-06,-63,-1658,412679180,0.88680555555555562
2012-11-06,-63,-274,224308000,0.92999999999999994
2012-11-06,-63,-1776,529413000,1.6666666666666665
2012-11-06,-63,-1775,529413000,2.612222222222222
2012-11-06,-63,1580,416226700,4.9445833333333331
2012-11-06,-63,-1720,416004242,7.0295833333333331
2012-11-06,-63,-1723,416004242,5.0749999999999993
2012-11-06,-63,123,441295000,4.4298611111111112
2012-11-06,450,-16,224002820,4.0226388888888884
2012-11-06,450,-17,224002820,0.908611111111111
2012-11-06,450,-15,227317000,5.7361111111111107
2012-11-06,450,-16,224181000,3.933472222222222
2012-11-06,450,-13,227312140,20.418055555555551
2012-11-06,450,-15,228223000,2.5630555555555556
2012-11-06,450,-16,224404000,6.17625
2012-11-06,450,-17,224052000,2.9855555555555555
2012-11-06,450,-16,224052000,4.1825
2012-11-06,450,-15,227860000,4.1991666666666667
2012-11-06,450,-16,224265000,5.9780555555555566
2012-11-06,450,-17,224265000,0.77222222222222225
2012-11-06,450,-17,224361000,5.4548611111111116
2012-11-06,450,-16,224361000,2.9994444444444444
2012-11-06,450,-18,224169000,1.1240277777777778
2012-11-06,450,-17,224169000,3.024027777777778
2012-11-06,450,-16,224169000,5.2584722222222213
2012-11-06,450,-16,224105000,3.5388888888888892
2012-11-06,450,-17,224105000,3.2743055555555554
2012-11-06,450,132,247120430,5.9394444444444447
2012-11-06,450,133,247120430,0.45347222222222222
2012-11-06,450,-553,316002350,12.82375
2012-11-06,450,133,247053620,0.44847222222222227
2012-11-06,450,132,247053620,6.5663888888888895
2012-11-06,450,126,247142730,1.4870833333333331
2012-11-06,450,131,247142730,12.198749999999999
2012-11-06,450,127,247142730,2.3916666666666666
2012-11-06,450,-15,227410000,3.9209722222222219
2012-11-06,450,-16,224594000,3.8297222222222222
2012-11-06,450,-17,224594000,3.5586111111111109
2012-11-06,450,-15,227868000,1.7244444444444442
2012-11-06,450,-16,224099940,4.4781944444444441
2012-11-06,450,-17,224099940,2.0634722222222219
2012-11-06,450,-17,224315000,2.4366666666666665
2012-11-06,450,-16,224315000,5.459305555555555
2012-11-06,450,-17,224187770,2.90125
2012-11-06,450,-16,224187770,0.20069444444444445
2012-11-06,450,132,247052930,3.9091666666666667
2012-11-06,450,133,247052930,0.63888888888888884
2012-11-06,450,132,247054210,6.1518055555555557
2012-11-06,450,133,247054210,1.3555555555555556
2012-11-06,450,-15,228133000,0.27486111111111111
2012-11-06,450,132,247051920,3.3227777777777776
2012-11-06,450,-15,227866000,3.159583333333333
2012-11-06,450,-15,227802000,3.3306944444444442
2012-11-06,450,-14,227802000,0.90000000000000013
2012-11-06,450,-506,316111000,3.4629166666666666
2012-11-06,450,-505,316111000,11.644444444444444
2012-11-06,450,-16,224185000,3.986388888888889
2012-11-06,450,131,247075010,3.1984722222222217
2012-11-06,450,132,247075010,3.318055555555556
2012-11-06,450,131,247051980,2.915
2012-11-06,450,132,247051980,3.4480555555555554
2012-11-06,450,-15,227320540,8.399861111111111
2012-11-06,450,-15,228854000,5.577638888888889
2012-11-06,450,-16,224139000,4.2858333333333336
2012-11-06,450,132,247145720,2.8780555555555556
2012-11-06,450,132,247051770,0.89555555555555555
2012-11-06,450,131,247051770,1.9852777777777779
2012-11-06,706,231,257855500,2.1036111111111109
2012-11-06,706,233,257855500,1.5266666666666668
2012-11-06,706,232,257855500,1.3406944444444444
2012-11-06,706,403,273559400,2.3054166666666664
2012-11-06,706,195,259365000,1.5597222222222222
2012-11-06,706,403,273211800,1.5525
2012-11-06,706,231,259225000,1.1945833333333333
2012-11-06,706,232,259225000,1.4768055555555557
2012-11-06,706,426,273212600,1.54
2012-11-06,-62,-1776,529413000,2.0654166666666667
2012-11-06,-62,-1777,529413000,1.8848611111111111
2012-11-06,-62,-266,224261000,1.649027777777778
2012-11-06,-62,1580,416226700,5.4812499999999993
2012-11-06,-62,-1722,416004242,0.8865277777777778
2012-11-06,-62,-1720,416004242,0.8930555555555556
2012-11-06,-62,-1721,416004242,2.9369444444444444
2012-11-06,-62,-1723,416004242,0.78597222222222229
2012-11-06,-62,-1603,440846000,1.8895833333333334
2012-11-06,-62,-1604,440846000,2.7940277777777776
2012-11-06,-62,-1728,520227000,2.7086111111111109
2012-11-06,-62,-1731,520227000,1.7027777777777779
2012-11-06,-62,-1725,520227000,1.7791666666666668
2012-11-06,-62,-1727,520227000,0.86125
2012-11-06,-62,-1734,520227000,2.0773611111111108
2012-11-06,-62,-1720,432365000,1.7556944444444444
2012-11-06,195,1793,431919000,3.5277777777777777
2012-11-06,451,-15,227317000,4.8680555555555554
2012-11-06,451,-16,224181000,1.3741666666666668
2012-11-06,451,-13,227312140,1.1722222222222223
2012-11-06,451,-16,224404000,2.4947222222222218
2012-11-06,451,-16,224265000,0.49944444444444447
2012-11-06,451,-17,224361000,5.0770833333333334
2012-11-06,451,-16,224361000,4.66625
2012-11-06,451,-16,224169000,0.50055555555555553
2012-11-06,451,-16,224105000,2.930277777777778
2012-11-06,451,-17,224105000,4.9272222222222215
2012-11-06,451,-553,316002350,6.5641666666666669
2012-11-06,451,1411,431934000,6.5111111111111111
2012-11-06,451,125,247100470,0.44125000000000003
2012-11-06,451,124,247100470,14.963888888888892
2012-11-06,451,-16,224594000,3.1147222222222224
2012-11-06,451,-17,224594000,4.0058333333333334
2012-11-06,451,-15,227868000,1.2238888888888888
2012-11-06,451,-16,224099940,3.14375
2012-11-06,451,-16,224315000,6.8002777777777768
2012-11-06,451,-17,224315000,2.1777777777777776
2012-11-06,451,-14,227802000,0.6
2012-11-06,451,-15,227802000,3.5479166666666666
2012-11-06,451,-506,316111000,7.6609722222222221
2012-11-06,451,-13,227855000,12.92763888888889
2012-11-06,451,-16,224185000,4.1731944444444444
2012-11-06,451,130,247075010,0.66819444444444442
2012-11-06,451,132,247075010,3.2152777777777777
2012-11-06,451,131,247075010,9.59236111111111
2012-11-06,451,132,247051980,2.2390277777777778
2012-11-06,451,131,247051980,8.0675
2012-11-06,451,-15,227320540,1.5009722222222224
2012-11-06,451,-15,228854000,4.8875
2012-11-06,451,-16,224139000,1.5016666666666665
2012-11-06,451,130,247145720,0.65277777777777768
2012-11-06,451,131,247145720,6.3755555555555556
2012-11-06,451,132,247145720,8.008472222222224
2012-11-06,451,131,247051770,0.31097222222222221
2012-11-06,707,299,259635000,0.91430555555555548
2012-11-06,707,302,259635000,1.5555555555555554
2012-11-06,707,303,259635000,3.1444444444444444
2012-11-06,707,304,259635000,6.38875
2012-11-06,707,404,273559400,2.3306944444444442
2012-11-06,707,403,273559400,3.1140277777777778
2012-11-06,707,195,259365000,1.5708333333333333
2012-11-06,707,192,259365000,1.5581944444444444
2012-11-06,707,404,273211800,1.5595833333333333
2012-11-06,707,403,273211800,5.5205555555555552
2012-11-06,707,312,257531600,6.359861111111111
2012-11-06,-317,-1271,224456000,1.7294444444444441
2012-11-06,-61,1076,525024007,10.919305555555557
2012-11-06,-61,-1658,412679180,0.89527777777777784
2012-11-06,-61,-275,224308000,1.7233333333333332
2012-11-06,-61,-276,224308000,2.771527777777778
2012-11-06,-61,-1777,529413000,0.84722222222222232
2012-11-06,-61,-1775,529413000,2.6094444444444442
2012-11-06,-61,-1776,529413000,1.8744444444444444
2012-11-06,-61,-267,224261000,0.23055555555555554
2012-11-06,-61,-266,224261000,0.90138888888888891
2012-11-06,-61,-1724,416004242,4.7181944444444444
2012-11-06,-61,-1722,416004242,5.0306944444444452
2012-11-06,-61,-1513,441241000,3.3533333333333331
2012-11-06,-61,-1737,520227000,0.91666666666666674
2012-11-06,-61,-1721,432365000,2.7197222222222224
2012-11-06,-61,-1720,432365000,1.3444444444444446
2012-11-06,-61,-1500,440802000,3.6823611111111112
2012-11-06,-61,-1495,440802000,3.1941666666666664
2012-11-06,196,1502,431903000,1.7095833333333332
2012-11-06,196,1791,431919000,1.24
2012-11-06,196,1514,431801000,8.700277777777778
2012-11-06,196,1505,431801000,0.93208333333333337
2012-11-06,452,-14,227424000,6.0065277777777775
2012-11-06,452,-15,227317000,1.0252777777777777
2012-11-06,452,-16,224181000,1.8497222222222223
2012-11-06,452,-16,224404000,2.1801388888888891
2012-11-06,452,-17,224105000,2.234861111111111
2012-11-06,452,-16,224105000,0.47250000000000003
2012-11-06,452,1414,431934000,0.82555555555555549
2012-11-06,452,1413,431934000,1.1223611111111111
2012-11-06,452,-17,224594000,3.1620833333333334
2012-11-06,452,-16,224594000,0.8995833333333334
2012-11-06,452,-16,224099940,2.2006944444444443
2012-11-06,452,-17,224315000,0.77305555555555561
2012-11-06,452,-15,227802000,0.62583333333333335
2012-11-06,452,-16,227802000,1.4497222222222224
2012-11-06,452,-14,227802000,0.35013888888888889
2012-11-06,452,124,247051410,0.23819444444444443
2012-11-06,452,123,247051410,5.3129166666666663
2012-11-06,452,124,247054740,0.42472222222222222
2012-11-06,452,125,247054740,0.42569444444444449
2012-11-06,452,-13,227855000,5.7880555555555553
2012-11-06,452,124,247054750,0.41916666666666669
2012-11-06,452,125,247054750,0.63513888888888892
2012-11-06,452,123,247051940,0.28041666666666665
2012-11-06,452,124,247051940,3.1870833333333337
2012-11-06,452,-15,224185000,1.3747222222222222
2012-11-06,452,-16,224185000,0.49652777777777779
2012-11-06,452,131,247051980,0.23152777777777778
2012-11-06,452,128,247051980,0.87111111111111117
2012-11-06,452,-16,224139000,1.9376388888888889
2012-11-06,452,127,247145720,0.87083333333333335
2012-11-06,708,294,257577500,2.7688888888888896
2012-11-06,708,293,257577500,1.4012499999999999
2012-11-06,708,403,273559400,11.092777777777778
2012-11-06,708,187,259365000,1.54875
2012-11-06,708,182,259365000,3.9684722222222222
2012-11-06,708,403,273211800,3.9572222222222222
2012-11-06,708,404,273211800,1.5569444444444445
2012-11-06,708,221,257589500,1.0926388888888887
2012-11-06,708,222,257589500,9.264166666666668
2012-11-06,-316,-1270,224456000,1.5193055555555555
2012-11-06,-316,-1274,224456000,0.90430555555555558
2012-11-06,-316,-1271,224456000,1.9179166666666667
2012-11-06,-316,-1272,224456000,0.829861111111111
2012-11-06,-316,-1273,224456000,0.87902777777777785
2012-11-06,-60,1076,525024007,3.3513888888888888
2012-11-06,-60,-1658,412679180,0.058333333333333334
2012-11-06,-60,-1779,416004409,0.91333333333333333
2012-11-06,-60,-1780,416004409,1.5015277777777776
2012-11-06,-60,-1782,416004409,1.7986111111111112
2012-11-06,-60,-1781,416004409,1.7877777777777777
2012-11-06,-60,-1776,529413000,1.0254166666666666
2012-11-06,-60,-1775,529413000,1.017222222222222
2012-11-06,-60,-1777,529413000,0.84013888888888888
2012-11-06,-60,-1724,416004242,0.95
2012-11-06,-60,-1513,441241000,1.2829166666666667
2012-11-06,-60,-1518,441241000,2.6706944444444445
2012-11-06,-60,-1601,440846000,2.4811111111111113
2012-11-06,-60,-1737,520227000,2.4747222222222223
2012-11-06,-60,-1734,520227000,1.4455555555555555
2012-11-06,-60,-1735,520227000,0.80680555555555555
2012-11-06,-60,-1736,520227000,1.6877777777777778
2012-11-06,-60,-1719,432365000,0.92097222222222219
2012-11-06,-60,-1721,432365000,0.788888888888889
2012-11-06,-60,-1720,432365000,2.21
2012-11-06,-60,-1498,440802000,1.7622222222222221
2012-11-06,-60,-1499,440802000,1.4220833333333331
2012-11-06,-60,-1497,440802000,3.7430555555555554
2012-11-06,-60,-1494,440802000,1.631388888888889
2012-11-06,197,1502,431903000,1.6370833333333334
2012-11-06,197,1503,431801000,1.6519444444444444
2012-11-06,197,1506,431801000,0.90458333333333329
2012-11-06,197,1504,431801000,0.7943055555555556
2012-11-06,197,1091,412477648,5.4543055555555569
2012-11-06,197,1090,412477648,1.3947222222222222
2012-11-06,453,-15,227317000,1.6255555555555559
2012-11-06,453,-15,224181000,2.4908333333333337
2012-11-06,453,131,247051550,0.87652777777777779
2012-11-06,453,127,247051550,0.89152777777777781
2012-11-06,453,130,247051550,1.3133333333333335
2012-11-06,453,128,247051550,0.45111111111111113
2012-11-06,453,129,247051550,0.22083333333333333
2012-11-06,453,131,247050790,1.3158333333333332
2012-11-06,453,129,247050790,0.21263888888888888
2012-11-06,453,128,247050790,0.88916666666666666
2012-11-06,453,130,247050790,1.3038888888888889
2012-11-06,453,127,247050790,1.1795833333333332
2012-11-06,453,1414,431934000,0.24166666666666664
2012-11-06,453,1413,431934000,0.20194444444444443
2012-11-06,453,127,247050560,0.87944444444444447
2012-11-06,453,131,247050560,1.6923611111111114
2012-11-06,453,130,247050560,1.2993055555555555
2012-11-06,453,129,247050560,0.22222222222222221
2012-11-06,453,130,247051860,1.3272222222222223
2012-11-06,453,127,247051860,0.875
2012-11-06,453,131,247051860,1.5970833333333334
2012-11-06,453,-16,227802000,0.32499999999999996
2012-11-06,453,-15,227802000,0.30013888888888884
2012-11-06,453,130,247051410,1.3438888888888889
2012-11-06,453,127,247051410,0.98347222222222219
2012-11-06,453,128,247051410,1.0716666666666665
2012-11-06,453,131,247051410,1.1475
2012-11-06,453,130,247054740,2.746666666666667
2012-11-06,453,128,247054740,0.6398611111111111
2012-11-06,453,129,247054740,0.4275
2012-11-06,453,130,247054750,3.195
2012-11-06,453,128,247054750,0.42222222222222228
2012-11-06,453,123,247051940,0.44763888888888892
2012-11-06,453,124,247051940,4.3095833333333342
2012-11-06,453,-15,224185000,0.601388888888889
2012-11-06,453,127,247050170,0.52777777777777779
2012-11-06,453,129,247050170,0.22319444444444445
2012-11-06,453,131,247050170,1.5731944444444446
2012-11-06,453,130,247050170,1.1919444444444445
2012-11-06,453,-15,228854000,0.84972222222222227
2012-11-06,453,-16,224139000,0.55
2012-11-06,453,-15,224139000,1.9494444444444443
2012-11-06,453,-17,224139000,1.1902777777777778
2012-11-06,709,294,257577500,0.44722222222222219
2012-11-06,709,293,257577500,1.79875
2012-11-06,709,292,257577500,5.5234722222222228
2012-11-06,709,259,259207000,0.22416666666666668
2012-11-06,709,257,259207000,0.86222222222222233
2012-11-06,709,258,259207000,1.5615277777777776
2012-11-06,709,403,273559400,1.3619444444444444
2012-11-06,709,293,257647500,0.21541666666666667
2012-11-06,709,404,273211800,1.3780555555555556
2012-11-06,709,403,273211800,6.3234722222222217
2012-11-06,709,293,257592500,0.2925
2012-11-06,709,292,257592500,4.31625
2012-11-06,-315,-1277,224456000,1.160277777777778
2012-11-06,-315,-1276,224456000,0.98986111111111108
2012-11-06,-315,-1072,224050000,4.3584722222222219
2012-11-06,-59,-1780,416004409,5.0611111111111118
2012-11-06,-59,-1779,416004409,1.6770833333333333
2012-11-06,-59,-1467,440933000,1.6609722222222221
2012-11-06,-59,-1474,440933000,3.5691666666666664
2012-11-06,-59,-1468,440933000,2.1415277777777777
2012-11-06,-59,-1473,440933000,1.9074999999999998
2012-11-06,-59,-1776,529413000,1.7643055555555556
2012-11-06,-59,-1522,441241000,1.875
2012-11-06,-59,-1513,441241000,1.8262500000000002
2012-11-06,-59,-1520,441241000,1.8418055555555557
2012-11-06,-59,-1734,520227000,1.666666666666667
2012-11-06,-59,-1733,520227000,2.0229166666666663
2012-11-06,-59,-1737,520227000,1.8430555555555554
2012-11-06,-59,-1719,432365000,0.78486111111111112
2012-11-06,-59,-1720,432365000,1.0294444444444444
2012-11-06,-59,-1722,432365000,1.83875
2012-11-06,-59,-1718,432365000,1.849722222222222
2012-11-06,-59,-1494,440802000,1.1997222222222221
2012-11-06,-59,-1497,440802000,2.3472222222222223
2012-11-06,-59,-1495,440802000,2.7113888888888891
2012-11-06,-59,-1493,440802000,0.83777777777777784
2012-11-06,-59,-1497,576363000,1.763611111111111
2012-11-06,-59,-1494,576363000,2.65875
2012-11-06,-59,-1495,576363000,1.9340277777777777
2012-11-06,-59,-1496,576363000,1.4247222222222222
2012-11-06,198,1502,431903000,1.9806944444444445
2012-11-06,198,1503,431903000,3.2581944444444444
2012-11-06,198,1091,3659,4.1679166666666667
2012-11-06,198,1092,3659,8.5941666666666663
2012-11-06,198,1789,431919000,6.0886111111111125
2012-11-06,198,-192,224073650,7.5581944444444442
2012-11-06,454,-15,227317000,0.4752777777777778
2012-11-06,454,-15,224181000,2.2255555555555553
2012-11-06,454,131,247051550,0.63777777777777778
2012-11-06,454,129,247051550,0.42875
2012-11-06,454,130,247051550,0.90208333333333324
2012-11-06,454,130,247050790,0.65541666666666665
2012-11-06,454,129,247050790,0.64861111111111114
2012-11-06,454,131,247050790,0.41791666666666666
2012-11-06,454,131,247050560,0.22236111111111112
2012-11-06,454,130,247050560,1.0838888888888889
2012-11-06,454,131,247051860,1.0679166666666666
2012-11-06,454,129,247051860,0.4225
2012-11-06,454,130,247051860,0.855
2012-11-06,454,130,247051410,1.0881944444444445
2012-11-06,454,131,247051410,0.44152777777777774
2012-11-06,454,129,247051410,0.21861111111111112
2012-11-06,454,-16,224185000,1.4
2012-11-06,454,130,247050170,1.1170833333333334
2012-11-06,454,131,247050170,0.22763888888888889
2012-11-06,454,-15,228854000,0.97444444444444445
2012-11-06,454,-17,224139000,0.6101388888888889
2012-11-06,454,-16,224139000,1.6495833333333332
2012-11-06,710,228,259516000,7.8623611111111114
2012-11-06,710,404,273559400,1.7825
2012-11-06,710,404,273211800,1.7616666666666667
2012-11-06,710,287,259609000,1.2713888888888889
2012-11-06,710,327,257333420,1.54875
2012-11-06,710,228,259576000,3.1083333333333334
2012-11-06,710,229,259576000,3.0927777777777781
2012-11-06,710,227,259576000,6.4225
2012-11-06,-314,-1277,224456000,0.81388888888888877
2012-11-06,-314,-1273,224456000,2.0002777777777778
2012-11-06,-314,-1069,224050000,1.4649999999999996
2012-11-06,-58,-1470,440933000,1.4998611111111111
2012-11-06,-58,-1472,440933000,2.3208333333333333
2012-11-06,-58,-1471,440933000,1.6763888888888889
2012-11-06,-58,-1469,440933000,1.837361111111111
2012-11-06,-58,-1512,441241000,2.2944444444444443
2012-11-06,-58,-1735,520227000,1.7413888888888889
2012-11-06,-58,-1722,432365000,1.1593055555555556
2012-11-06,-58,-1721,432365000,1.013611111111111
2012-11-06,-58,-1720,432365000,0.97916666666666674
2012-11-06,-58,-1493,440802000,0.85388888888888892
2012-11-06,-58,-1496,576363000,1.8243055555555556
2012-11-06,199,1091,3659,4.089722222222222
2012-11-06,199,1092,3659,10.096527777777778
2012-11-06,199,1789,431919000,2.8366666666666669
2012-11-06,199,1503,431801000,3.2656944444444447
2012-11-06,199,1502,431801000,2.0026388888888889
2012-11-06,199,-192,224073650,1.8306944444444444
2012-11-06,455,-16,224185000,0.5
2012-11-06,711,227,259516000,1.5551388888888888
2012-11-06,711,185,259365000,3.9929166666666664
2012-11-06,711,328,257333420,1.54875
2012-11-06,711,253,257155500,6.3104166666666668
2012-11-06,711,223,259576000,0.88236111111111115
2012-11-06,711,227,259576000,1.5470833333333334
2012-11-06,711,228,259576000,4.702638888888889
2012-11-06,711,328,257783500,3.0944444444444446
2012-11-06,711,327,257783500,8.7029166666666669
2012-11-06,711,329,257783500,7.8630555555555564
2012-11-06,-313,-1274,224456000,4.0551388888888891
2012-11-06,-313,-1278,224456000,0.77041666666666664
2012-11-06,-313,-1069,224050000,0.78180555555555553
2012-11-06,-313,-1071,224050000,4.2511111111111113
2012-11-06,-313,-1068,224050000,0.78027777777777774
2012-11-06,-313,-1070,224050000,1.0701388888888888
2012-11-06,-57,-1666,529414000,1.1356944444444446
2012-11-06,-57,-1468,440933000,1.6294444444444443
2012-11-06,-57,-249,440345000,9.0025
2012-11-06,-57,-1512,441241000,1.7134722222222223
2012-11-06,-57,-1516,441241000,2.6191666666666666
2012-11-06,-57,-1514,441241000,2.8906944444444442
2012-11-06,-57,-1513,441241000,1.411111111111111
2012-11-06,-57,-1720,432365000,1.6845833333333331
2012-11-06,-57,-1498,576363000,3.5876388888888888
2012-11-06,-57,-1497,576363000,0.9125
2012-11-06,-57,-1496,576363000,3.1897222222222226
2012-11-06,200,1102,413460230,1.7427777777777778
2012-11-06,200,-189,431038000,1.6936111111111112
2012-11-06,200,-193,431038000,4.320555555555555
2012-11-06,200,-191,431038000,1.7204166666666667
2012-11-06,200,-188,431038000,1.9458333333333333
2012-11-06,200,-192,431038000,2.7513888888888891
2012-11-06,200,-190,431038000,2.1516666666666664
2012-11-06,200,-191,224073650,3.0588888888888888
2012-11-06,456,1380,273445180,17.925833333333333
2012-11-06,456,-16,227311840,12.603194444444444
2012-11-06,712,231,257009000,4.4180555555555552
2012-11-06,712,438,273415090,6.3048611111111112
2012-11-06,712,437,273415090,3.1861111111111109
2012-11-06,712,418,273517500,12.62611111111111
2012-11-06,712,222,259576000,0.23833333333333334
2012-11-06,712,221,259576000,0.67472222222222222
2012-11-06,712,422,273297100,5.4702777777777776
2012-11-06,712,425,273440730,19.699583333333333
2012-11-06,-312,-1276,224456000,4.3736111111111109
2012-11-06,-312,-1278,224456000,1.4288888888888889
2012-11-06,-312,-1069,224050000,1.1044444444444443
2012-11-06,-312,-1067,224050000,0.62138888888888888
2012-11-06,-312,-242,224380000,1.5873611111111112
2012-11-06,-56,-1589,735058003,4.5498611111111114
2012-11-06,-56,-1492,412695640,1.8481944444444447
2012-11-06,-56,-1494,412695640,1.0368055555555555
2012-11-06,-56,-1493,412695640,0.757638888888889
2012-11-06,-56,-1666,529414000,0.9276388888888889
2012-11-06,-56,-1562,440646000,2.6681944444444445
2012-11-06,-56,-1563,440646000,1.9097222222222223
2012-11-06,-56,-1494,440858000,0.91638888888888892
2012-11-06,-56,-1493,440858000,1.8345833333333332
2012-11-06,-56,-1491,440858000,1.044861111111111
2012-11-06,-56,-1490,440858000,4.4558333333333335
2012-11-06,-56,-243,440345000,6.802083333333333
2012-11-06,-56,-1720,432365000,1.7552777777777777
2012-11-06,-56,-1498,576363000,1.2631944444444445
2012-11-06,-56,-1497,576363000,2.6729166666666666
2012-11-06,-56,-1496,576363000,1.6115277777777779
2012-11-06,201,-187,431038000,3.5381944444444446
2012-11-06,201,-188,431038000,1.6630555555555555
2012-11-06,201,-184,431038000,2.294861111111111
2012-11-06,457,1381,273445180,11.845833333333333
2012-11-06,457,-16,227418000,4.27125
2012-11-06,713,-564,331168000,1.5473611111111112
2012-11-06,713,314,259241000,6.291666666666667
2012-11-06,713,442,273415090,1.5527777777777778
2012-11-06,713,418,273517500,7.8461111111111119
2012-11-06,713,423,273297100,3.8898611111111112
2012-11-06,-567,-669,701000313,4.2601388888888891
2012-11-06,-567,-668,701000313,5.6509722222222223
2012-11-06,-311,-1067,224050000,0.80763888888888891
2012-11-06,-311,-1069,224050000,0.90652777777777782
2012-11-06,-311,-240,224380000,1.518888888888889
2012-11-06,-55,1062,312021000,4.2097222222222221
2012-11-06,-55,-1496,440927000,1.7281944444444444
2012-11-06,-55,895,432564000,7.3554166666666667
2012-11-06,-55,894,432564000,2.5054166666666666
2012-11-06,-55,-1666,529414000,1.8393055555555555
2012-11-06,-55,-1563,440646000,2.3526388888888889
2012-11-06,-55,-1495,440944000,2.5059722222222223
2012-11-06,-55,-1498,440944000,3.603194444444445
2012-11-06,-55,-1496,440944000,1.50875
2012-11-06,-55,-1497,440944000,1.85375
2012-11-06,-55,-1473,440933000,1.9305555555555554
2012-11-06,-55,-1470,440933000,1.8195833333333331
2012-11-06,-55,-1491,440858000,3.6481944444444445
2012-11-06,-55,-1494,440858000,0.56958333333333333
2012-11-06,-55,-1492,440858000,3.4531944444444442
2012-11-06,-55,-1493,440858000,1.6690277777777778
2012-11-06,-55,-1720,432365000,1.8834722222222222
2012-11-06,-55,-1480,440706000,1.4206944444444445
2012-11-06,-55,-1482,440706000,1.8993055555555554
2012-11-06,202,-172,258596000,1.5754166666666667
2012-11-06,202,-171,258596000,0.84861111111111109
2012-11-06,458,-18,227420000,2.3269444444444445
2012-11-06,458,-17,227420000,4.3536111111111113
2012-11-06,458,-17,227833000,4.1483333333333343
2012-11-06,458,-18,227833000,1.5726388888888889
2012-11-06,458,-19,227382000,3.1873611111111111
2012-11-06,714,-564,331168000,9.5152777777777775
2012-11-06,714,317,259241000,1.5569444444444445
2012-11-06,714,315,259241000,2.3348611111111111
2012-11-06,714,316,259241000,1.5581944444444444
2012-11-06,714,429,273292400,5.5841666666666674
2012-11-06,714,441,273415090,1.5904166666666666
2012-11-06,714,442,273415090,4.629027777777778
2012-11-06,714,418,273517500,1.5787499999999999
2012-11-06,714,417,273517500,1.55125
2012-11-06,714,423,273297100,4.7406944444444443
2012-11-06,714,421,273297100,7.93375
2012-11-06,-566,-668,701000313,4.5894444444444442
2012-11-06,-566,-667,701000313,10.675416666666667
2012-11-06,-310,-249,224380000,2.9261111111111111
2012-11-06,-310,-246,224380000,1.6906944444444443
2012-11-06,-310,380,224132000,1.7326388888888888
2012-11-06,-310,383,224132000,1.7905555555555557
2012-11-06,-310,365,224459000,1.533611111111111
2012-11-06,-54,-1496,440927000,1.874722222222222
2012-11-06,-54,894,432564000,2.5981944444444443
2012-11-06,-54,-193,441065000,2.1804166666666664
2012-11-06,-54,-1666,529414000,3.2455555555555557
2012-11-06,-54,-1563,440646000,1.6931944444444442
2012-11-06,-54,-1561,440646000,1.8236111111111111
2012-11-06,-54,-1493,440944000,1.8277777777777779
2012-11-06,-54,-1494,440944000,1.495
2012-11-06,-54,-1483,440706000,2.6331944444444444
2012-11-06,-54,-1480,440706000,1.7541666666666664
2012-11-06,-54,-1479,440706000,2.3137499999999998
2012-11-06,203,-183,431038000,3.4193055555555554
2012-11-06,203,-171,258596000,4.5108333333333333
2012-11-06,459,-17,227381000,0.64388888888888884
2012-11-06,459,-21,228958000,1.4725000000000001
2012-11-06,459,-20,228958000,6.0754166666666674
2012-11-06,459,-16,227118900,9.2233333333333309
2012-11-06,459,-16,227420000,5.4934722222222225
2012-11-06,459,-17,227420000,1.6331944444444444
2012-11-06,459,-20,228113000,6.144166666666667
2012-11-06,459,-22,228113000,3.7520833333333337
2012-11-06,459,-21,228113000,1.0525
2012-11-06,459,-19,228113000,1.7793055555555557
2012-11-06,459,-19,227814000,8.57625
2012-11-06,459,-20,227814000,2.0205555555555557
2012-11-06,459,-19,227589000,0.25
2012-11-06,459,-16,228239000,0.67680555555555566
2012-11-06,459,-15,228239000,0.27583333333333337
2012-11-06,459,-17,228239000,0.85319444444444437
2012-11-06,459,-18,228239000,0.62972222222222218
2012-11-06,459,-20,227353000,8.4745833333333334
2012-11-06,459,-20,227382000,1.326111111111111
2012-11-06,715,-563,331168000,1.5501388888888887
2012-11-06,715,-564,331168000,7.8805555555555555
2012-11-06,715,336,259562000,1.5458333333333334
2012-11-06,715,319,259241000,3.1556944444444444
2012-11-06,715,320,259241000,7.1484722222222228
2012-11-06,715,318,259241000,1.5390277777777777
2012-11-06,715,316,257555500,1.6084722222222223
2012-11-06,715,439,273292400,7.856527777777778
2012-11-06,715,434,273292400,1.6213888888888888
2012-11-06,715,442,273415090,3.0943055555555556
2012-11-06,715,438,273454800,1.5440277777777778
2012-11-06,715,211,257584600,13.387500000000001
2012-11-06,715,212,257584600,1.5587499999999999
2012-11-06,715,213,257584600,4.6805555555555554
2012-11-06,715,209,257584600,4.7411111111111115
2012-11-06,-309,-1069,224050000,1.3279166666666666
2012-11-06,-309,-1068,224050000,1.8829166666666668
2012-11-06,-309,-247,224380000,2.3802777777777777
2012-11-06,-309,-243,224380000,1.0002777777777778
2012-11-06,-309,-239,224380000,5.08
2012-11-06,-309,-244,224380000,1.12875
2012-11-06,-309,377,224132000,0.92666666666666675
2012-11-06,-309,382,224132000,1.5643055555555554
2012-11-06,-309,379,224132000,0.78916666666666668
2012-11-06,-309,367,224459000,1.5029166666666667
2012-11-06,-309,365,224459000,0.97513888888888878
2012-11-06,-53,-1496,440927000,1.512361111111111
2012-11-06,-53,-1441,440788000,1.6366666666666667
2012-11-06,-53,-1449,440788000,2.8156944444444445
2012-11-06,-53,-187,441065000,6.0772222222222219
2012-11-06,-53,-194,441065000,6.2313888888888886
2012-11-06,-53,-1494,412695640,3.267638888888889
2012-11-06,-53,-1493,412695640,2.8141666666666665
2012-11-06,-53,-1666,529414000,0.80527777777777776
2012-11-06,-53,-1562,440646000,1.4388888888888889
2012-11-06,-53,-1492,440944000,1.2593055555555557
2012-11-06,-53,-1491,440944000,3.5043055555555553
2012-11-06,-53,-1474,440933000,1.7541666666666667
2012-11-06,204,-171,258596000,9.97972222222222
2012-11-06,204,-172,257483500,0.92541666666666667
2012-11-06,204,-171,257483500,2.9808333333333334
2012-11-06,460,-19,227893000,8.1954166666666666
2012-11-06,460,-21,228958000,1.347361111111111
2012-11-06,460,-20,224196160,0.89875
2012-11-06,460,-19,228189000,0.27569444444444446
2012-11-06,460,-17,227420000,1.5423611111111111
2012-11-06,460,-16,227420000,1.8194444444444442
2012-11-06,460,-21,228113000,3.7466666666666666
2012-11-06,460,-19,228113000,0.37319444444444438
2012-11-06,460,-20,228113000,3.7354166666666666
2012-11-06,460,-19,227814000,0.27583333333333332
2012-11-06,460,-20,227814000,5.02
2012-11-06,460,-20,227589000,2.0844444444444443
2012-11-06,460,-19,227589000,0.47513888888888889
2012-11-06,460,-21,227589000,9.6058333333333348
2012-11-06,460,-20,228239000,10.904444444444444
2012-11-06,460,-18,228239000,0.50041666666666662
2012-11-06,460,-19,228239000,0.67486111111111113
2012-11-06,460,-20,228888000,0.59930555555555554
2012-11-06,460,-21,227382000,0.72152777777777777
2012-11-06,460,-19,227382000,4.9513888888888893
2012-11-06,460,-18,227382000,0.75027777777777782
2012-11-06,460,-20,227382000,0.97291666666666665
2012-11-06,716,338,259562000,1.5570833333333334
2012-11-06,716,337,259562000,9.4681944444444444
2012-11-06,716,336,259562000,1.6236111111111111
2012-11-06,716,317,257555500,3.1794444444444441
2012-11-06,716,280,273451570,1.1663888888888889
2012-11-06,716,439,273292400,3.097083333333333
2012-11-06,716,438,273292400,1.5597222222222222
2012-11-06,716,441,273454800,1.5734722222222222
2012-11-06,716,442,273454800,3.1018055555555559
2012-11-06,-308,-130,263584000,1.4645833333333331
2012-11-06,-308,-1068,224050000,1.7543055555555553
2012-11-06,-308,-246,224380000,1.3240277777777778
2012-11-06,-308,375,224132000,0.97166666666666668
2012-11-06,-308,378,224132000,0.78083333333333327
2012-11-06,-308,379,224132000,4.4169444444444448
2012-11-06,-308,381,224132000,3.94625
2012-11-06,-308,382,224132000,1.7195833333333335
2012-11-06,-308,366,224459000,0.95791666666666675
2012-11-06,-308,368,224459000,1.6669444444444443
2012-11-06,-52,-1496,440927000,1.2744444444444445
2012-11-06,-52,-1495,440927000,1.7984722222222222
2012-11-06,-52,-1444,440788000,1.8088888888888888
2012-11-06,-52,-1440,440788000,0.85652777777777778
2012-11-06,-52,-1446,440788000,1.8433333333333333
2012-11-06,-52,-1666,529414000,1.72375
2012-11-06,-52,-1561,440646000,1.8551388888888889
2012-11-06,-52,-1452,440931000,1.8069444444444445
2012-11-06,-52,-1445,440931000,1.6790277777777778
2012-11-06,-52,-1442,440931000,2.1468055555555554
2012-11-06,-52,-1446,440931000,4.8140277777777776
2012-11-06,-52,-1444,440931000,1.48875
2012-11-06,-52,-1441,440931000,2.6027777777777779
2012-11-06,-52,-1443,440931000,1.8418055555555557
2012-11-06,-52,-1447,440931000,1.8951388888888889
2012-11-06,-52,-1448,440931000,1.7815277777777774
2012-11-06,-52,-1449,440931000,3.682638888888889
2012-11-06,-52,-1515,440952000,0.21083333333333332
2012-11-06,-52,-1479,440706000,1.8308333333333333
2012-11-06,205,-171,258596000,0.84402777777777771
2012-11-06,205,-1402,431938000,1.0523611111111111
2012-11-06,205,-1403,431938000,0.97625
2012-11-06,461,-16,228018700,12.564861111111112
2012-11-06,461,-23,227977000,12.44875
2012-11-06,461,-20,224196160,2.7630555555555554
2012-11-06,461,-21,224196160,2.84625
2012-11-06,461,-24,228189000,13.294027777777778
2012-11-06,461,-13,227868000,0.25138888888888888
2012-11-06,461,-20,226150000,1.2326388888888888
2012-11-06,461,-21,226150000,2.2552777777777777
2012-11-06,461,-20,228888000,2.0311111111111111
2012-11-06,461,-22,227382000,5.1961111111111116
2012-11-06,461,-21,227382000,4.9380555555555548
2012-11-06,461,-20,227382000,0.4259722222222222
2012-11-06,461,-19,227382000,0.32513888888888887
2012-11-06,717,338,259562000,4.6454166666666667
2012-11-06,717,318,257555500,6.2747222222222225
2012-11-06,717,319,257555500,1.5541666666666667
2012-11-06,717,-566,331155000,5.5765277777777778
2012-11-06,717,439,273292400,4.6547222222222224
2012-11-06,717,470,273510600,1.5345833333333334
2012-11-06,717,469,273510600,4.7091666666666665
2012-11-06,717,441,273454800,1.5568055555555556
2012-11-06,-307,-130,263584000,4.7452777777777779
2012-11-06,-307,-128,263584000,1.7933333333333334
2012-11-06,-307,-131,263584000,0.79041666666666677
2012-11-06,-307,-124,263584000,4.2119444444444447
2012-11-06,-307,-1068,224050000,1.3766666666666665
2012-11-06,-307,-245,224380000,4.9723611111111108
2012-11-06,-307,-242,224380000,0.78055555555555556
2012-11-06,-307,375,224132000,0.96208333333333329
2012-11-06,-307,378,224132000,1.5983333333333334
2012-11-06,-307,367,224459000,0.9373611111111112
2012-11-06,-51,-1496,440927000,1.7852777777777777
2012-11-06,-51,-1446,440788000,1.0080555555555555
2012-11-06,-51,-1441,440788000,1.1669444444444443
2012-11-06,-51,-1443,440788000,1.5015277777777776
2012-11-06,-51,-1440,440788000,1.7679166666666668
2012-11-06,-51,-1442,440788000,1.8395833333333331
2012-11-06,-51,-1445,440788000,2.3273611111111112
2012-11-06,-51,-1444,440788000,1.6605555555555556
2012-11-06,-51,-1447,440788000,3.5637499999999998
2012-11-06,-51,-1543,440659000,1.5770833333333334
2012-11-06,-51,-1541,440659000,1.7331944444444445
2012-11-06,-51,-1588,735058003,4.5847222222222221
2012-11-06,-51,-1666,529414000,2.1772222222222224
2012-11-06,-51,-1667,529414000,0.98055555555555562
2012-11-06,-51,-1670,529414000,3.504027777777778
2012-11-06,-51,-1669,529414000,1.7341666666666662
2012-11-06,-51,-1561,440646000,2.9043055555555557
2012-11-06,-51,-1628,440954000,1.8029166666666667
2012-11-06,-51,-1629,440954000,1.5809722222222222
2012-11-06,-51,-1625,440954000,1.9127777777777779
2012-11-06,-51,-1624,440954000,1.8344444444444443
2012-11-06,-51,-1630,440954000,1.9888888888888887
2012-11-06,-51,-1515,440952000,1.5169444444444444
2012-11-06,-51,-1479,440706000,1.2480555555555557
2012-11-06,206,-1403,431938000,0.73083333333333333
2012-11-06,206,-1402,431938000,3.232361111111111
2012-11-06,206,-1397,431938000,2.4279166666666665
2012-11-06,206,-1394,431938000,2.9829166666666667
2012-11-06,206,-1401,431938000,1.8723611111111111
2012-11-06,462,-23,227381000,1.46
2012-11-06,462,-22,227381000,0.94124999999999992
2012-11-06,462,-19,227381000,0.29319444444444442
2012-11-06,462,-18,227381000,0.24513888888888891
2012-11-06,462,-28,228874000,0.42541666666666667
2012-11-06,462,-22,228209700,2.7166666666666663
2012-11-06,462,-21,228209700,2.7956944444444445
2012-11-06,462,-18,228169000,2.8195833333333331
2012-11-06,462,-22,227401000,0.375
2012-11-06,462,-23,227401000,1.2238888888888888
2012-11-06,462,-22,227806000,22.257361111111116
2012-11-06,462,-20,224196160,0.44333333333333336
2012-11-06,462,-22,224196160,0.24166666666666667
2012-11-06,462,-21,224196160,5.7673611111111107
2012-11-06,462,-24,228189000,0.55
2012-11-06,462,-23,228189000,0.2993055555555556
2012-11-06,462,-22,226150000,1.3756944444444446
2012-11-06,462,-21,226150000,6.1431944444444442
2012-11-06,462,-27,227834000,0.52555555555555555
2012-11-06,462,-1247,368548000,1.0626388888888889
2012-11-06,462,-21,228888000,3.5098611111111113
2012-11-06,462,-20,228888000,1.9106944444444445
2012-11-06,462,-19,228888000,1.2298611111111111
2012-11-06,462,-23,227309000,1.0716666666666668
2012-11-06,462,-22,227309000,0.4490277777777778
2012-11-06,462,-27,228929000,2.0626388888888889
2012-11-06,462,-27,227307000,0.25333333333333335
2012-11-06,462,-28,227307000,1.0683333333333334
2012-11-06,718,336,257225000,1.5529166666666667
2012-11-06,718,338,257225000,1.550138888888889
2012-11-06,718,318,257555500,1.5583333333333333
2012-11-06,718,319,257555500,3.1163888888888889
2012-11-06,718,224,257009000,1.5497222222222222
2012-11-06,718,464,273554600,1.5569444444444445
2012-11-06,718,463,273554600,4.0402777777777779
2012-11-06,718,470,273510600,1.547361111111111
2012-11-06,718,473,273510600,1.6181944444444443
2012-11-06,718,472,273510600,6.3176388888888884
2012-11-06,718,474,273510600,1.5554166666666667
2012-11-06,718,471,273510600,6.2981944444444444
2012-11-06,718,464,273521100,8.7043055555555569
2012-11-06,718,470,273521100,2.4130555555555553
2012-11-06,718,462,273521100,1.5526388888888887
2012-11-06,718,471,273521100,1.5481944444444444
2012-11-06,718,463,273521100,1.5593055555555555
2012-11-06,-562,-710,725002350,7.3559722222222224
2012-11-06,-306,-129,263584000,1.9118055555555553
2012-11-06,-306,-122,263584000,1.6473611111111111
2012-11-06,-306,375,224132000,1.5493055555555555
2012-11-06,-306,377,224132000,1.5737499999999998
2012-11-06,-306,368,224459000,4.2477777777777783
2012-11-06,-50,-1496,440927000,0.91666666666666674
2012-11-06,-50,-1546,440659000,0.9
2012-11-06,-50,-1542,440659000,2.1148611111111113
2012-11-06,-50,-1545,440659000,1.0084722222222222
2012-11-06,-50,-1543,440659000,1.8347222222222224
2012-11-06,-50,-1494,412695640,2.6894444444444447
2012-11-06,-50,-1668,529414000,1.9948611111111112
2012-11-06,-50,-1487,440944000,0.824861111111111
2012-11-06,-50,-1488,440944000,1.6919444444444445
2012-11-06,-50,-1631,440954000,1.8072222222222223
2012-11-06,-50,-1633,440954000,1.8897222222222225
2012-11-06,-50,-1635,440954000,2.59125
2012-11-06,-50,-1630,440954000,1.8722222222222222
2012-11-06,-50,-1632,440954000,1.3658333333333335
2012-11-06,-50,-1636,440954000,2.6483333333333334
2012-11-06,-50,-1634,440954000,2.0436111111111108
2012-11-06,-50,-1515,440952000,1.2565277777777779
2012-11-06,-50,-1479,440706000,3.5055555555555555
2012-11-06,207,-218,224189000,5.1444444444444439
2012-11-06,207,-1400,431938000,1.7640277777777778
2012-11-06,207,-1396,431938000,1.5883333333333334
2012-11-06,207,-1395,431938000,3.0468055555555558
2012-11-06,207,-1397,431938000,1.4406944444444445
2012-11-06,207,-1398,431938000,0.78569444444444447
2012-11-06,207,-1399,431938000,1.6895833333333332
2012-11-06,463,-24,227584000,3.5734722222222226
2012-11-06,463,-22,227381000,5.0216666666666674
2012-11-06,463,-19,227381000,0.69013888888888886
2012-11-06,463,-23,227381000,6.6845833333333342
2012-11-06,463,-20,227381000,0.93875000000000008
2012-11-06,463,-28,228874000,3.8172222222222221
2012-11-06,463,-22,228209700,4.4711111111111119
2012-11-06,463,-23,228393000,8.5290277777777774
2012-11-06,463,-23,227561000,1.5983333333333334
2012-11-06,463,-27,227401000,0.574861111111111
2012-11-06,463,-22,227401000,0.29041666666666666
2012-11-06,463,-24,227401000,1.6434722222222222
2012-11-06,463,-25,227401000,1.2477777777777779
2012-11-06,463,-26,227401000,1.5993055555555555
2012-11-06,463,-21,224196160,1.556388888888889
2012-11-06,463,-22,224196160,4.6231944444444446
2012-11-06,463,-23,224196160,1.5420833333333333
2012-11-06,463,-29,227834000,0.9259722222222222
2012-11-06,463,-21,228367000,5.3575000000000008
2012-11-06,463,-21,228888000,6.9783333333333326
2012-11-06,463,-22,228888000,2.2977777777777781
2012-11-06,463,-19,228888000,1.0162499999999999
2012-11-06,463,-21,227319490,10.00111111111111
2012-11-06,463,-27,227309000,1.0586111111111109
2012-11-06,463,-23,227309000,0.49611111111111111
2012-11-06,463,-25,227309000,1.6405555555555555
2012-11-06,463,-24,227309000,1.5102777777777776
2012-11-06,463,-22,227309000,0.39527777777777778
2012-11-06,463,-26,227309000,1.4665277777777777
2012-11-06,463,-24,227426000,9.79
2012-11-06,463,-19,227636950,11.288194444444443
2012-11-06,463,-20,227636950,0.76180555555555562
2012-11-06,463,-21,228972000,19.087777777777777
2012-11-06,463,-27,228929000,2.4713888888888889
2012-11-06,463,-26,228929000,1.6018055555555557
2012-11-06,463,-27,227307000,3.5243055555555558
2012-11-06,463,-26,227307000,1.4622222222222221
2012-11-06,719,332,257225000,1.5430555555555556
2012-11-06,719,336,257225000,1.5531944444444445
2012-11-06,719,335,257225000,5.5090277777777779
2012-11-06,719,331,257225000,1.7084722222222224
2012-11-06,719,337,257225000,1.560138888888889
2012-11-06,719,334,257225000,1.5472222222222223
2012-11-06,719,333,257225000,2.32375
2012-11-06,719,223,257009000,2.3429166666666665
2012-11-06,719,-575,331142000,12.660833333333333
2012-11-06,719,-573,331142000,1.5915277777777779
2012-11-06,719,464,273554600,1.5513888888888889
2012-11-06,719,470,273554600,1.5444444444444443
2012-11-06,719,465,273554600,13.355416666666667
2012-11-06,719,467,273554600,3.1152777777777776
2012-11-06,719,469,273521100,1.5570833333333334
2012-11-06,719,471,273521100,1.5436111111111113
2012-11-06,719,472,273521100,1.5358333333333334
2012-11-06,719,466,273521100,1.5588888888888888
2012-11-06,719,467,273521100,3.9606944444444445
2012-11-06,-561,-712,725002350,7.5022222222222226
2012-11-06,-561,-711,725002350,2.2416666666666667
2012-11-06,-561,-713,725002350,0.861111111111111
2012-11-06,-305,-124,263584000,1.5606944444444444
2012-11-06,-305,-123,263584000,1.5461111111111112
2012-11-06,-305,-127,263584000,1.0944444444444446
2012-11-06,-305,-130,263584000,3.622638888888889
2012-11-06,-305,368,431444000,0.069444444444444448
2012-11-06,-49,-1496,440927000,2.7547222222222225
2012-11-06,-49,-1493,412695580,1.8155555555555554
2012-11-06,-49,-1490,412695580,2.6309722222222218
2012-11-06,-49,-1484,412695580,6.4111111111111105
2012-11-06,-49,-1492,412695580,4.1298611111111114
2012-11-06,-49,-1491,412695580,0.87416666666666665
2012-11-06,-49,-1487,412695580,2.8097222222222222
2012-11-06,-49,-1795,441811000,1.0498611111111111
2012-11-06,-49,-1796,441811000,0.83902777777777771
2012-11-06,-49,-1548,440659000,0.93319444444444444
2012-11-06,-49,-1549,440659000,2.6776388888888887
2012-11-06,-49,-1544,440659000,2.2906944444444446
2012-11-06,-49,-1495,412695640,3.2601388888888891
2012-11-06,-49,-179,440295000,0.91402777777777777
2012-11-06,-49,-1669,529414000,1.723611111111111
2012-11-06,-49,-1659,520217000,3.5993055555555555
2012-11-06,-49,-1660,520217000,1.41125
2012-11-06,-49,-1657,520217000,4.61013888888889
2012-11-06,-49,-1658,520217000,2.5038888888888886
2012-11-06,-49,-1516,440952000,1.8351388888888889
2012-11-06,208,1103,412480521,6.4104166666666664
2012-11-06,208,1103,412480522,10.329166666666667
2012-11-06,208,1104,412480522,0.63291666666666668
2012-11-06,208,-217,224189000,7.3763888888888891
2012-11-06,464,-24,227584000,15.924027777777782
2012-11-06,464,-23,227381000,2.1491666666666664
2012-11-06,464,-22,227381000,0.3502777777777778
2012-11-06,464,-21,228229900,6.2069444444444448
2012-11-06,464,-28,228874000,5.8465277777777791
2012-11-06,464,-29,228874000,0.574861111111111
2012-11-06,464,-22,228216600,3.8713888888888892
2012-11-06,464,-21,228216600,2.1836111111111109
2012-11-06,464,-24,228393000,0.32652777777777775
2012-11-06,464,-23,228393000,8.7027777777777757
2012-11-06,464,-22,228393000,1.537361111111111
2012-11-06,464,-24,227561000,1.036111111111111
2012-11-06,464,-23,227561000,12.869166666666668
2012-11-06,464,-27,228169000,3.3883333333333332
2012-11-06,464,-29,228169000,1.3108333333333335
2012-11-06,464,-28,228169000,8.41013888888889
2012-11-06,464,-25,227401000,0.46958333333333335
2012-11-06,464,-26,227401000,3.2018055555555556
2012-11-06,464,-27,227401000,1.975138888888889
2012-11-06,464,-21,227317810,1.2683333333333333
2012-11-06,464,-20,227317810,0.97555555555555562
2012-11-06,464,-23,224196160,1.8077777777777777
2012-11-06,464,-24,224196160,1.0175
2012-11-06,464,-30,227116100,11.412500000000001
2012-11-06,464,-29,227116100,1.9272222222222222
2012-11-06,464,-29,227118700,2.3373611111111114
2012-11-06,464,-29,227834000,8.4544444444444427
2012-11-06,464,-30,227834000,2.0088888888888885
2012-11-06,464,-1248,367326360,0.6925
2012-11-06,464,-24,227577000,4.62986111111111
2012-11-06,464,-25,227577000,0.3009722222222222
2012-11-06,464,-26,228120000,7.2490277777777772
2012-11-06,464,-21,227319490,1.4470833333333335
2012-11-06,464,-26,227309000,2.5619444444444444
2012-11-06,464,-27,227309000,2.8309722222222224
2012-11-06,464,-23,228301000,12.384444444444441
2012-11-06,464,-20,227636950,0.90430555555555558
2012-11-06,464,-26,228929000,1.2156944444444444
2012-11-06,464,-26,227307000,0.32652777777777775
2012-11-06,464,-27,227307000,0.91388888888888886
2012-11-06,464,-23,227595000,8.3436111111111124
2012-11-06,720,331,257225000,4.7425
2012-11-06,720,222,257009000,7.8498611111111121
2012-11-06,720,-567,331142000,3.1305555555555555
2012-11-06,720,-568,331142000,1.57625
2012-11-06,720,-565,331142000,3.0990277777777777
2012-11-06,720,-566,331142000,1.5556944444444445
2012-11-06,-304,368,431444000,0.76
2012-11-06,-304,367,431444000,1.482361111111111
2012-11-06,-304,-156,224084640,1.1525
2012-11-06,-48,-1496,440927000,1.2581944444444444
2012-11-06,-48,-1495,440927000,2.5870833333333336
2012-11-06,-48,-1489,412695580,5.8176388888888884
2012-11-06,-48,-1545,440659000,3.1813888888888888
2012-11-06,-48,-1781,529415000,0.89166666666666661
2012-11-06,-48,-1495,412695640,1.6631944444444442
2012-11-06,-48,-1494,412695640,4.6376388888888886
2012-11-06,-48,-1486,440944000,0.82763888888888881
2012-11-06,-48,-1661,520217000,5.2699999999999987
2012-11-06,-48,-1516,440952000,2.2970833333333331
2012-11-06,209,1103,412480521,0.23319444444444443
2012-11-06,209,1103,412480522,5.4384722222222219
2012-11-06,209,1090,412210271,3.1252777777777778
2012-11-06,209,1091,412210271,2.2365277777777779
2012-11-06,209,1089,510911111,10.657777777777778
2012-11-06,465,-24,227808000,12.299305555555556
2012-11-06,465,-24,227381000,0.48416666666666663
2012-11-06,465,-29,228874000,1.981111111111111
2012-11-06,465,-28,228874000,2.3006944444444444
2012-11-06,465,-22,228216600,0.24166666666666667
2012-11-06,465,-23,228107800,7.385416666666667
2012-11-06,465,-23,228393000,0.91013888888888883
2012-11-06,465,-23,227561000,0.23708333333333331
2012-11-06,465,-27,227401000,1.1997222222222221
2012-11-06,465,-23,227317810,3.3379166666666666
2012-11-06,465,-25,227317810,0.72472222222222216
2012-11-06,465,-21,227317810,1.84625
2012-11-06,465,-24,227317810,2.0491666666666668
2012-11-06,465,-22,227317810,2.8608333333333333
2012-11-06,465,-30,228264000,1.2469444444444444
2012-11-06,465,-30,227116100,2.6958333333333333
2012-11-06,465,-29,227116100,2.5975
2012-11-06,465,-30,227118700,2.1459722222222224
2012-11-06,465,-1248,367326360,0.75958333333333339
2012-11-06,465,-1247,367544000,0.21111111111111111
2012-11-06,465,-26,228120000,1.4494444444444443
2012-11-06,465,-27,227309000,0.83986111111111117
2012-11-06,465,-1246,368578000,0.28013888888888888
2012-11-06,465,-23,228311000,4.2544444444444451
2012-11-06,465,-21,228311000,3.0844444444444443
2012-11-06,465,-22,228311000,11.514583333333336
2012-11-06,465,-27,227307000,0.29986111111111113
2012-11-06,465,-23,227595000,12.12972222222222
2012-11-06,721,-572,331155000,1.5625
2012-11-06,721,-573,331155000,3.0863888888888891
2012-11-06,721,-570,331155000,2.3511111111111114
2012-11-06,721,285,259309000,1.5415277777777778
2012-11-06,721,284,259309000,1.55
2012-11-06,-559,-716,725002350,5.6070833333333336
2012-11-06,-559,-705,725011900,4.2126388888888888
2012-11-06,-559,-704,725011900,1.2023611111111112
2012-11-06,-303,366,431444000,1.6166666666666667
2012-11-06,-303,-157,224084640,1
2012-11-06,-303,-155,224084640,2.6238888888888887
2012-11-06,-47,-1796,441811000,0.75972222222222219
2012-11-06,-47,-1547,440659000,1.7277777777777779
2012-11-06,-47,-1548,440659000,1.8930555555555555
2012-11-06,-47,-1546,440659000,1.8738888888888887
2012-11-06,-47,-1782,529415000,0.91944444444444451
2012-11-06,-47,-1781,529415000,1.1770833333333335
2012-11-06,-47,-1780,529415000,0.77791666666666659
2012-11-06,-47,-1671,529414000,0.86652777777777779
2012-11-06,-47,-1672,529414000,1.0640277777777778
2012-11-06,-47,-1557,440646000,2.5866666666666669
2012-11-06,-47,-1486,440944000,1.0754166666666667
2012-11-06,-47,-1662,520217000,3.6091666666666669
2012-11-06,-47,-1517,440952000,1.6625
2012-11-06,210,1088,413000725,14.235555555555555
2012-11-06,210,1107,412479068,7.96625
2012-11-06,210,1090,412210271,2.0933333333333333
2012-11-06,210,1090,510911111,0.58930555555555553
2012-11-06,210,1089,510911111,2.1340277777777779
2012-11-06,210,1089,82099,14.13875
2012-11-06,210,1093,412480209,8.3273611111111112
2012-11-06,466,-29,228874000,1.4044444444444444
2012-11-06,466,-1249,367774000,0.4161111111111111
2012-11-06,466,-1248,367774000,0.43319444444444444
2012-11-06,466,-25,227317810,1.0422222222222222
2012-11-06,466,-30,228264000,2.4225000000000003
2012-11-06,466,-30,227116100,0.7518055555555555
2012-11-06,466,1402,273358420,6.4615277777777775
2012-11-06,466,-1248,367326360,0.28305555555555556
2012-11-06,466,-1249,367326360,0.40777777777777779
2012-11-06,466,-1248,367544000,0.68527777777777787
2012-11-06,466,-1247,367544000,0.21916666666666668
2012-11-06,466,-1248,368578000,0.56555555555555559
2012-11-06,466,-27,228240600,0.72444444444444445
2012-11-06,466,-28,228240600,3.0216666666666665
2012-11-06,466,-23,228311000,0.39694444444444443
2012-11-06,466,-23,227117800,4.9638888888888886
2012-11-06,466,-30,227145200,0.57472222222222225
2012-11-06,466,-31,227145200,3.8658333333333332
2012-11-06,466,-1249,367078130,0.81277777777777782
2012-11-06,466,-1248,367078130,0.20972222222222223
2012-11-06,722,-572,331155000,1.5484722222222222
2012-11-06,722,285,259309000,11.82236111111111
2012-11-06,722,284,259309000,3.1091666666666664
2012-11-06,-558,-706,725011900,9.16
2012-11-06,-302,365,431444000,1.9343055555555557
2012-11-06,-302,364,431444000,0.91430555555555548
2012-11-06,-302,-155,224084640,1.985
2012-11-06,-302,-158,224084640,0.79708333333333337
2012-11-06,-46,-1796,441811000,0.97333333333333327
2012-11-06,-46,-1782,529415000,0.91722222222222216
2012-11-06,-46,-1780,529415000,0.94444444444444442
2012-11-06,-46,-1742,520241000,7.2947222222222248
2012-11-06,-46,-1741,520241000,2.4927777777777775
2012-11-06,-46,-1555,440646000,1.8016666666666667
2012-11-06,-46,-1490,440858000,1.7262499999999998
2012-11-06,-46,-1665,520217000,4.5563888888888888
2012-11-06,-46,-1517,440952000,1.5026388888888889
2012-11-06,-46,-1478,440706000,1.6783333333333332
2012-11-06,-46,-1479,440706000,0.85694444444444451
2012-11-06,-46,-1481,440706000,1.8981944444444443
2012-11-06,211,1127,900005123,0.64999999999999991
2012-11-06,211,1107,412468485,0.27611111111111108
2012-11-06,211,1092,999755285,10.695
2012-11-06,211,1127,412478241,1.1341666666666668
2012-11-06,211,1128,412478241,0.97888888888888892
2012-11-06,211,1128,910100004,10.241388888888888
2012-11-06,211,1127,110306858,3.9916666666666671
2012-11-06,211,1128,110306858,2.0461111111111112
2012-11-06,211,1094,412479549,2.8918055555555555
2012-11-06,211,1126,110300248,7.8808333333333334
2012-11-06,211,1127,110300248,2.225138888888889
2012-11-06,211,1127,333388888,1.6870833333333333
2012-11-06,211,1126,333388888,7.72
2012-11-06,211,1127,110300252,1.6597222222222223
2012-11-06,211,1126,110300252,6.300416666666667
2012-11-06,211,1108,412479068,5.0377777777777775
2012-11-06,211,1127,110300254,8.8363888888888891
2012-11-06,211,1107,910040165,14.575694444444444
2012-11-06,211,1106,910040165,0.30569444444444444
2012-11-06,211,1128,110300262,11.674999999999999
2012-11-06,211,1127,110300262,0.73777777777777775
2012-11-06,211,1126,900003180,1.267638888888889
2012-11-06,211,1127,900008301,1.6795833333333334
2012-11-06,211,1128,900008301,4.778611111111112
2012-11-06,211,1106,412480369,3.1069444444444443
2012-11-06,211,1129,910060421,0.72930555555555554
2012-11-06,211,1128,910060421,8.8893055555555556
2012-11-06,211,1091,510911111,1.3276388888888886
2012-11-06,211,1090,510911111,1.5581944444444444
2012-11-06,211,1128,412476297,2.9486111111111111
2012-11-06,211,1107,412480421,23.040416666666665
2012-11-06,211,1090,82099,4.1000000000000005
2012-11-06,211,1089,82099,7.7345833333333331
2012-11-06,211,1127,910061238,3.6693055555555558
2012-11-06,211,1128,910061238,4.552777777777778
2012-11-06,211,1092,412480209,1.8984722222222223
2012-11-06,211,1091,412480209,0.88194444444444453
2012-11-06,211,1127,333377777,10.716666666666665
2012-11-06,211,1128,333377777,1.1468055555555554
2012-11-06,467,-29,228874000,0.77277777777777779
2012-11-06,467,-30,228874000,1.3518055555555555
2012-11-06,467,-1249,367774000,4.1384722222222221
2012-11-06,467,-1250,367774000,0.21666666666666667
2012-11-06,467,-31,228264000,0.29916666666666669
2012-11-06,467,-1249,366425240,1.7340277777777779
2012-11-06,467,-1249,367326360,1.4027777777777777
2012-11-06,467,-1250,367326360,0.54458333333333331
2012-11-06,467,-1251,366468000,4.98625
2012-11-06,467,-1250,366468000,8.0201388888888889
2012-11-06,467,-1249,366468000,4.299722222222222
2012-11-06,467,1406,273345710,4.5580555555555557
2012-11-06,467,1404,273345710,7.0955555555555563
2012-11-06,467,1405,273345710,7.5963888888888889
2012-11-06,467,-1249,367544000,0.867638888888889
2012-11-06,467,-1249,368578000,0.91055555555555556
2012-11-06,467,-28,228240600,1.3611111111111112
2012-11-06,467,-27,228240600,7.4719444444444445
2012-11-06,467,-26,228240600,6.1487500000000006
2012-11-06,467,-31,227145200,12.310694444444444
2012-11-06,467,-1250,367078130,0.89944444444444449
2012-11-06,467,-1249,367078130,5.7295833333333333
2012-11-06,723,-571,331155000,7.8723611111111111
2012-11-06,723,-573,331155000,1.5775000000000001
2012-11-06,723,152,259602000,1.547361111111111
2012-11-06,723,284,259309000,11.016666666666667
2012-11-06,723,-568,331074000,1.5527777777777776
2012-11-06,723,-569,331074000,3.0983333333333336
2012-11-06,723,265,259244000,3.9515277777777778
2012-11-06,-301,-156,224084640,2.35
2012-11-06,-301,-161,224084640,2.3852777777777776
2012-11-06,-301,-49,224267000,1.7884722222222222
2012-11-06,-301,367,224459000,0.86388888888888893
2012-11-06,-301,368,224459000,0.91027777777777774
2012-11-06,-301,370,224459000,3.4845833333333331
2012-11-06,-301,369,224459000,1.6330555555555555
2012-11-06,-45,1797,441811000,2.5719444444444441
2012-11-06,-45,-1678,440808000,1.5870833333333334
2012-11-06,-45,-1679,440808000,1.6425
2012-11-06,-45,-1782,529415000,1.5452777777777778
2012-11-06,-45,-1742,520241000,1.475138888888889
2012-11-06,-45,-1741,520241000,3.9141666666666666
2012-11-06,-45,-1487,440944000,3.1837500000000003
2012-11-06,-45,-1517,440952000,1.891111111111111
2012-11-06,-45,-1484,440706000,1.7445833333333334
2012-11-06,212,1127,900005123,15.129722222222224
2012-11-06,212,1128,900005123,8.4609722222222228
2012-11-06,212,1128,900003333,1.40875
2012-11-06,212,1129,900003333,11.035277777777777
2012-11-06,212,1130,900003333,7.2679166666666664
2012-11-06,212,1127,412476431,1.6905555555555556
2012-11-06,212,1129,412468242,0.80388888888888888
2012-11-06,212,1093,999755285,10.536944444444444
2012-11-06,212,1123,412461595,13.659583333333334
2012-11-06,212,1129,412468251,3.296388888888889
2012-11-06,212,1127,412478241,1.317361111111111
2012-11-06,212,1128,412478241,1.1552777777777776
2012-11-06,212,1129,412478241,17.356805555555557
2012-11-06,212,1095,412479779,9.5427777777777827
2012-11-06,212,1096,412479779,4.2370833333333326
2012-11-06,212,1097,412479779,0.40583333333333338
2012-11-06,212,1129,910100004,4.7983333333333338
2012-11-06,212,1128,910100004,1.967222222222222
2012-11-06,212,1130,910100004,2.2584722222222222
2012-11-06,212,1130,910100010,15.499722222222223
2012-11-06,212,1129,910100010,9.0009722222222219
2012-11-06,212,1128,110306858,10.306805555555554
2012-11-06,212,1127,110306858,3.9531944444444442
2012-11-06,212,1129,110306858,0.88625
2012-11-06,212,1126,110306858,1.2183333333333333
2012-11-06,212,1130,910100026,5.1059722222222224
2012-11-06,212,1129,910100026,10.386666666666667
2012-11-06,212,1094,412479549,14.030555555555555
2012-11-06,212,1095,412479549,4.85625
2012-11-06,212,1129,910100039,16.321111111111112
2012-11-06,212,1130,910100039,7.5394444444444435
2012-11-06,212,1093,412480336,3.3209722222222222
2012-11-06,212,1092,412480336,1.1108333333333333
2012-11-06,212,1095,412479825,12.657361111111111
2012-11-06,212,1128,110300248,13.690833333333334
2012-11-06,212,1127,110300248,3.0488888888888885
2012-11-06,212,1129,110300248,0.27513888888888888
2012-11-06,212,1126,110300248,1.8984722222222223
2012-11-06,212,1126,333388888,0.71013888888888888
2012-11-06,212,1127,333388888,4.269166666666667
2012-11-06,212,1128,333388888,10.166805555555555
2012-11-06,212,1127,110300252,3.8962499999999998
2012-11-06,212,1128,110300252,0.34166666666666667
2012-11-06,212,1126,110300252,1.3566666666666667
2012-11-06,212,1127,110300254,4.0398611111111116
2012-11-06,212,1128,110300254,10.599861111111112
2012-11-06,212,1130,100711268,12.037083333333333
2012-11-06,212,1129,100711268,3.4843055555555553
2012-11-06,212,1106,910040165,9.2306944444444419
2012-11-06,212,1127,110300262,7.661944444444444
2012-11-06,212,1128,110300262,4.7051388888888894
2012-11-06,212,1126,900003180,1.8445833333333332
2012-11-06,212,1127,900003180,17.26722222222222
2012-11-06,212,1128,900003180,3.8438888888888889
2012-11-06,212,1129,900008301,5.4580555555555552
2012-11-06,212,1128,900008301,10.510416666666664
2012-11-06,212,1129,910060421,14.99861111111111
2012-11-06,212,1128,910060421,0.89486111111111111
2012-11-06,212,1128,412476297,4.7170833333333331
2012-11-06,212,1129,910101668,16.208194444444445
2012-11-06,212,1130,910101668,6.7101388888888884
2012-11-06,212,1129,910061238,12.222777777777775
2012-11-06,212,1130,910061238,3.4323611111111112
2012-11-06,212,1128,910061238,1.576111111111111
2012-11-06,212,1129,900005096,14.931666666666667
2012-11-06,212,1130,900005096,1.8693055555555556
2012-11-06,212,1127,333377777,5.9048611111111109
2012-11-06,212,1128,333377777,5.9740277777777777
2012-11-06,212,1128,168162803,10.885277777777778
2012-11-06,212,1130,168162803,0.84972222222222216
2012-11-06,212,1129,168162803,12.655416666666667
2012-11-06,468,-1250,367774000,5.4673611111111118
2012-11-06,468,-1249,367774000,0.39944444444444449
2012-11-06,468,-1249,366425240,2.950277777777778
2012-11-06,468,-1248,366425240,0.20722222222222222
2012-11-06,468,-1250,366425240,4.8769444444444465
2012-11-06,468,-1250,367326360,1.1338888888888889
2012-11-06,468,-1249,366468000,0.42847222222222225
2012-11-06,468,-1250,366468000,4.8473611111111117
2012-11-06,468,-1250,367544000,1.7329166666666667
2012-11-06,468,-26,228253900,3.1031944444444446
2012-11-06,468,-27,228253900,3.3002777777777776
2012-11-06,468,-28,228253900,0.77583333333333337
2012-11-06,468,-27,228240600,1.7248611111111112
2012-11-06,468,-28,228240600,0.75055555555555553
2012-11-06,468,-1250,367078130,6.7876388888888881
2012-11-06,468,-1249,367078130,0.20875
2012-11-06,724,244,259269000,13.369444444444444
2012-11-06,724,-569,331074000,7.8918055555555551
2012-11-06,724,-568,331074000,7.9413888888888886
2012-11-06,-556,-658,725002460,2.3072222222222223
2012-11-06,-556,-659,725002460,12.583333333333332
2012-11-06,-300,-157,224084640,1.3125
2012-11-06,-300,367,224459000,0.70097222222222222
2012-11-06,-300,368,224459000,0.89055555555555554
2012-11-06,-300,366,224459000,4.0058333333333334
2012-11-06,-44,638,416078600,0.94861111111111107
2012-11-06,-44,640,416078600,1.5641666666666667
2012-11-06,-44,-1657,440810000,1.115
2012-11-06,-44,-1656,440810000,5.780555555555555
2012-11-06,-44,-1658,440810000,2.94625
2012-11-06,-44,-1493,440927000,2.5093055555555557
2012-11-06,-44,1799,441811000,1.3583333333333334
2012-11-06,-44,-1800,441811000,2.7304166666666667
2012-11-06,-44,1798,441811000,2.0451388888888888
2012-11-06,-44,-1797,441811000,3.4283333333333328
2012-11-06,-44,-1682,440808000,1.725
2012-11-06,-44,-1679,440808000,2.1875
2012-11-06,-44,-1780,529415000,0.84763888888888894
2012-11-06,-44,-1782,529415000,1.6708333333333334
2012-11-06,-44,-1554,440646000,1.8090277777777777
2012-11-06,-44,-1613,440590000,2.9493055555555552
2012-11-06,-44,-1618,440590000,0.90305555555555561
2012-11-06,-44,-1616,440590000,3.2262500000000003
2012-11-06,-44,-1614,440590000,1.8125
2012-11-06,-44,-1615,440590000,2.3013888888888889
2012-11-06,-44,-1619,440590000,0.9275
2012-11-06,-44,-1517,440952000,3.6316666666666664
2012-11-06,213,1130,412468242,1.3086111111111112
2012-11-06,213,1096,412480282,11.834722222222222
2012-11-06,213,1097,412480282,7.2305555555555561
2012-11-06,213,1126,412461595,4.1541666666666668
2012-11-06,213,1124,412461595,2.6399999999999997
2012-11-06,213,1125,412461595,2.1168055555555556
2012-11-06,213,1125,412461596,1.9648611111111112
2012-11-06,213,1124,100703012,0.26430555555555557
2012-11-06,213,1125,100703012,5.3416666666666668
2012-11-06,213,1130,910100026,10.43847222222222
2012-11-06,213,1084,412500036,0.55499999999999994
2012-11-06,213,1083,412500036,0.11208333333333333
2012-11-06,213,1094,412480336,0.23791666666666667
2012-11-06,213,1095,412479825,1.4929166666666669
2012-11-06,213,1130,100711268,5.080000000000001
2012-11-06,213,1095,999710063,0.11319444444444444
2012-11-06,213,1096,999710063,0.42083333333333334
2012-11-06,213,1124,412477301,0.67430555555555549
2012-11-06,213,1128,412476297,2.860555555555556
2012-11-06,213,1125,900000412,1.9513888888888888
2012-11-06,213,1126,900000412,2.6502777777777773
2012-11-06,213,1125,900001701,1.7852777777777777
2012-11-06,213,1126,900001701,2.7337500000000006
2012-11-06,213,1126,418888899,3.1965277777777779
2012-11-06,213,1125,418888899,1.5891666666666664
2012-11-06,213,1125,412477951,0.81861111111111118
2012-11-06,469,-27,227520000,0.97666666666666679
2012-11-06,469,-29,227520000,4.6993055555555552
2012-11-06,469,-28,227520000,7.8277777777777784
2012-11-06,469,-53,224152340,2.9726388888888891
2012-11-06,469,-57,224175430,15.019583333333333
2012-11-06,469,-28,227355000,4.6251388888888885
2012-11-06,469,-27,227355000,0.94888888888888889
2012-11-06,469,-29,227355000,3.1852777777777774
2012-11-06,469,-55,224141980,13.073333333333334
2012-11-06,469,-29,228240800,4.6677777777777765
2012-11-06,469,-27,228240800,0.90222222222222226
2012-11-06,469,-28,228240800,7.7887499999999994
2012-11-06,469,-28,228260000,7.2201388888888891
2012-11-06,469,-29,228260000,2.0777777777777779
2012-11-06,469,-26,228260000,4.0712499999999991
2012-11-06,469,-27,228260000,1.0218055555555554
2012-11-06,469,-30,228137900,0.72222222222222221
2012-11-06,469,-27,228137900,1.3248611111111113
2012-11-06,469,-28,228137900,4.628333333333333
2012-11-06,469,-29,228137900,2.3756944444444446
2012-11-06,469,-30,228931000,0.39916666666666667
2012-11-06,469,-29,228931000,2.8159722222222223
2012-11-06,469,-30,228253900,1.3491666666666666
2012-11-06,469,-29,228253900,1.6252777777777778
2012-11-06,469,-28,228253900,1.8765277777777778
2012-11-06,725,244,259269000,11.791666666666666
2012-11-06,725,-568,331074000,1.5351388888888891
2012-11-06,725,-569,331074000,1.5736111111111111
2012-11-06,-299,-157,224084640,4.9968055555555555
2012-11-06,-299,-56,224267000,5.4841666666666669
2012-11-06,-299,-53,224267000,4.26625
2012-11-06,-299,-49,224267000,1.5186111111111111
2012-11-06,-43,639,416078600,4.7668055555555551
2012-11-06,-43,638,416078600,3.4633333333333334
2012-11-06,-43,-1659,440810000,1.5477777777777777
2012-11-06,-43,-1799,441811000,1.4545833333333333
2012-11-06,-43,-1797,441811000,0.87222222222222223
2012-11-06,-43,-1800,441811000,2.6358333333333333
2012-11-06,-43,-1782,529415000,1.3113888888888889
2012-11-06,-43,-1780,529415000,0.90125
2012-11-06,-43,-1745,520241000,2.6040277777777776
2012-11-06,-43,-1613,440590000,1.8406944444444444
2012-11-06,-43,-1617,440590000,1.8923611111111112
2012-11-06,-43,-1615,440590000,1.0638888888888889
2012-11-06,-43,-1618,440590000,1.7536111111111112
2012-11-06,-43,-1616,440590000,0.89611111111111119
2012-11-06,214,1127,412476431,3.07625
2012-11-06,214,1121,412477206,7.3127777777777778
2012-11-06,214,1122,412477206,7.0065277777777784
2012-11-06,214,1116,412477218,9.9302777777777784
2012-11-06,214,1096,413903158,0.65597222222222218
2012-11-06,214,1125,412408888,3.7477777777777779
2012-11-06,214,1122,412475971,21.645694444444441
2012-11-06,214,1121,412475971,6.5577777777777779
2012-11-06,214,-216,224189000,5.1777777777777771
2012-11-06,214,1127,412476499,7.7331944444444431
2012-11-06,214,1122,412477301,6.63611111111111
2012-11-06,214,1124,412477301,8.1993055555555561
2012-11-06,214,1123,412477301,4.8601388888888888
2012-11-06,214,1122,900021896,3.3623611111111114
2012-11-06,214,1123,900021896,2.8172222222222221
2012-11-06,214,1128,412476297,3.1654166666666663
2012-11-06,214,1082,110300593,4.3459722222222226
2012-11-06,214,1083,110300593,19.517361111111107
2012-11-06,214,1123,910060748,5.6063888888888886
2012-11-06,214,1122,910060748,19.328333333333333
2012-11-06,214,1123,412476117,6.7191666666666663
2012-11-06,214,1125,412477951,0.645
2012-11-06,470,-30,228240900,1.3502777777777779
2012-11-06,470,-31,228240900,1.106111111111111
2012-11-06,470,-29,228240900,0.27458333333333335
2012-11-06,470,-56,224175430,12.759583333333333
2012-11-06,470,-30,227355000,3.7316666666666669
2012-11-06,470,-31,227355000,1.7966666666666669
2012-11-06,470,-55,224141980,5.7508333333333335
2012-11-06,470,-30,227876000,1.7838888888888889
2012-11-06,470,-29,227876000,3.3330555555555557
2012-11-06,470,-29,228240800,0.48152777777777778
2012-11-06,470,-28,228260000,1.225138888888889
2012-11-06,470,-31,228137900,0.70861111111111108
2012-11-06,470,-30,228137900,3.7351388888888892
2012-11-06,470,-29,228931000,2.1886111111111113
2012-11-06,470,-31,228253900,1.1591666666666667
2012-11-06,470,-30,228253900,1.4494444444444445
2012-11-06,470,-27,228300000,6.269861111111112
2012-11-06,470,-26,228300000,0.39944444444444444
2012-11-06,726,159,259602000,1.5486111111111112
2012-11-06,726,161,259602000,3.1862500000000002
2012-11-06,726,160,259132000,7.09
2012-11-06,726,163,259132000,2.3873611111111108
2012-11-06,-298,-51,224267000,1.5516666666666667
2012-11-06,-298,-55,224267000,1.4293055555555556
2012-11-06,-298,-54,224267000,1.8245833333333334
2012-11-06,-42,638,416078600,0.8930555555555556
2012-11-06,-42,637,416078600,1.6759722222222222
2012-11-06,-42,-1658,440810000,1.61625
2012-11-06,-42,-1657,440810000,4.1069444444444443
2012-11-06,-42,-1654,440810000,2.6372222222222224
2012-11-06,-42,-1655,440810000,1.9802777777777778
2012-11-06,-42,-1492,440927000,0.96361111111111108
2012-11-06,-42,-1491,440927000,0.9475
2012-11-06,-42,-1798,441811000,1.8304166666666666
2012-11-06,-42,-1797,441811000,1.2190277777777778
2012-11-06,-42,-1684,440808000,1.0420833333333333
2012-11-06,-42,-1679,440808000,1.84625
2012-11-06,-42,-1683,440808000,0.98277777777777775
2012-11-06,-42,-1786,529415000,0.87486111111111109
2012-11-06,-42,-1782,529415000,0.97958333333333325
2012-11-06,-42,-1783,529415000,2
2012-11-06,-42,-1784,529415000,1.7131944444444445
2012-11-06,-42,1769,512000089,1.5797222222222222
2012-11-06,-42,-1746,520241000,0.9127777777777778
2012-11-06,-42,-1747,520241000,4.7080555555555552
2012-11-06,-42,-1514,440772000,2.5366666666666666
2012-11-06,-42,-1617,440590000,1.8347222222222221
2012-11-06,-42,-1612,440590000,2.4365277777777781
2012-11-06,-42,-1620,440781000,1.8238888888888889
2012-11-06,-42,-1619,440781000,1.838888888888889
2012-11-06,-42,-1623,440781000,2.0119444444444441
2012-11-06,-42,-1624,440781000,1.7005555555555554
2012-11-06,-42,-1622,440781000,1.85
2012-11-06,215,1126,412464384,7.8163888888888895
2012-11-06,215,1126,412464385,4.8848611111111113
2012-11-06,215,1125,412464385,1.1097222222222223
2012-11-06,215,1126,412464386,8.0720833333333335
2012-11-06,215,1127,412464386,4.4340277777777777
2012-11-06,215,1119,412464396,12.06736111111111
2012-11-06,215,1120,412464396,1.5922222222222224
2012-11-06,215,1127,412464399,2.4211111111111112
2012-11-06,215,1125,412464399,0.49722222222222223
2012-11-06,215,1126,412464399,9.4288888888888884
2012-11-06,215,1119,412464404,17.151666666666671
2012-11-06,215,1126,412464416,11.860555555555555
2012-11-06,215,1127,412464416,12.167083333333331
2012-11-06,215,1127,412464417,3.1866666666666665
2012-11-06,215,1126,412464417,8.9718055555555569
2012-11-06,215,1118,412477218,7.6948611111111109
2012-11-06,215,1131,412461605,17.59125
2012-11-06,215,1130,412461605,1.5940277777777778
2012-11-06,215,1119,412464421,0.445
2012-11-06,215,1126,412464429,6.5619444444444444
2012-11-06,215,1126,412464435,8.3868055555555543
2012-11-06,215,1127,412464435,2.40625
2012-11-06,215,1125,412464435,0.920138888888889
2012-11-06,215,1096,413903158,13.726111111111111
2012-11-06,215,1133,412478518,11.026805555555555
2012-11-06,215,1125,412408888,8.2359722222222214
2012-11-06,215,1119,412478275,5.0548611111111112
2012-11-06,215,1120,412477252,8.0854166666666671
2012-11-06,215,1119,412477252,3.0358333333333336
2012-11-06,215,1131,412461638,18.914305555555558
2012-11-06,215,-216,224189000,2.3156944444444445
2012-11-06,215,1125,412468556,1.4866666666666666
2012-11-06,215,1128,412468556,1.2494444444444444
2012-11-06,215,1132,412478553,15.526111111111112
2012-11-06,215,1131,412478553,9.68375
2012-11-06,215,1126,412464222,8.0952777777777776
2012-11-06,215,1119,100702825,4.0955555555555554
2012-11-06,215,1117,900002666,6.195555555555555
2012-11-06,215,1126,412464236,0.82013888888888886
2012-11-06,215,1120,412477298,7.2884722222222234
2012-11-06,215,1119,412477298,8.9394444444444439
2012-11-06,215,1126,412464245,7.4704166666666669
2012-11-06,215,1131,900001653,16.484166666666667
2012-11-06,215,1126,412464249,7.4634722222222223
2012-11-06,215,1126,412464255,8.0613888888888887
2012-11-06,215,1130,412461702,0.34986111111111112
2012-11-06,215,1131,412461702,29.05972222222222
2012-11-06,215,1128,412476297,8.35763888888889
2012-11-06,215,1126,412464269,0.36402777777777778
2012-11-06,215,1131,412464785,4.3783333333333339
2012-11-06,215,1130,412464785,4.2336111111111112
2012-11-06,215,1126,412464283,0.35222222222222221
2012-11-06,215,1126,412464289,11.030555555555555
2012-11-06,215,1130,900001446,4.1501388888888888
2012-11-06,215,1131,900001446,16.639583333333334
2012-11-06,215,1126,412464295,1.7995833333333333
2012-11-06,215,1124,412480423,6.99
2012-11-06,215,1126,412477872,1.4584722222222224
2012-11-06,215,1117,412478386,2.2880555555555553
2012-11-06,215,1126,412464329,8.0506944444444439
2012-11-06,215,1125,412464329,0.48888888888888893
2012-11-06,215,1127,412464329,3.2113888888888891
2012-11-06,215,1123,412464334,8.6194444444444436
2012-11-06,215,1123,412476117,11.892777777777777
2012-11-06,215,1120,412464346,0.76680555555555563
2012-11-06,215,1119,412464346,5.3862500000000013
2012-11-06,215,1126,412464368,8.6180555555555571
2012-11-06,215,1127,412464368,9.5283333333333324
2012-11-06,471,-30,228240900,6.3891666666666653
2012-11-06,471,-29,228240900,2.354166666666667
2012-11-06,471,-31,228240900,1.5293055555555555
2012-11-06,471,-30,228239900,7.8081944444444442
2012-11-06,471,-29,228239900,1.9283333333333335
2012-11-06,471,-31,228239900,0.4604166666666667
2012-11-06,471,-29,228264000,0.90180555555555553
2012-11-06,471,-31,228264000,0.95611111111111113
2012-11-06,471,-30,228264000,2.6811111111111114
2012-11-06,471,-31,228157000,0.71736111111111112
2012-11-06,471,-29,228157000,0.75375
2012-11-06,471,-30,228157000,10.366666666666669
2012-11-06,471,-31,227879000,0.29486111111111113
2012-11-06,471,-29,227879000,0.67416666666666669
2012-11-06,471,-30,227879000,12.162777777777775
2012-11-06,471,-28,227878000,0.45652777777777775
2012-11-06,471,-31,227878000,0.89805555555555561
2012-11-06,471,-30,227878000,3.9756944444444442
2012-11-06,471,-29,227878000,2.1501388888888893
2012-11-06,471,-31,227419000,0.77930555555555558
2012-11-06,471,-30,227419000,5.0280555555555564
2012-11-06,471,-29,227419000,0.70694444444444449
2012-11-06,471,-30,227876000,8.51902777777778
2012-11-06,471,-29,227876000,1.097777777777778
2012-11-06,471,-30,227908000,3.5713888888888894
2012-11-06,471,-31,227908000,4.4044444444444446
2012-11-06,471,-29,227908000,0.48083333333333333
2012-11-06,471,-1252,366207650,4.8479166666666664
2012-11-06,471,-1251,366207650,5.1220833333333324
2012-11-06,471,-31,228137900,0.33486111111111111
2012-11-06,471,-31,228931000,2.1981944444444443
2012-11-06,471,-29,228931000,2.9916666666666671
2012-11-06,471,-30,228931000,5.1647222222222213
2012-11-06,471,-31,228920000,1.4098611111111112
2012-11-06,471,-28,228920000,0.46597222222222218
2012-11-06,471,-30,228920000,3.7536111111111108
2012-11-06,471,-1250,367544000,5.70625
2012-11-06,471,-31,228248000,0.40791666666666671
2012-11-06,471,-30,228248000,5.66611111111111
2012-11-06,471,-31,228253900,0.4325
2012-11-06,471,-30,228253900,4.4718055555555551
2012-11-06,471,-29,228253900,0.84319444444444447
2012-11-06,471,-30,228193000,8.7394444444444428
2012-11-06,471,-29,228193000,4.2295833333333324
2012-11-06,727,161,259602000,2.3918055555555555
2012-11-06,727,508,251015000,1.5497222222222222
2012-11-06,727,505,251015000,7.1390277777777786
2012-11-06,727,511,251015000,3.115277777777778
2012-11-06,727,163,259132000,2.3890277777777778
2012-11-06,727,161,259132000,3.114583333333333
2012-11-06,727,160,259132000,3.8931944444444442
2012-11-06,727,161,257120500,1.5416666666666665
2012-11-06,-297,-163,224084640,5.7816666666666663
2012-11-06,-297,-52,224267000,1.0322222222222222
2012-11-06,-41,638,416078600,1.7737500000000002
2012-11-06,-41,640,416078600,0.8651388888888889
2012-11-06,-41,639,416078600,3.1573611111111108
2012-11-06,-41,637,416078600,1.7194444444444446
2012-11-06,-41,-1489,440927000,1.7547222222222221
2012-11-06,-41,-1680,440808000,1.5509722222222222
2012-11-06,-41,-1786,529415000,0.95569444444444451
2012-11-06,-41,-1784,529415000,1.7277777777777779
2012-11-06,-41,-1783,529415000,1.1209722222222223
2012-11-06,-41,-1782,529415000,1.6737499999999998
2012-11-06,-41,-1472,412420197,10.519861111111112
2012-11-06,-41,-1619,440781000,2.6708333333333334
2012-11-06,-41,-1623,440781000,1.7097222222222221
2012-11-06,-41,-1620,440781000,4.7065277777777776
2012-11-06,216,1126,412464385,5.5034722222222223
2012-11-06,216,1119,412464396,1.029722222222222
2012-11-06,216,1132,412461605,1.6363888888888889
2012-11-06,216,1131,412461605,2.8252777777777776
2012-11-06,216,1128,412464429,2.5004166666666663
2012-11-06,216,1131,412461638,2.805416666666666
2012-11-06,216,1132,412461638,3.0629166666666663
2012-11-06,216,1126,412464236,8.989305555555557
2012-11-06,216,1128,412464245,7.9201388888888893
2012-11-06,216,1132,900001653,5.4179166666666667
2012-11-06,216,1130,900019088,0.34986111111111107
2012-11-06,216,1131,900001446,7.8149999999999995
2012-11-06,216,1127,412464295,6.9198611111111106
2012-11-06,216,1130,800023470,4.0524999999999993
2012-11-06,216,1129,800023470,7.1297222222222221
2012-11-06,216,1131,800023470,0.71763888888888894
2012-11-06,216,1127,412477872,11.944583333333334
2012-11-06,216,1117,412478386,8.1281944444444445
2012-11-06,216,1126,412464314,7.6041666666666661
2012-11-06,216,1128,412464317,3.7856944444444443
2012-11-06,216,1128,412477629,0.71513888888888888
2012-11-06,216,1129,412477629,0.33361111111111108
2012-11-06,216,1131,900003778,3.2870833333333334
2012-11-06,216,1129,412464323,0.2575
2012-11-06,216,1128,412464323,4.6711111111111112
2012-11-06,216,1126,412464329,0.33486111111111111
2012-11-06,216,1130,412464585,0.20333333333333334
2012-11-06,216,1123,412464334,15.343888888888889
2012-11-06,216,1126,412464335,7.2577777777777772
2012-11-06,216,1126,412464353,0.19597222222222221
2012-11-06,472,-29,228240900,1.690277777777778
2012-11-06,472,-30,228240900,6.4813888888888895
2012-11-06,472,-35,228131600,0.57597222222222222
2012-11-06,472,-28,228239900,0.951388888888889
2012-11-06,472,-30,228239900,9.0874999999999986
2012-11-06,472,-29,228239900,1.33
2012-11-06,472,-32,228224800,10.731388888888889
2012-11-06,472,-33,228224800,0.42472222222222222
2012-11-06,472,-29,228264000,0.86430555555555555
2012-11-06,472,-30,228264000,2.4251388888888887
2012-11-06,472,-31,228264000,0.27444444444444444
2012-11-06,472,-30,228157000,3.4845833333333336
2012-11-06,472,-29,228157000,0.95124999999999993
2012-11-06,472,-29,227879000,3.7369444444444442
2012-11-06,472,-30,227879000,4.3794444444444443
2012-11-06,472,-28,227879000,1.0963888888888889
2012-11-06,472,-29,227878000,5.7872222222222227
2012-11-06,472,-30,227878000,8.4065277777777752
2012-11-06,472,-30,227419000,0.830138888888889
2012-11-06,472,-57,228020600,6.031944444444445
2012-11-06,472,-56,228020600,12.024027777777778
2012-11-06,472,-55,228020600,8.5429166666666667
2012-11-06,472,-60,228282000,12.174305555555556
2012-11-06,472,-60,228186000,9.3426388888888887
2012-11-06,472,-58,228186000,11.792777777777777
2012-11-06,472,-59,228186000,5.0886111111111108
2012-11-06,472,-28,227876000,0.25472222222222224
2012-11-06,472,-30,227876000,2.83625
2012-11-06,472,-29,227876000,0.95680555555555569
2012-11-06,472,-29,227908000,1.1548611111111111
2012-11-06,472,-28,227908000,0.48097222222222219
2012-11-06,472,-30,227908000,3.3816666666666664
2012-11-06,472,-29,228931000,1.0970833333333334
2012-11-06,472,-30,228931000,3.253055555555556
2012-11-06,472,-29,228920000,4.97
2012-11-06,472,-30,228920000,7.8952777777777792
2012-11-06,472,-31,228248000,0.34986111111111112
2012-11-06,472,-30,228248000,9.8211111111111116
2012-11-06,472,-477,231053000,5.0136111111111106
2012-11-06,472,-476,231053000,4.9843055555555553
2012-11-06,472,-29,228253900,0.43722222222222223
2012-11-06,472,-30,228253900,3.3051388888888891
2012-11-06,472,-41,227575000,0.846111111111111
2012-11-06,472,-29,228193000,3.3213888888888885
2012-11-06,472,-30,228193000,0.79958333333333331
2012-11-06,728,163,258121000,2.348611111111111
2012-11-06,728,161,331325000,1.5722222222222222
2012-11-06,728,506,251015000,4.7277777777777779
2012-11-06,728,510,251015000,3.1691666666666669
2012-11-06,728,508,251015000,3.1141666666666667
2012-11-06,728,509,251015000,1.560138888888889
2012-11-06,728,506,231751000,10.230694444444445
2012-11-06,728,509,231751000,11.804861111111112
2012-11-06,-552,-659,701068000,1.1359722222222222
2012-11-06,-552,-658,701068000,1.5902777777777777
2012-11-06,-552,-662,701068000,0.79513888888888884
2012-11-06,-296,-156,224094520,1.8526388888888889
2012-11-06,-296,-157,224094520,4.61375
2012-11-06,-296,-158,224094520,1.1365277777777778
2012-11-06,-296,361,224022910,3.7316666666666665
2012-11-06,-296,368,224544160,4.2723611111111106
2012-11-06,-296,-51,224267000,3.7429166666666664
2012-11-06,-296,-52,224267000,0.88916666666666666
2012-11-06,-40,-1680,440808000,1.6055555555555556
2012-11-06,-40,-1783,529415000,0.81097222222222221
2012-11-06,-40,-1472,412420197,1.4073611111111111
2012-11-06,-40,-1471,412420197,0.87847222222222221
2012-11-06,-40,-1622,440781000,3.5969444444444445
2012-11-06,-40,-1621,440781000,1.9227777777777777
2012-11-06,217,1128,412464384,14.528194444444445
2012-11-06,217,1129,412464384,1.7284722222222224
2012-11-06,217,1133,900017931,1.7354166666666666
2012-11-06,217,1134,900017931,14.940833333333332
2012-11-06,217,1131,412467981,7.8622222222222229
2012-11-06,217,1132,412467981,0.92652777777777773
2012-11-06,217,1132,412881681,0.40805555555555556
2012-11-06,217,1133,412468241,6.3023611111111117
2012-11-06,217,1134,412468241,0.68375000000000008
2012-11-06,217,1128,412464409,0.83055555555555549
2012-11-06,217,1129,412464422,8.942499999999999
2012-11-06,217,1130,412464422,0.83736111111111111
2012-11-06,217,1130,900005670,1.0326388888888889
2012-11-06,217,1131,900005670,0.68236111111111108
2012-11-06,217,1133,900010792,2.4615277777777775
2012-11-06,217,1132,900010792,6.3065277777777773
2012-11-06,217,1130,900010792,1.09625
2012-11-06,217,1131,900010792,4.9122222222222218
2012-11-06,217,1129,412464429,4.3623611111111114
2012-11-06,217,1128,412464429,2.3834722222222222
2012-11-06,217,1131,412110383,5.2808333333333328
2012-11-06,217,1132,412110383,0.82194444444444437
2012-11-06,217,1130,412476722,12.92486111111111
2012-11-06,217,1134,910100030,11.750555555555556
2012-11-06,217,1131,412464959,1.5948611111111111
2012-11-06,217,1130,412464959,0.20875
2012-11-06,217,1130,412476743,8.6365277777777774
2012-11-06,217,1131,412477511,2.0577777777777779
2012-11-06,217,-216,224189000,5.86125
2012-11-06,217,1132,900017746,4.9136111111111109
2012-11-06,217,1133,900017746,11.934166666666666
2012-11-06,217,1130,412464978,4.9968055555555555
2012-11-06,217,1129,412464978,3.0515277777777778
2012-11-06,217,1128,412464222,15.750416666666666
2012-11-06,217,1131,412464992,4.39138888888889
2012-11-06,217,1132,412464992,0.65319444444444452
2012-11-06,217,1131,412464737,1.1258333333333335
2012-11-06,217,1129,412464245,4.2143055555555557
2012-11-06,217,1128,412464245,11.27138888888889
2012-11-06,217,1129,412464249,4.71125
2012-11-06,217,1128,412464249,10.800972222222223
2012-11-06,217,1129,412464255,0.55444444444444452
2012-11-06,217,1128,412464256,0.44236111111111109
2012-11-06,217,1127,412464256,0.27180555555555558
2012-11-06,217,1129,412464263,0.36638888888888888
2012-11-06,217,1128,412464263,0.88416666666666677
2012-11-06,217,1129,412464269,1.8318055555555555
2012-11-06,217,1128,412464269,6.4065277777777778
2012-11-06,217,1131,900019088,8.4233333333333338
2012-11-06,217,1132,900019088,3.2344444444444447
2012-11-06,217,1130,900019088,1.29625
2012-11-06,217,1129,412464273,12.310277777777777
2012-11-06,217,1128,412464273,0.59625
2012-11-06,217,1129,412464283,0.517361111111111
2012-11-06,217,1128,412464283,14.465972222222222
2012-11-06,217,1129,412464284,21.687777777777775
2012-11-06,217,1128,412464286,12.926527777777777
2012-11-06,217,1129,412464286,2.57875
2012-11-06,217,1129,412464295,2.8905555555555553
2012-11-06,217,1128,412464295,11.779166666666667
2012-11-06,217,1130,900017835,2.0963888888888889
2012-11-06,217,1129,900017835,1.5898611111111112
2012-11-06,217,1132,900017835,3.3248611111111113
2012-11-06,217,1128,900017835,0.34305555555555556
2012-11-06,217,1131,900017835,6.955
2012-11-06,217,1133,800023470,12.002083333333333
2012-11-06,217,1132,800023470,2.2575
2012-11-06,217,1128,412464306,7.3424999999999994
2012-11-06,217,1133,900019381,1.2091666666666667
2012-11-06,217,1134,900019381,13.88527777777778
2012-11-06,217,1128,412464314,14.077777777777778
2012-11-06,217,1129,412464314,1.8470833333333334
2012-11-06,217,1128,412464315,5.0580555555555549
2012-11-06,217,1129,412464315,2.2215277777777778
2012-11-06,217,1132,412464572,7.9968055555555555
2012-11-06,217,1133,412464572,0.89916666666666667
2012-11-06,217,1128,412464317,1.9830555555555556
2012-11-06,217,1129,412464317,3.474444444444444
2012-11-06,217,1130,412464573,6.4933333333333332
2012-11-06,217,1129,412464573,3.821944444444445
2012-11-06,217,1129,412477629,0.55013888888888884
2012-11-06,217,1131,412464576,0.84027777777777779
2012-11-06,217,1132,412464576,5.8288888888888888
2012-11-06,217,1131,412476608,4.5458333333333334
2012-11-06,217,1129,412464322,4.3918055555555551
2012-11-06,217,1128,412464322,5.13875
2012-11-06,217,1131,412464578,2.0929166666666665
2012-11-06,217,1130,412464578,0.88847222222222233
2012-11-06,217,1134,900003778,2.0799999999999996
2012-11-06,217,1133,900003778,6.1491666666666669
2012-11-06,217,1128,412464323,2.9869444444444442
2012-11-06,217,1129,412464323,1.29375
2012-11-06,217,1130,412464585,8.2659722222222243
2012-11-06,217,1129,412464585,6.0811111111111131
2012-11-06,217,1128,412464335,13.635277777777778
2012-11-06,217,1129,412464335,2.5194444444444444
2012-11-06,217,1129,412464355,6.2375
2012-11-06,217,1133,900018669,2.3722222222222222
2012-11-06,217,1132,900018669,15.918888888888889
2012-11-06,217,1131,900018669,5.2120833333333323
2012-11-06,217,1129,412464366,10.644583333333333
2012-11-06,217,1131,900018673,1.4656944444444444
2012-11-06,217,1132,900018673,1.15
2012-11-06,217,1133,900018673,1.4602777777777778
2012-11-06,217,1131,412881650,1.547638888888889
2012-11-06,473,1394,273420800,11.802916666666667
2012-11-06,473,1393,273420800,7.1906944444444445
2012-11-06,473,-35,228131600,0.41986111111111113
2012-11-06,473,-35,227443000,1.8861111111111111
2012-11-06,473,-35,227922000,0.38694444444444442
2012-11-06,473,-1226,367045720,4.8330555555555552
2012-11-06,473,1393,273892700,1.6143055555555557
2012-11-06,473,1395,273892700,4.5972222222222223
2012-11-06,473,1394,273892700,1.9726388888888891
2012-11-06,473,-477,276451000,4.2847222222222223
2012-11-06,473,1391,273828800,19.050694444444446
2012-11-06,473,-476,231053000,4.790972222222222
2012-11-06,473,-477,231053000,8.3448611111111113
2012-11-06,473,-35,227415000,1.3086111111111112
2012-11-06,473,-41,227575000,3.5093055555555557
2012-11-06,729,164,258121000,2.3804166666666666
2012-11-06,729,158,258121000,3.9693055555555556
2012-11-06,729,160,331325000,2.3402777777777777
2012-11-06,729,163,331325000,1.5333333333333332
2012-11-06,729,161,331325000,3.19875
2012-11-06,729,152,258348000,1.5572222222222223
2012-11-06,729,150,258348000,5.5020833333333332
2012-11-06,729,155,258348000,1.5593055555555555
2012-11-06,729,154,258348000,3.1318055555555557
2012-11-06,729,153,258348000,3.9748611111111112
2012-11-06,729,149,258348000,5.5231944444444441
2012-11-06,729,151,258348000,2.3751388888888889
2012-11-06,-551,-660,701068000,0.772361111111111
2012-11-06,-551,-661,701068000,6.6884722222222228
2012-11-06,-551,-659,701068000,2.0486111111111107
2012-11-06,-551,-657,701068000,5.6504166666666666
2012-11-06,-295,-160,224094520,0.82777777777777772
2012-11-06,-295,-158,224094520,1.820138888888889
2012-11-06,-295,-155,224094520,4.9994444444444444
2012-11-06,-295,-161,224094520,4.2426388888888891
2012-11-06,-295,-157,224094520,0.55402777777777779
2012-11-06,-295,362,224022910,1.8463888888888889
2012-11-06,-295,367,224544160,3.9443055555555553
2012-11-06,-39,-1658,440810000,1.9726388888888888
2012-11-06,-39,-1680,440808000,2.3343055555555559
2012-11-06,-39,-1470,412420197,10.942361111111111
2012-11-06,-39,-1471,412420197,0.82819444444444446
2012-11-06,-39,-1514,440772000,1.941111111111111
2012-11-06,-39,-1512,440772000,1.7347222222222221
2012-11-06,218,1132,412464645,4.4516666666666662
2012-11-06,218,1131,412464645,6.7265277777777781
2012-11-06,218,1133,412881676,11.749305555555557
2012-11-06,218,1132,412467981,13.285972222222222
2012-11-06,218,1131,412467981,1.8958333333333333
2012-11-06,218,1133,412881681,10.224166666666665
2012-11-06,218,1132,412881681,0.98430555555555554
2012-11-06,218,1131,412464913,7.0979166666666655
2012-11-06,218,1134,412468241,0.37388888888888888
2012-11-06,218,1132,412468241,0.69597222222222221
2012-11-06,218,1133,412468241,0.8725
2012-11-06,218,1128,412464409,1.757916666666667
2012-11-06,218,1133,412477471,2.2323611111111115
2012-11-06,218,1131,900005670,4.4666666666666668
2012-11-06,218,1132,900005670,8.2594444444444441
2012-11-06,218,1132,900010792,7.7427777777777775
2012-11-06,218,1133,900010792,0.33333333333333337
2012-11-06,218,1136,900003369,0.36652777777777779
2012-11-06,218,1135,900003369,1.8745833333333333
2012-11-06,218,1132,412110383,8.3458333333333332
2012-11-06,218,1131,412110383,0.23
2012-11-06,218,1136,900022064,2.065
2012-11-06,218,1134,900022064,1.0577777777777779
2012-11-06,218,1135,900022064,1.9144444444444444
2012-11-06,218,1131,412464436,11.909166666666668
2012-11-06,218,1130,412464436,5.246666666666667
2012-11-06,218,1132,412477748,1.618888888888889
2012-11-06,218,1133,412477748,1.0726388888888889
2012-11-06,218,1131,412464443,1.13
2012-11-06,218,1128,412464443,11.483611111111111
2012-11-06,218,1135,910100030,2.1609722222222221
2012-11-06,218,1131,412464959,3.3909722222222225
2012-11-06,218,1132,412464959,7.1983333333333333
2012-11-06,218,1135,900022080,1.2009722222222223
2012-11-06,218,1134,900022080,0.72513888888888889
2012-11-06,218,1136,900022080,0.33236111111111111
2012-11-06,218,1129,412464448,0.77555555555555555
2012-11-06,218,1131,412477511,1.5827777777777778
2012-11-06,218,1134,412477778,3.7497222222222222
2012-11-06,218,1133,412477778,0.64722222222222225
2012-11-06,218,1130,412464724,8.8872222222222224
2012-11-06,218,1131,412464983,10.650416666666665
2012-11-06,218,1132,412464992,7.2366666666666672
2012-11-06,218,1131,412464992,2.6558333333333333
2012-11-06,218,1130,412464225,3.5948611111111113
2012-11-06,218,1132,412464737,4.9744444444444449
2012-11-06,218,1130,412464737,0.12166666666666667
2012-11-06,218,1131,412464737,5.7886111111111109
2012-11-06,218,1133,412476773,3.8202777777777777
2012-11-06,218,1133,412464743,6.2838888888888889
2012-11-06,218,1131,412464237,7.0693055555555553
2012-11-06,218,1129,412464249,1.0459722222222223
2012-11-06,218,1129,412464255,0.92222222222222228
2012-11-06,218,1128,412464255,14.64486111111111
2012-11-06,218,1127,412464256,0.72541666666666671
2012-11-06,218,1128,412464256,7.2280555555555557
2012-11-06,218,1132,412464777,13.580833333333333
2012-11-06,218,1131,412464777,8.6923611111111114
2012-11-06,218,1131,412464266,11.935416666666665
2012-11-06,218,1133,412476559,5.1279166666666667
2012-11-06,218,1128,412464273,1.0704166666666666
2012-11-06,218,1129,412464273,1.7833333333333332
2012-11-06,218,1133,412476561,2.3458333333333332
2012-11-06,218,1134,412476057,0.13277777777777777
2012-11-06,218,1132,412476315,12.400972222222222
2012-11-06,218,1129,412464284,2.8297222222222222
2012-11-06,218,1128,412464286,8.3902777777777775
2012-11-06,218,1128,412464289,10.917916666666667
2012-11-06,218,1131,412464294,6.8961111111111126
2012-11-06,218,1132,412464294,0.34611111111111109
2012-11-06,218,1132,900017835,2.3473611111111112
2012-11-06,218,1135,900019381,1.8645833333333335
2012-11-06,218,1136,900019381,1.2713888888888889
2012-11-06,218,1132,412889782,1.3680555555555556
2012-11-06,218,1130,412477624,10.675833333333333
2012-11-06,218,1131,412477624,13.31138888888889
2012-11-06,218,1132,412464315,1.4206944444444445
2012-11-06,218,1131,412464315,2.4718055555555551
2012-11-06,218,1131,412464316,11.207222222222221
2012-11-06,218,1133,412464572,7.6000000000000005
2012-11-06,218,1134,412464572,9.0208333333333357
2012-11-06,218,1132,412477372,12.886111111111109
2012-11-06,218,1133,412464574,4.725138888888889
2012-11-06,218,1134,412464574,0.31875
2012-11-06,218,1132,412464576,0.68333333333333335
2012-11-06,218,1131,412464576,15.321666666666667
2012-11-06,218,1131,412476608,10.541805555555555
2012-11-06,218,1132,412464578,7.6445833333333333
2012-11-06,218,1131,412464578,3.902916666666667
2012-11-06,218,1131,412464834,0.21833333333333332
2012-11-06,218,1130,412464834,0.89416666666666655
2012-11-06,218,1134,900003778,1.9216666666666666
2012-11-06,218,1135,900003778,1.6433333333333335
2012-11-06,218,1134,412477637,1.7718055555555559
2012-11-06,218,1133,412477637,1.0126388888888889
2012-11-06,218,1129,412464326,1.4969444444444444
2012-11-06,218,1133,412464582,4.6138888888888889
2012-11-06,218,1134,412464582,1.0086111111111111
2012-11-06,218,1133,412464583,11.888888888888891
2012-11-06,218,1132,412464583,2.2302777777777774
2012-11-06,218,1131,412464584,1.3598611111111112
2012-11-06,218,1132,412464584,7.835
2012-11-06,218,1134,900007884,11.711944444444445
2012-11-06,218,1133,900007884,8.5090277777777779
2012-11-06,218,1129,412464588,8.781944444444445
2012-11-06,218,1131,412464339,10.866666666666667
2012-11-06,218,1131,412464341,16.927361111111107
2012-11-06,218,1132,412476632,6.1375
2012-11-06,218,1131,412464348,0.45055555555555554
2012-11-06,218,1130,412464348,0.71680555555555558
2012-11-06,218,1130,412464357,1.0041666666666667
2012-11-06,218,1132,412464618,6.33
2012-11-06,218,1131,412464618,3.6890277777777776
2012-11-06,218,1132,900018673,1.935
2012-11-06,218,1133,900018673,2.0612500000000002
2012-11-06,218,1134,900018673,3.9902777777777776
2012-11-06,218,1132,412881650,2.7116666666666669
2012-11-06,218,1131,412881650,1.3794444444444447
2012-11-06,218,1130,412464376,1.567361111111111
2012-11-06,218,1131,412464376,0.20555555555555555
2012-11-06,218,1131,412464637,0.42902777777777779
2012-11-06,218,1132,412464637,12.072083333333335
2012-11-06,474,-43,228341000,10.682638888888889
2012-11-06,474,-42,228341000,6.5943055555555556
2012-11-06,474,-35,228131600,6.0408333333333344
2012-11-06,474,-34,228224800,3.7109722222222223
2012-11-06,474,-33,228224800,5.8415277777777774
2012-11-06,474,-46,228905000,0.72694444444444439
2012-11-06,474,-45,228905000,0.85083333333333333
2012-11-06,474,-58,228158000,14.365833333333333
2012-11-06,474,-35,227443000,3.9259722222222213
2012-11-06,474,-36,227443000,1.4873611111111114
2012-11-06,474,-34,228370000,10.683472222222219
2012-11-06,474,-35,228370000,0.68152777777777773
2012-11-06,474,-33,228370000,6.44361111111111
2012-11-06,474,-36,227922000,0.20375
2012-11-06,474,-35,227922000,6.1163888888888893
2012-11-06,474,1393,273892700,4.6048611111111111
2012-11-06,474,1396,273892700,6.4652777777777777
2012-11-06,474,-34,228380000,2.8816666666666664
2012-11-06,474,-33,228380000,10.24013888888889
2012-11-06,474,-51,228282000,7.934861111111112
2012-11-06,474,-39,228218000,1.2733333333333332
2012-11-06,474,-38,228218000,1.7390277777777778
2012-11-06,474,-39,228247700,1.1219444444444444
2012-11-06,474,-40,228247700,2.9458333333333329
2012-11-06,474,-1226,367356320,10.924722222222222
2012-11-06,474,-33,227481000,9.6170833333333317
2012-11-06,474,-34,227481000,8.4209722222222236
2012-11-06,474,-39,228312000,1.8705555555555555
2012-11-06,474,-40,228312000,1.8094444444444442
2012-11-06,474,-72,228021700,2.0483333333333333
2012-11-06,474,-477,231053000,1.8944444444444446
2012-11-06,474,-36,228834000,0.65597222222222218
2012-11-06,474,-37,228834000,1.8952777777777776
2012-11-06,474,-36,227415000,2.2518055555555554
2012-11-06,474,-35,227415000,1.28875
2012-11-06,474,-41,227575000,0.39819444444444441
2012-11-06,474,-39,227575000,0.54958333333333331
2012-11-06,474,-40,227575000,2.9777777777777779
2012-11-06,474,-43,224052970,3.677083333333333
2012-11-06,474,-42,224052970,22.085138888888888
2012-11-06,730,160,331325000,4.7205555555555554
2012-11-06,730,161,331325000,1.5555555555555556
2012-11-06,-294,-159,224094520,1.5658333333333332
2012-11-06,-294,-160,224094520,1.5351388888888888
2012-11-06,-294,-157,224094520,1.2379166666666668
2012-11-06,-294,363,224022910,1.5554166666666667
2012-11-06,-294,367,224544160,3.2730555555555556
2012-11-06,-294,-442,224302000,1.3393055555555555
2012-11-06,-38,-1680,440808000,1.0404166666666668
2012-11-06,219,1131,412464913,0.75208333333333333
2012-11-06,219,1130,412464913,2.2420833333333334
2012-11-06,219,1130,412464414,2.7916666666666665
2012-11-06,219,1134,412477471,1.326111111111111
2012-11-06,219,1133,412477471,2.6223611111111111
2012-11-06,219,1136,900003369,0.44013888888888886
2012-11-06,219,1130,412464436,5.7981944444444444
2012-11-06,219,1133,412477748,2.9045833333333326
2012-11-06,219,1136,910060342,1.6322222222222222
2012-11-06,219,1135,910060342,5.4638888888888886
2012-11-06,219,1136,412462144,2.8241666666666667
2012-11-06,219,1135,412462144,3.6993055555555552
2012-11-06,219,1137,412462144,0.47458333333333336
2012-11-06,219,1134,900017733,1.7752777777777777
2012-11-06,219,1136,900017733,1.9841666666666664
2012-11-06,219,1135,900017733,3.1776388888888887
2012-11-06,219,1134,412477778,3.8777777777777778
2012-11-06,219,1130,412464724,18.518055555555556
2012-11-06,219,1134,412477781,7.6704166666666662
2012-11-06,219,1133,412478048,3.4941666666666666
2012-11-06,219,1134,412478048,1.2752777777777777
2012-11-06,219,1131,412464225,1.4952777777777777
2012-11-06,219,1130,412464225,5.85138888888889
2012-11-06,219,1133,412478052,15.208888888888891
2012-11-06,219,1133,412464743,5.9362499999999994
2012-11-06,219,1130,412464237,3.9369444444444439
2012-11-06,219,1135,900020354,11.113194444444446
2012-11-06,219,1136,900020354,12.776944444444446
2012-11-06,219,1133,412477833,0.75111111111111106
2012-11-06,219,1134,412477833,1.7859722222222221
2012-11-06,219,1134,412477835,1.8598611111111112
2012-11-06,219,1133,412477835,0.67513888888888884
2012-11-06,219,1136,412462223,1.8255555555555554
2012-11-06,219,1133,412476559,0.82458333333333333
2012-11-06,219,1136,412462224,1.7073611111111111
2012-11-06,219,1133,412476561,1.8940277777777776
2012-11-06,219,1135,412478611,3.3429166666666665
2012-11-06,219,1136,412478611,4.8238888888888889
2012-11-06,219,1134,412476567,0.45375
2012-11-06,219,1134,412476057,0.51652777777777781
2012-11-06,219,1131,412464294,2.1326388888888888
2012-11-06,219,1130,412464294,1.2406944444444445
2012-11-06,219,1133,412477372,1.742083333333333
2012-11-06,219,1132,412477372,8.5201388888888889
2012-11-06,219,1134,412464574,2.4905555555555559
2012-11-06,219,1135,412477637,3.423055555555556
2012-11-06,219,1134,412477637,2.38625
2012-11-06,219,1136,412462278,3.165972222222222
2012-11-06,219,1132,412464582,4.0372222222222218
2012-11-06,219,1133,412464582,1.4105555555555556
2012-11-06,219,1134,412464582,6.7101388888888893
2012-11-06,219,1133,412464583,0.41972222222222222
2012-11-06,219,1132,412464583,1.3368055555555554
2012-11-06,219,1135,412462283,3.8444444444444441
2012-11-06,219,1137,412462283,0.51569444444444446
2012-11-06,219,1134,412462283,0.20305555555555554
2012-11-06,219,1136,412462283,2.21125
2012-11-06,219,1135,412462298,3.089722222222222
2012-11-06,219,1134,412462298,5.42875
2012-11-06,219,1133,412462298,1.0240277777777778
2012-11-06,219,1131,412464115,2.9633333333333338
2012-11-06,219,1133,412476921,1.1527777777777777
2012-11-06,219,1134,412476921,2.0081944444444444
2012-11-06,475,-45,228905000,0.57583333333333331
2012-11-06,475,-37,228218000,2.0934722222222222
2012-11-06,475,-39,228247700,0.22430555555555556
2012-11-06,475,-1225,367536560,0.32930555555555557
2012-11-06,475,-40,228312000,5.8786111111111108
2012-11-06,475,-42,228312000,1.5470833333333331
2012-11-06,475,-41,228312000,6.1519444444444433
2012-11-06,475,-39,228312000,1.6265277777777776
2012-11-06,475,-72,228021700,3.4833333333333334
2012-11-06,475,-36,228834000,1.435138888888889
2012-11-06,475,-37,228834000,2.6509722222222223
2012-11-06,475,-53,228258000,2.5123611111111113
2012-11-06,475,-52,228258000,2.6284722222222223
2012-11-06,475,-38,227128800,0.6990277777777778
2012-11-06,475,-39,227128800,1.0226388888888889
2012-11-06,731,148,259485000,1.5415277777777778
2012-11-06,-549,-634,701018000,7.5173611111111125
2012-11-06,-549,-633,701018000,4.9690277777777778
2012-11-06,-549,-635,701018000,1.1552777777777778
2012-11-06,-549,-630,701018000,4.922361111111111
2012-11-06,-549,-632,701018000,1.4531944444444445
2012-11-06,-293,363,224022910,1.597361111111111
2012-11-06,-293,367,224544160,1.6283333333333334
2012-11-06,-293,-442,224302000,1.3379166666666666
2012-11-06,-37,-1680,440808000,1.9493055555555556
2012-11-06,-37,-1681,440808000,4.3733333333333331
2012-11-06,220,1137,200001025,9.25611111111111
2012-11-06,220,1138,200001025,2.0094444444444446
2012-11-06,220,1136,412461618,3.4018055555555557
2012-11-06,220,1136,910060342,1.5998611111111112
2012-11-06,220,1137,910060342,9.4691666666666645
2012-11-06,220,1139,820040762,3.5991666666666666
2012-11-06,220,1137,412462144,3.4758333333333331
2012-11-06,220,1138,412462144,0.53652777777777783
2012-11-06,220,1136,412462144,1.7197222222222222
2012-11-06,220,1136,412462658,5.6631944444444438
2012-11-06,220,1136,900017733,1.9186111111111113
2012-11-06,220,1137,900017733,14.889166666666668
2012-11-06,220,1135,412477778,0.74430555555555555
2012-11-06,220,1136,412478583,7.0404166666666654
2012-11-06,220,1136,412478584,5.9402777777777782
2012-11-06,220,1135,412478585,8.815
2012-11-06,220,1137,900020346,9.6601388888888913
2012-11-06,220,1138,900020346,1.3829166666666668
2012-11-06,220,1136,412478591,2.4626388888888888
2012-11-06,220,1135,412462223,1.6824999999999999
2012-11-06,220,1137,412462223,0.54027777777777786
2012-11-06,220,1136,412462223,5.0926388888888887
2012-11-06,220,1135,412462224,1.1283333333333334
2012-11-06,220,1136,412462224,4.7181944444444444
2012-11-06,220,1136,412461721,0.47472222222222221
2012-11-06,220,1135,412461722,7.1000000000000014
2012-11-06,220,1136,412461722,2.0931944444444444
2012-11-06,220,1138,110700977,4.0927777777777772
2012-11-06,220,1139,110700977,6.670694444444444
2012-11-06,220,1135,412477637,0.88430555555555546
2012-11-06,220,1137,412462278,1.1480555555555556
2012-11-06,220,1136,412462278,6.3836111111111107
2012-11-06,220,1137,412462283,9.043333333333333
2012-11-06,220,1138,412462283,0.44152777777777774
2012-11-06,220,1136,412462283,1.6595833333333332
2012-11-06,220,1135,412482774,8.80958333333333
2012-11-06,220,1136,412482774,0.32472222222222225
2012-11-06,220,1136,412461528,10.938333333333334
2012-11-06,220,1135,412462298,0.58916666666666662
2012-11-06,220,1135,412462308,2.705
2012-11-06,220,1136,412462308,4.1631944444444446
2012-11-06,220,1135,412461546,5.7026388888888881
2012-11-06,220,1136,412461546,0.23458333333333331
2012-11-06,220,1136,412461547,3.6588888888888889
2012-11-06,220,1135,412462315,7.4045833333333322
2012-11-06,220,1135,412464623,0.2830555555555555
2012-11-06,220,1131,412464115,3.203611111111111
2012-11-06,220,1130,412464115,17.692638888888887
2012-11-06,220,1136,412461557,8.0630555555555556
2012-11-06,476,-37,228133900,0.92472222222222211
2012-11-06,476,-36,228133900,0.8255555555555556
2012-11-06,476,-52,228842000,1.377361111111111
2012-11-06,476,-53,228842000,6.1966666666666663
2012-11-06,476,-51,228842000,3.42375
2012-11-06,476,-44,227321380,0.39986111111111111
2012-11-06,476,-43,227321380,2.4865277777777779
2012-11-06,476,-46,228925000,1.3191666666666668
2012-11-06,476,-47,228925000,0.66972222222222233
2012-11-06,476,-45,228925000,1.5177777777777777
2012-11-06,476,-44,228925000,1.3425
2012-11-06,476,-70,227397000,1.6545833333333335
2012-11-06,476,-71,227397000,1.2527777777777778
2012-11-06,476,-37,228218000,8.08388888888889
2012-11-06,476,-45,228910000,1.0662500000000001
2012-11-06,476,-47,228910000,0.69666666666666666
2012-11-06,476,-46,228910000,1.7998611111111109
2012-11-06,476,-76,232006840,16.677222222222223
2012-11-06,476,-75,232006840,9.4208333333333325
2012-11-06,476,-38,228834000,8.8145833333333332
2012-11-06,476,-37,228834000,0.3001388888888889
2012-11-06,476,-39,228834000,3.6809722222222221
2012-11-06,476,-36,228834000,0.2663888888888889
2012-11-06,476,-53,228258000,1.600138888888889
2012-11-06,476,-53,228332000,3.7222222222222223
2012-11-06,476,-52,228332000,6.7672222222222222
2012-11-06,476,-38,227128800,0.82638888888888884
2012-11-06,-548,-734,725002300,7.9570833333333333
2012-11-06,-292,364,224022910,4.8120833333333337
2012-11-06,-292,-442,224302000,1.1605555555555556
2012-11-06,-36,1759,440542000,0.85694444444444451
2012-11-06,221,1137,412462619,4.2088888888888887
2012-11-06,221,1137,412461864,5.244305555555556
2012-11-06,221,1136,412461618,3.0431944444444445
2012-11-06,221,1137,412461618,0.73
2012-11-06,221,1137,910060342,5.5972222222222223
2012-11-06,221,1138,820040762,0.35986111111111108
2012-11-06,221,1139,820040762,0.49847222222222221
2012-11-06,221,1137,412462144,0.24083333333333332
2012-11-06,221,1138,412462144,5.6198611111111116
2012-11-06,221,1136,412462658,1.1458333333333335
2012-11-06,221,-218,224189000,15.31486111111111
2012-11-06,221,1136,412462419,14.590694444444447
2012-11-06,221,1136,412478583,4.7138888888888886
2012-11-06,221,1136,412478584,4.4433333333333342
2012-11-06,221,1136,412478585,0.5675
2012-11-06,221,1137,412478585,1.485
2012-11-06,221,1136,412478591,7.7829166666666652
2012-11-06,221,1137,412462223,1.4856944444444444
2012-11-06,221,1136,412462223,0.23319444444444443
2012-11-06,221,1136,412462224,0.42486111111111113
2012-11-06,221,1137,412462224,0.47416666666666663
2012-11-06,221,1136,412461721,7.3443055555555548
2012-11-06,221,1136,412461722,1.5131944444444443
2012-11-06,221,1137,412475038,0.45027777777777778
2012-11-06,221,1135,800005536,0.20361111111111113
2012-11-06,221,1137,412461735,14.081111111111113
2012-11-06,221,1137,412462251,7.8593055555555562
2012-11-06,221,1137,412462254,1.3416666666666668
2012-11-06,221,1136,412462254,1.441111111111111
2012-11-06,221,1137,412462255,3.6476388888888889
2012-11-06,221,1136,412462255,2.648333333333333
2012-11-06,221,1138,110700977,6.1351388888888891
2012-11-06,221,1136,412462271,8.3851388888888909
2012-11-06,221,1137,412462278,6.555416666666666
2012-11-06,221,1136,412464839,1.6608333333333334
2012-11-06,221,1137,412461526,4.1120833333333326
2012-11-06,221,1136,412461526,3.5211111111111113
2012-11-06,221,1136,412461528,5.1811111111111128
2012-11-06,221,1136,412482776,2.1791666666666667
2012-11-06,221,1136,412462308,11.939444444444446
2012-11-06,221,1136,412462309,23.244999999999997
2012-11-06,221,1136,412461546,1.9977777777777779
2012-11-06,221,1136,412461547,9.3058333333333323
2012-11-06,221,1135,412462315,1.0830555555555557
2012-11-06,221,1136,412462315,0.3666666666666667
2012-11-06,221,1136,412461557,6.5097222222222237
2012-11-06,221,1137,412461557,0.77444444444444449
2012-11-06,477,-52,228842000,5.9481944444444448
2012-11-06,477,-51,228842000,2.9111111111111114
2012-11-06,477,-43,227321380,1.6291666666666667
2012-11-06,477,-44,227321380,4.1086111111111112
2012-11-06,477,-76,225384000,5.63125
2012-11-06,477,-48,228925000,1.0713888888888889
2012-11-06,477,-47,228925000,1.7441666666666669
2012-11-06,477,-43,228925000,0.41236111111111112
2012-11-06,477,1402,273424560,9.5980555555555558
2012-11-06,477,1399,273424560,6.1911111111111108
2012-11-06,477,1400,273424560,5.3384722222222223
2012-11-06,477,-48,228910000,1.1801388888888888
2012-11-06,477,-47,228910000,3.4949999999999997
2012-11-06,477,-77,232006840,2.6461111111111109
2012-11-06,477,-54,228258000,1.9505555555555558
2012-11-06,477,-55,228258000,1.1351388888888889
2012-11-06,477,-53,228258000,13.976666666666667
2012-11-06,477,-52,228258000,0.43708333333333332
2012-11-06,477,-53,228332000,1.1223611111111111
2012-11-06,733,151,273311280,1.5602777777777779
2012-11-06,-547,-725,725002300,5.615277777777778
2012-11-06,-291,367,224544160,6.8015277777777774
2012-11-06,-291,-441,224302000,1.7266666666666668
2012-11-06,-291,-442,224302000,1.1206944444444444
2012-11-06,-35,-1629,520218000,1.7522222222222221
2012-11-06,-35,-1785,440239000,1.6684722222222221
2012-11-06,-35,-1161,371224000,5.146527777777778
2012-11-06,222,1138,412461849,1.4790277777777778
2012-11-06,222,1137,412462619,0.85736111111111124
2012-11-06,222,1136,412462619,4.8947222222222218
2012-11-06,222,1136,412462633,1.4502777777777778
2012-11-06,222,1137,412461618,0.99986111111111109
2012-11-06,222,1136,412461618,0.56819444444444445
2012-11-06,222,1136,910100035,1.3447222222222224
2012-11-06,222,1136,412462419,7.0098611111111113
2012-11-06,222,1138,412474976,0.61152777777777778
2012-11-06,222,1136,412478583,0.20916666666666667
2012-11-06,222,1136,412478584,0.54819444444444443
2012-11-06,222,1136,412478585,0.45930555555555558
2012-11-06,222,1137,412464268,4.7586111111111107
2012-11-06,222,1136,412464268,18.413888888888888
2012-11-06,222,1138,800021392,0.86777777777777787
2012-11-06,222,1136,412461721,1.8427777777777778
2012-11-06,222,1138,412475034,8.98111111111111
2012-11-06,222,1138,412475035,7.9795833333333324
2012-11-06,222,1138,412475038,0.7088888888888889
2012-11-06,222,1137,412475038,0.25888888888888889
2012-11-06,222,1135,800005536,0.20833333333333334
2012-11-06,222,1136,800005536,1.4690277777777778
2012-11-06,222,1137,412462241,19.143472222222222
2012-11-06,222,1137,412461735,11.343194444444444
2012-11-06,222,1136,412462251,0.20805555555555555
2012-11-06,222,1137,412462251,0.75388888888888883
2012-11-06,222,1136,412462255,3.1884722222222215
2012-11-06,222,1137,412462255,0.48375
2012-11-06,222,1138,412478137,5.5027777777777782
2012-11-06,222,1136,412462266,2.5623611111111111
2012-11-06,222,1136,412462268,8.03972222222222
2012-11-06,222,1136,412462271,1.2768055555555557
2012-11-06,222,1136,412462273,4.8955555555555561
2012-11-06,222,1136,412464839,0.37374999999999997
2012-11-06,222,1137,412464839,1.1548611111111111
2012-11-06,222,1136,412464595,0.60458333333333336
2012-11-06,222,1137,412464595,8.250694444444445
2012-11-06,222,1137,412461526,10.056388888888888
2012-11-06,222,1136,412461528,0.93305555555555564
2012-11-06,222,1136,412482776,7.436527777777779
2012-11-06,222,1137,412464606,2.5654166666666667
2012-11-06,222,1136,412464606,12.211527777777775
2012-11-06,222,1138,412461797,1.3200000000000003
2012-11-06,222,1137,412461797,3.88625
2012-11-06,222,1136,412461546,0.24680555555555556
2012-11-06,222,1136,412461557,8.8616666666666664
2012-11-06,222,1138,412462325,6.3290277777777773
2012-11-06,222,1138,412461816,1.6156944444444445
2012-11-06,478,-52,228842000,1.546111111111111
2012-11-06,478,-79,227338000,7.5172222222222214
2012-11-06,478,-80,227338000,4.0706944444444444
2012-11-06,478,-75,227144500,4.0572222222222223
2012-11-06,478,1402,273450570,6.0779166666666669
2012-11-06,478,-53,228258000,0.48750000000000004
2012-11-06,734,156,273311280,6.3088888888888883
2012-11-06,734,179,273311280,2.3763888888888887
2012-11-06,734,153,273311280,1.5802777777777779
2012-11-06,734,174,273311280,2.3680555555555554
2012-11-06,734,180,273311280,1.5766666666666667
2012-11-06,-290,367,224544160,3.4652777777777777
2012-11-06,-290,-439,224302000,0.82333333333333336
2012-11-06,-290,-435,224302000,0.76347222222222222
2012-11-06,-290,-440,224302000,1.7451388888888886
2012-11-06,-290,-438,224302000,1.2976388888888888
2012-11-06,-34,-1452,440895000,1.7701388888888889
2012-11-06,-34,-1622,520218000,0.90486111111111112
2012-11-06,-34,-1624,520218000,1.8315277777777774
2012-11-06,-34,-1625,520218000,1.8055555555555554
2012-11-06,-34,-1626,520218000,1.81
2012-11-06,-34,-1628,520218000,1.8873611111111113
2012-11-06,-34,-1621,520218000,1.3361111111111108
2012-11-06,-34,-1623,520218000,1.4180555555555556
2012-11-06,-34,-1620,520218000,4.5204166666666667
2012-11-06,-34,-1627,520218000,1.9313888888888888
2012-11-06,-34,-1786,440239000,1.5656944444444445
2012-11-06,-34,-1783,440239000,0.93736111111111109
2012-11-06,-34,-1432,441038000,2.4026388888888892
2012-11-06,-34,-1160,371224000,4.0101388888888891
2012-11-06,-34,-1161,371224000,2.7265277777777777
2012-11-06,-34,-1500,431602130,1.9040277777777779
2012-11-06,-34,-1503,431602130,1.7513888888888889
2012-11-06,-34,-1497,431602130,5.8620833333333326
2012-11-06,-34,-1495,431602130,2.6033333333333335
2012-11-06,-34,-1496,431602130,2.13375
2012-11-06,-34,-1335,735058912,1.8140277777777776
2012-11-06,223,1138,412461849,2.4458333333333333
2012-11-06,223,1137,412461852,9.45125
2012-11-06,223,1138,412462621,3.1305555555555555
2012-11-06,223,1147,412476962,1.0429166666666667
2012-11-06,223,1137,412461618,0.2175
2012-11-06,223,1136,412464957,0.60833333333333339
2012-11-06,223,1137,412464957,11.629444444444443
2012-11-06,223,1138,412462656,6.5941666666666681
2012-11-06,223,1136,910100035,6.9286111111111133
2012-11-06,223,1138,412462671,2.5765277777777778
2012-11-06,223,1138,412474976,0.825
2012-11-06,223,1138,800021392,7.0615277777777772
2012-11-06,223,1138,412475034,1.7166666666666666
2012-11-06,223,1138,412475035,2.8866666666666667
2012-11-06,223,1138,412478137,2.416666666666667
2012-11-06,223,1137,412462266,0.52277777777777779
2012-11-06,223,1136,412462266,1.8345833333333332
2012-11-06,223,1147,900020673,6.8272222222222219
2012-11-06,223,1146,412478149,4.6459722222222224
2012-11-06,223,1137,412461526,6.791944444444443
2012-11-06,223,1137,412461797,18.84847222222222
2012-11-06,223,1137,412461545,10.545555555555556
2012-11-06,223,1138,412462325,3.3097222222222218
2012-11-06,223,1138,412461816,5.1469444444444434
2012-11-06,223,1137,412461561,13.053333333333335
2012-11-06,223,1138,412461561,5.4802777777777782
2012-11-06,479,-76,228339000,5.2998611111111114
2012-11-06,479,-77,228339000,7.8576388888888893
2012-11-06,479,1404,273450570,0.53722222222222227
2012-11-06,479,1405,273450570,0.22013888888888888
2012-11-06,479,1403,273450570,2.3881944444444443
2012-11-06,479,-49,228144000,0.2252777777777778
2012-11-06,479,-53,227472000,2.5894444444444447
2012-11-06,479,-54,227472000,0.97847222222222219
2012-11-06,479,-52,227472000,10.732638888888888
2012-11-06,479,-51,227472000,4.3055555555555554
2012-11-06,479,-75,228229000,10.038333333333334
2012-11-06,479,-76,228229000,1.6425
2012-11-06,479,-54,227300000,6.7986111111111107
2012-11-06,479,-53,227300000,3.9688888888888894
2012-11-06,735,350,273211900,1.5633333333333335
2012-11-06,735,353,273211900,3.9329166666666664
2012-11-06,735,349,273211900,1.56375
2012-11-06,735,354,273211900,1.5611111111111111
2012-11-06,735,352,273211900,1.5616666666666665
2012-11-06,735,347,273211900,1.5783333333333331
2012-11-06,-289,367,224544160,0.95888888888888879
2012-11-06,-289,-437,224302000,1.4213888888888888
2012-11-06,-289,-436,224302000,0.88375
2012-11-06,-33,-1439,440786000,1.6058333333333332
2012-11-06,-33,-1440,440636000,2.4755555555555553
2012-11-06,-33,-1625,520218000,1.774861111111111
2012-11-06,-33,-1787,440239000,2.0994444444444449
2012-11-06,-33,-1789,440239000,2.5486111111111107
2012-11-06,-33,-1788,440239000,0.91541666666666677
2012-11-06,-33,-1790,440239000,1.3959722222222222
2012-11-06,-33,-1786,440239000,1.0358333333333334
2012-11-06,-33,-1432,441038000,1.2552777777777777
2012-11-06,-33,-1497,431602130,0.78319444444444453
2012-11-06,-33,-1498,431602130,0.8041666666666667
2012-11-06,-33,-1334,735058912,2.4404166666666667
2012-11-06,-33,-1431,440236000,1.7379166666666666
2012-11-06,224,1146,412475394,1.29125
2012-11-06,224,1146,888000008,11.505277777777779
2012-11-06,224,1148,412463898,0.21791666666666665
2012-11-06,224,1138,412462621,6.5579166666666673
2012-11-06,224,1146,412476962,1.4159722222222222
2012-11-06,224,1147,412476962,1.3923611111111112
2012-11-06,224,1138,412462632,2.8791666666666664
2012-11-06,224,1138,412462635,2.8036111111111111
2012-11-06,224,1144,875216183,19.183333333333334
2012-11-06,224,1146,412475448,6.5829166666666667
2012-11-06,224,1138,412462656,1.7375000000000003
2012-11-06,224,1136,910100035,1.1863888888888887
2012-11-06,224,1144,412472223,1.3655555555555556
2012-11-06,224,1147,412472223,0.40763888888888888
2012-11-06,224,1145,412472223,1.4243055555555555
2012-11-06,224,1146,412472223,4.4081944444444456
2012-11-06,224,1136,412462266,0.3619444444444444
2012-11-06,224,1137,412462266,0.77152777777777781
2012-11-06,224,1146,900017867,4.7756944444444454
2012-11-06,224,1138,412462049,5.6722222222222225
2012-11-06,224,1137,412461561,6.3509722222222234
2012-11-06,224,1146,412475387,0.26527777777777778
2012-11-06,224,1147,412475387,4.0544444444444441
2012-11-06,480,-53,227114300,2.3251388888888891
2012-11-06,480,1405,273450570,6.2319444444444425
2012-11-06,480,1404,273450570,2.9623611111111114
2012-11-06,480,-51,227472000,3.6613888888888884
2012-11-06,480,-52,227472000,0.26402777777777775
2012-11-06,480,-75,228229000,19.63347222222222
2012-11-06,480,-51,227300000,0.21083333333333332
2012-11-06,480,-53,227300000,3.7784722222222222
2012-11-06,480,-52,227300000,3.017638888888889
2012-11-06,480,1405,273424560,5.818888888888889
2012-11-06,480,1404,273424560,0.74944444444444436
2012-11-06,480,-49,228813000,3.5618055555555554
2012-11-06,480,1414,273827030,0.6275
2012-11-06,480,1412,273827030,1.8258333333333334
2012-11-06,480,1413,273827030,3.2630555555555558
2012-11-06,736,185,259474000,1.5669444444444445
2012-11-06,736,190,259558000,3.9388888888888891
2012-11-06,736,155,273212110,1.5579166666666668
2012-11-06,736,154,273212110,1.5458333333333334
2012-11-06,-288,369,224049460,1.5416666666666665
2012-11-06,-288,370,224022910,1.5458333333333334
2012-11-06,-288,369,224022910,5.0455555555555565
2012-11-06,-32,-1428,440992000,1.7498611111111111
2012-11-06,-32,-1452,440895000,0.95611111111111113
2012-11-06,-32,-1438,440786000,1.6
2012-11-06,-32,-1439,440786000,0.93861111111111106
2012-11-06,-32,-1431,440871000,3.6827777777777779
2012-11-06,-32,-1442,440636000,0.97486111111111107
2012-11-06,-32,-1440,440636000,0.77416666666666667
2012-11-06,-32,-1443,440636000,0.87930555555555567
2012-11-06,-32,-1445,440636000,0.8222222222222223
2012-11-06,-32,-1790,440239000,1.0684722222222223
2012-11-06,-32,-1432,441038000,0.91416666666666668
2012-11-06,-32,-1452,441645000,1.7293055555555557
2012-11-06,-32,-1499,431602130,1.8616666666666668
2012-11-06,-32,-1501,431602130,1.7734722222222223
2012-11-06,-32,-1498,431602130,2.4473611111111113
2012-11-06,-32,-1500,431602130,1.77875
2012-11-06,-32,-1431,440236000,1.9065277777777778
2012-11-06,225,1146,412475394,10.456527777777778
2012-11-06,225,1147,412475394,0.40833333333333333
2012-11-06,225,1144,888000008,6.6079166666666662
2012-11-06,225,1147,412472335,6.3955555555555561
2012-11-06,225,1146,412472335,0.67833333333333334
2012-11-06,225,1148,412472335,0.64430555555555558
2012-11-06,225,1148,412463898,4.392083333333332
2012-11-06,225,1149,412463898,4.6611111111111105
2012-11-06,225,1150,412463898,0.50680555555555551
2012-11-06,225,1147,412463898,2.0681944444444444
2012-11-06,225,1147,412472092,0.59833333333333338
2012-11-06,225,1146,412472092,5.2495833333333337
2012-11-06,225,1201,900019755,2.1933333333333334
2012-11-06,225,1146,412472399,9.55111111111111
2012-11-06,225,1137,412462177,2.2252777777777779
2012-11-06,225,1146,412474726,2.1755555555555555
2012-11-06,225,1145,412474726,5.0738888888888889
2012-11-06,225,1143,412472427,7.8376388888888906
2012-11-06,225,1144,412472427,7.6238888888888887
2012-11-06,225,1143,9102740,0.25555555555555554
2012-11-06,225,1142,9102740,5.6488888888888882
2012-11-06,225,1137,412461717,4.1595833333333339
2012-11-06,225,1156,412470428,1.1963888888888889
2012-11-06,225,1144,412472223,0.893888888888889
2012-11-06,225,1147,412463791,3.5402777777777779
2012-11-06,225,1146,412463791,0.965
2012-11-06,225,1146,412472247,7.3480555555555567
2012-11-06,225,1146,412463813,0.85916666666666663
2012-11-06,225,1146,412463839,9.4718055555555551
2012-11-06,225,1147,412463839,0.47069444444444442
2012-11-06,225,1146,412474861,21.024027777777775
2012-11-06,225,1146,412472055,9.499305555555555
2012-11-06,225,1147,412472055,0.63597222222222216
2012-11-06,225,1147,412472061,3.5759722222222221
2012-11-06,225,1146,412472061,0.6463888888888889
2012-11-06,225,1146,900908031,2.552777777777778
2012-11-06,481,-83,227338000,9.9731944444444451
2012-11-06,481,-1258,367082010,0.98305555555555557
2012-11-06,481,-46,228208700,1.3334722222222222
2012-11-06,481,-47,228208700,1.5565277777777777
2012-11-06,481,-53,227114300,1.6844444444444444
2012-11-06,481,1401,273815110,5.9547222222222222
2012-11-06,481,1400,273815110,0.42125
2012-11-06,481,1405,273450570,1.7156944444444444
2012-11-06,481,1406,273450570,4.395833333333333
2012-11-06,481,-47,228293000,0.2302777777777778
2012-11-06,481,-46,228293000,2.4659722222222222
2012-11-06,481,-87,224186000,12.155138888888889
2012-11-06,481,-83,224186000,11.577638888888888
2012-11-06,481,-46,228208800,1.330138888888889
2012-11-06,481,1405,273424560,0.89027777777777783
2012-11-06,481,1406,273424560,0.21430555555555555
2012-11-06,481,-50,228109000,0.86458333333333337
2012-11-06,481,-51,228109000,1.1022222222222222
2012-11-06,481,1414,273827030,1.3163888888888888
2012-11-06,481,1413,273827030,2.6813888888888888
2012-11-06,737,187,259474000,1.5440277777777778
2012-11-06,737,184,259474000,4.7501388888888894
2012-11-06,737,185,259474000,3.1680555555555556
2012-11-06,737,183,259474000,1.5570833333333334
2012-11-06,737,186,259474000,3.0943055555555556
2012-11-06,737,156,273523100,1.5802777777777779
2012-11-06,737,191,259683000,1.5595833333333333
2012-11-06,737,188,259683000,1.5527777777777778
2012-11-06,737,156,273212110,7.1125
2012-11-06,737,155,273212110,3.1013888888888888
2012-11-06,737,156,273350610,10.266805555555557
2012-11-06,737,187,257153500,1.5594444444444444
2012-11-06,737,189,257153500,1.56125
2012-11-06,737,193,257153500,1.5626388888888889
2012-11-06,-287,371,224049460,1.6758333333333333
2012-11-06,-287,369,224022910,0.76569444444444446
2012-11-06,-31,-1425,440992000,1.0890277777777779
2012-11-06,-31,-1426,440992000,1.7731944444444445
2012-11-06,-31,-1428,440992000,3.6419444444444449
2012-11-06,-31,-1422,440992000,1.8431944444444446
2012-11-06,-31,-1452,440895000,0.95680555555555546
2012-11-06,-31,-1543,440936000,3.7752777777777782
2012-11-06,-31,-1439,440786000,3.0181944444444446
2012-11-06,-31,-1441,440786000,1.9418055555555556
2012-11-06,-31,-1444,440786000,1.7968055555555555
2012-11-06,-31,-1440,440636000,1.2275
2012-11-06,-31,-1439,440636000,0.92819444444444443
2012-11-06,-31,-1432,441038000,1.8365277777777775
2012-11-06,-31,-1431,440236000,1.4340277777777777
2012-11-06,-31,-1428,440236000,1.8347222222222221
2012-11-06,-31,-1481,440705000,1.8555555555555556
2012-11-06,-31,-1480,440705000,3.9359722222222224
2012-11-06,-31,-1482,440705000,1.483611111111111
2012-11-06,-31,-1486,440705000,1.0013888888888889
2012-11-06,-31,-1485,440705000,5.4179166666666667
2012-11-06,-31,-1483,440705000,4.9816666666666665
2012-11-06,-31,-1484,440705000,2.2695833333333333
2012-11-06,-31,-1487,440705000,2.802777777777778
2012-11-06,226,1146,412472335,8.46263888888889
2012-11-06,226,1147,412472335,0.10333333333333333
2012-11-06,226,1136,412461594,3.9222222222222225
2012-11-06,226,1146,412472092,0.41680555555555554
2012-11-06,226,1201,900019758,1.3595833333333334
2012-11-06,226,1147,412472399,1.4734722222222223
2012-11-06,226,1146,412472399,3.609861111111111
2012-11-06,226,1136,412462682,1.0816666666666666
2012-11-06,226,1137,412462177,1.1529166666666666
2012-11-06,226,1136,412462177,2.8004166666666666
2012-11-06,226,1145,412474726,5.4770833333333329
2012-11-06,226,1136,412461717,6.0595833333333333
2012-11-06,226,1156,412470428,14.317083333333331
2012-11-06,226,1155,412470428,0.47847222222222224
2012-11-06,226,1146,412463791,2.4962500000000003
2012-11-06,226,1147,412463791,1.8074999999999999
2012-11-06,226,1146,412472247,2.9679166666666665
2012-11-06,226,1153,683000000,2.848611111111111
2012-11-06,226,1152,683000000,3.0843055555555554
2012-11-06,226,1156,412470465,6.1241666666666674
2012-11-06,226,1155,412470465,1.0323611111111111
2012-11-06,226,1157,412470465,6.4418055555555558
2012-11-06,226,1146,412463813,0.96208333333333329
2012-11-06,226,1136,412461788,1.7904166666666668
2012-11-06,226,1146,412463842,2.3265277777777778
2012-11-06,226,1145,412463842,8.9155555555555548
2012-11-06,226,1147,412472061,1.5309722222222222
2012-11-06,226,1146,412472061,3.1562500000000004
2012-11-06,226,1146,900908031,3.0022222222222221
2012-11-06,482,-1256,367082010,0.81666666666666676
2012-11-06,482,-1255,367082010,0.78041666666666665
2012-11-06,482,1403,273815110,0.65138888888888891
2012-11-06,482,1406,273450570,1.2926388888888889
2012-11-06,482,1407,273450570,0.21388888888888888
2012-11-06,482,-89,224186000,6.5701388888888888
2012-11-06,482,-51,228109000,7.745000000000001
2012-11-06,482,-50,228109000,3.4772222222222227
2012-11-06,482,-61,227143900,0.75
2012-11-06,482,-60,227143900,0.62
2012-11-06,482,-93,224236000,18.271944444444443
2012-11-06,482,-92,224236000,4.2765277777777779
2012-11-06,738,187,259474000,1.5597222222222222
2012-11-06,738,189,259474000,3.2333333333333334
2012-11-06,738,190,259474000,3.1361111111111111
2012-11-06,738,180,259195000,5.4931944444444447
2012-11-06,738,183,259195000,2.3584722222222223
2012-11-06,738,184,259195000,1.5693055555555557
2012-11-06,738,182,259195000,1.6040277777777778
2012-11-06,738,179,259195000,3.1095833333333331
2012-11-06,738,181,259195000,1.5777777777777779
2012-11-06,738,158,273523100,3.1468055555555559
2012-11-06,738,157,273523100,1.5620833333333333
2012-11-06,738,156,273523100,3.1604166666666669
2012-11-06,738,198,259683000,2.3833333333333333
2012-11-06,738,194,259683000,1.547361111111111
2012-11-06,738,158,273212110,3.1593055555555556
2012-11-06,738,157,273212110,3.1163888888888889
2012-11-06,738,158,273350610,3.9459722222222222
2012-11-06,738,157,273350610,4.6997222222222224
2012-11-06,738,198,257153500,0.69486111111111115
2012-11-06,738,196,257153500,1.1423611111111112
2012-11-06,738,318,273211900,1.5499999999999998
2012-11-06,-286,372,224049460,3.9913888888888889
2012-11-06,-286,368,224022910,2.8202777777777777
2012-11-06,-286,369,224022910,0.81125
2012-11-06,-30,-1428,440992000,1.5251388888888888
2012-11-06,-30,-1425,440992000,2.6484722222222223
2012-11-06,-30,-1423,440992000,1.4587500000000002
2012-11-06,-30,-1421,440992000,1.8011111111111111
2012-11-06,-30,-1427,440992000,2.5401388888888889
2012-11-06,-30,-1426,440992000,1.4848611111111112
2012-11-06,-30,-1424,440992000,2.1262499999999998
2012-11-06,-30,477,416605000,1.8165277777777777
2012-11-06,-30,-1439,440786000,1.8943055555555555
2012-11-06,-30,-1431,440871000,2.3422222222222224
2012-11-06,-30,-1439,440636000,0.92777777777777781
2012-11-06,-30,-1431,441038000,2.4251388888888887
2012-11-06,-30,-1432,441038000,1.4673611111111111
2012-11-06,-30,-1433,441038000,1.8327777777777778
2012-11-06,-30,-1451,441645000,1.1056944444444445
2012-11-06,-30,-1450,441645000,0.85125000000000006
2012-11-06,-30,-1448,441645000,2.7208333333333332
2012-11-06,-30,-1444,441015000,2.2297222222222226
2012-11-06,-30,-1331,735058912,0.88875
2012-11-06,-30,-1430,440236000,0.85430555555555554
2012-11-06,-30,-1431,440236000,1.7706944444444443
2012-11-06,-30,-1449,440780000,1.4191666666666665
2012-11-06,-30,-1452,440780000,1.8688888888888888
2012-11-06,-30,-1450,440780000,1.9019444444444444
2012-11-06,-30,-1451,440780000,1.7316666666666665
2012-11-06,-30,-1409,431329000,1.5975000000000001
2012-11-06,-30,-1410,431329000,0.888888888888889
2012-11-06,227,1136,412461594,8.9918055555555565
2012-11-06,227,1201,900019758,2.23875
2012-11-06,227,1200,900019758,2.1072222222222221
2012-11-06,227,1136,412462682,0.23222222222222222
2012-11-06,227,1157,412447584,12.36513888888889
2012-11-06,227,1156,412447584,8.031944444444445
2012-11-06,227,1136,412462177,0.47305555555555556
2012-11-06,227,1136,412461666,12.221250000000001
2012-11-06,227,1156,812041332,31.163888888888891
2012-11-06,227,1152,683000000,16.33486111111111
2012-11-06,227,1153,683000000,0.50513888888888892
2012-11-06,227,1146,900908025,3.7397222222222215
2012-11-06,483,-95,224117000,5.8718055555555555
2012-11-06,483,-98,224117000,17.671805555555558
2012-11-06,483,-45,227635980,3.0259722222222223
2012-11-06,483,1403,273815110,0.99541666666666684
2012-11-06,483,1407,273450570,0.8536111111111111
2012-11-06,483,-95,228015700,10.764305555555556
2012-11-06,483,-62,226267000,0.59944444444444445
2012-11-06,483,-61,226267000,2.6449999999999996
2012-11-06,483,-46,227646110,0.24986111111111109
2012-11-06,483,-56,226084000,1.9404166666666667
2012-11-06,483,-45,227728040,4.3740277777777781
2012-11-06,483,-54,228211900,0.43958333333333333
2012-11-06,483,-53,228211900,1.50875
2012-11-06,483,-59,227143900,3.850277777777777
2012-11-06,483,-61,227143900,3.5236111111111112
2012-11-06,483,-58,227143900,1.18875
2012-11-06,483,-60,227143900,1.4205555555555556
2012-11-06,483,-61,227372000,0.3240277777777778
2012-11-06,483,-62,227372000,1.5505555555555557
2012-11-06,483,-80,227393000,1.1580555555555556
2012-11-06,739,189,257560600,1.5848611111111111
2012-11-06,739,190,257560600,0.79166666666666663
2012-11-06,739,147,273524300,7.0815277777777776
2012-11-06,739,187,258535000,8.7027777777777775
2012-11-06,739,188,258535000,1.5972222222222223
2012-11-06,739,189,258353000,3.1372222222222224
2012-11-06,739,185,259195000,2.3430555555555559
2012-11-06,739,184,259195000,4.7444444444444445
2012-11-06,739,186,259195000,4.7416666666666671
2012-11-06,739,188,259525000,2.3569444444444443
2012-11-06,739,158,273523100,1.5480555555555555
2012-11-06,739,159,273523100,9.44125
2012-11-06,739,160,273523100,1.5584722222222223
2012-11-06,739,154,273298600,1.5709722222222222
2012-11-06,739,151,273298600,3.17625
2012-11-06,739,144,273526700,2.3818055555555557
2012-11-06,739,201,259608000,6.3668055555555556
2012-11-06,739,158,273212110,3.9447222222222225
2012-11-06,739,159,273350610,1.5805555555555555
2012-11-06,739,160,273350610,1.5513888888888889
2012-11-06,739,181,259607000,1.5790277777777777
2012-11-06,739,192,227489000,2.38875
2012-11-06,739,196,227489000,2.31375
2012-11-06,739,206,227489000,2.6240277777777781
2012-11-06,739,186,227489000,7.1168055555555547
2012-11-06,-285,371,224049460,1.548888888888889
2012-11-06,-285,370,224049460,2.8716666666666661
2012-11-06,-285,369,224049460,1.5984722222222221
2012-11-06,-285,-115,224929000,1.0763888888888888
2012-11-06,-285,-112,224929000,1.8565277777777778
2012-11-06,-29,-1451,440895000,2.5359722222222221
2012-11-06,-29,-1451,440894000,2.7654166666666669
2012-11-06,-29,-1450,440894000,1.8445833333333335
2012-11-06,-29,478,416605000,1.7206944444444443
2012-11-06,-29,476,416605000,2.3863888888888889
2012-11-06,-29,479,416605000,1.9473611111111111
2012-11-06,-29,-1439,440786000,1.4849999999999999
2012-11-06,-29,-1431,440871000,1.7231944444444445
2012-11-06,-29,-1441,440636000,2.3986111111111112
2012-11-06,-29,-1439,440636000,0.91833333333333333
2012-11-06,-29,-1440,440636000,3.0847222222222221
2012-11-06,-29,-1433,441038000,0.82319444444444445
2012-11-06,-29,-1432,441038000,1.6251388888888889
2012-11-06,-29,-1444,441015000,1.5729166666666665
2012-11-06,-29,-1430,440236000,1.4775
2012-11-06,-29,-1427,440236000,1.2009722222222221
2012-11-06,-29,-1429,440236000,1.8097222222222222
2012-11-06,-29,-1428,440236000,0.93222222222222229
2012-11-06,-29,-1426,440236000,1.5684722222222223
2012-11-06,-29,-1449,440780000,1.7769444444444444
2012-11-06,-29,-1410,431329000,1.7168055555555557
2012-11-06,228,-166,242045000,4.8086111111111114
2012-11-06,228,-166,312433000,3.2234722222222225
2012-11-06,228,-167,230990000,3.4233333333333333
2012-11-06,484,1408,273893400,2.0231944444444445
2012-11-06,484,1407,273893400,2.52875
2012-11-06,484,-56,227988000,0.91888888888888887
2012-11-06,484,1406,273899300,2.3502777777777779
2012-11-06,484,1407,273899300,2.576111111111111
2012-11-06,484,1408,273899300,0.22111111111111112
2012-11-06,484,-81,219838000,2.1922222222222225
2012-11-06,484,-80,219838000,3.6334722222222222
2012-11-06,484,1404,273815110,4.260416666666667
2012-11-06,484,-96,224658000,17.101805555555554
2012-11-06,484,-68,228935000,0.872361111111111
2012-11-06,484,1407,273438070,0.66361111111111115
2012-11-06,484,1408,273438070,2.9327777777777775
2012-11-06,484,-61,226267000,5.7900000000000009
2012-11-06,484,-60,226267000,2.7297222222222222
2012-11-06,484,-56,226084000,5.0644444444444439
2012-11-06,484,-97,224793000,10.0025
2012-11-06,484,-53,228211900,1.523611111111111
2012-11-06,484,-61,227143900,5.0022222222222226
2012-11-06,484,-58,227143900,1.3519444444444444
2012-11-06,484,-57,227143900,1.3941666666666666
2012-11-06,484,-61,227372000,3.8625000000000007
2012-11-06,484,-62,227372000,2.1729166666666666
2012-11-06,484,-64,227372000,2.2372222222222224
2012-11-06,484,-65,227372000,0.85041666666666671
2012-11-06,484,-80,227393000,4.6729166666666666
2012-11-06,484,-81,227393000,5.3526388888888894
2012-11-06,740,209,227360000,1.1179166666666667
2012-11-06,740,213,259616000,0.78861111111111115
2012-11-06,740,214,259616000,0.77402777777777776
2012-11-06,740,215,259616000,1.843472222222222
2012-11-06,740,190,257560600,1.5390277777777777
2012-11-06,740,186,257560600,0.74583333333333335
2012-11-06,740,149,273352230,2.3916666666666666
2012-11-06,740,148,273352230,1.5944444444444446
2012-11-06,740,207,258067000,0.4136111111111111
2012-11-06,740,208,258067000,1.0741666666666667
2012-11-06,740,209,258067000,1.8772222222222221
2012-11-06,740,191,258067000,3.9698611111111113
2012-11-06,740,210,258067000,0.45513888888888887
2012-11-06,740,145,273524300,1.5486111111111112
2012-11-06,740,209,259666000,0.41180555555555554
2012-11-06,740,189,258535000,2.5498611111111114
2012-11-06,740,190,258535000,6.2095833333333328
2012-11-06,740,187,258535000,3.1138888888888889
2012-11-06,740,210,258353000,1.4963888888888888
2012-11-06,740,209,258353000,0.42666666666666664
2012-11-06,740,192,259525000,2.3806944444444444
2012-11-06,740,160,273523100,1.5861111111111112
2012-11-06,740,210,235078558,0.47291666666666665
2012-11-06,740,153,273298600,1.5519444444444443
2012-11-06,740,151,273298600,3.1652777777777779
2012-11-06,740,148,273526700,4.7388888888888889
2012-11-06,740,146,273526700,3.9043055555555557
2012-11-06,740,144,273526700,5.5195833333333333
2012-11-06,740,143,273526700,4.6111111111111107
2012-11-06,740,142,273526700,3.1969444444444446
2012-11-06,740,194,259683000,2.3970833333333332
2012-11-06,740,190,259683000,1.5587499999999999
2012-11-06,740,199,259608000,1.2690277777777776
2012-11-06,740,202,259608000,1.0451388888888888
2012-11-06,740,204,259608000,1.9845833333333334
2012-11-06,740,200,259608000,1.2033333333333334
2012-11-06,740,203,259608000,2.6174999999999997
2012-11-06,740,201,259608000,2.5168055555555555
2012-11-06,740,210,259106000,2.3472222222222223
2012-11-06,740,161,273350610,1.5652777777777778
2012-11-06,740,175,259607000,2.3765277777777776
2012-11-06,740,176,259607000,3.1334722222222222
2012-11-06,740,177,259607000,1.5577777777777779
2012-11-06,740,178,259607000,2.3905555555555553
2012-11-06,740,174,259607000,9.4598611111111115
2012-11-06,740,173,259607000,1.5375
2012-11-06,740,210,227489000,0.20777777777777778
2012-11-06,740,313,273211900,1.5341666666666667
2012-11-06,-284,367,224049460,1.5615277777777776
2012-11-06,-284,366,224096840,6.5331944444444439
2012-11-06,-284,365,224096840,4.2109722222222219
2012-11-06,-284,-111,224929000,0.94041666666666668
2012-11-06,-284,-107,224929000,1.5380555555555553
2012-11-06,-284,-112,224929000,0.98194444444444451
2012-11-06,-284,-109,224929000,3.3645833333333335
2012-11-06,-28,-1450,440894000,1.2648611111111112
2012-11-06,-28,1774,441043000,5.8845833333333335
2012-11-06,-28,476,416605000,1.4763888888888888
2012-11-06,-28,474,416605000,4.1734722222222222
2012-11-06,-28,472,416605000,1.9088888888888889
2012-11-06,-28,-1443,440786000,4.4448611111111109
2012-11-06,-28,-1442,440786000,1.9361111111111111
2012-11-06,-28,-1441,440786000,1.4416666666666667
2012-11-06,-28,-1440,440786000,2.5544444444444445
2012-11-06,-28,-1431,440871000,6.0281944444444431
2012-11-06,-28,-1430,440871000,1.826111111111111
2012-11-06,-28,-1432,440871000,0.87625
2012-11-06,-28,-1443,440636000,3.6106944444444444
2012-11-06,-28,-1442,440636000,1.8948611111111111
2012-11-06,-28,-1436,440089000,2.8270833333333334
2012-11-06,-28,-1432,441038000,4.3901388888888881
2012-11-06,-28,-1453,441645000,2.1291666666666664
2012-11-06,-28,-1452,441645000,4.2263888888888888
2012-11-06,-28,-1456,441645000,1.4833333333333334
2012-11-06,-28,-1455,441645000,1.8593055555555553
2012-11-06,-28,-1449,441015000,1.1240277777777778
2012-11-06,-28,-1443,441015000,2.2695833333333333
2012-11-06,-28,-1446,441015000,1.8425
2012-11-06,-28,-1444,441015000,3.4754166666666668
2012-11-06,-28,-1448,441015000,0.80458333333333343
2012-11-06,-28,-1442,441015000,1.7166666666666666
2012-11-06,-28,-1421,440236000,1.8759722222222222
2012-11-06,-28,-1423,440236000,1.7766666666666668
2012-11-06,-28,-1425,440236000,1.8104166666666668
2012-11-06,-28,-1419,440236000,1.7574999999999998
2012-11-06,-28,-1449,440780000,2.2901388888888889
2012-11-06,-28,-1410,431329000,0.30611111111111111
2012-11-06,-28,-1411,431329000,0.91194444444444445
2012-11-06,229,-170,616927000,1.3015277777777781
2012-11-06,229,1166,412464184,0.24777777777777776
2012-11-06,229,1166,412460605,0.2325
2012-11-06,229,-166,312433000,8.6547222222222242
2012-11-06,485,1407,273893400,3.9676388888888887
2012-11-06,485,1408,273893400,1.5065277777777779
2012-11-06,485,-56,227988000,5.2690277777777785
2012-11-06,485,-55,227988000,2.4473611111111104
2012-11-06,485,1408,273899300,0.21958333333333335
2012-11-06,485,1414,273899300,0.74277777777777776
2012-11-06,485,1409,273899300,0.43138888888888893
2012-11-06,485,-49,228926000,4.6173611111111112
2012-11-06,485,-80,219838000,4.066527777777778
2012-11-06,485,-79,219838000,5.3697222222222214
2012-11-06,485,-81,219838000,0.52930555555555558
2012-11-06,485,-70,228935000,0.49888888888888888
2012-11-06,485,-71,228935000,0.22361111111111112
2012-11-06,485,1409,273438070,0.21513888888888888
2012-11-06,485,-60,226267000,7.02236111111111
2012-11-06,485,-58,226267000,1.4887500000000002
2012-11-06,485,-60,227143900,0.37513888888888891
2012-11-06,485,-57,227143900,0.31680555555555556
2012-11-06,485,-61,227143900,2.0490277777777779
2012-11-06,485,-58,227143900,0.699861111111111
2012-11-06,485,-62,227372000,0.97680555555555559
2012-11-06,485,-64,227372000,2.2186111111111111
2012-11-06,485,-61,227372000,3.185972222222222
2012-11-06,485,-63,227372000,0.45027777777777778
2012-11-06,741,209,227360000,5.251666666666666
2012-11-06,741,215,259616000,3.6195833333333334
2012-11-06,741,213,259616000,1.4998611111111111
2012-11-06,741,214,259616000,1.7334722222222221
2012-11-06,741,216,259616000,4.13875
2012-11-06,741,147,273297700,1.5611111111111111
2012-11-06,741,148,273297700,3.1351388888888891
2012-11-06,741,150,273297700,1.5611111111111111
2012-11-06,741,146,273297700,1.5625
2012-11-06,741,151,273352230,3.943194444444444
2012-11-06,741,150,273352230,1.5651388888888889
2012-11-06,741,146,273352230,1.5611111111111111
2012-11-06,741,208,258067000,0.21930555555555556
2012-11-06,741,209,258067000,2.9769444444444439
2012-11-06,741,200,258067000,1.5665277777777777
2012-11-06,741,210,258067000,0.43624999999999997
2012-11-06,741,202,258067000,1.2286111111111111
2012-11-06,741,201,258067000,3.2727777777777778
2012-11-06,741,210,259666000,0.856111111111111
2012-11-06,741,209,259666000,3.8295833333333338
2012-11-06,741,171,257056600,7.0293055555555553
2012-11-06,741,209,234023000,3.1929166666666666
2012-11-06,741,212,234023000,1.5597222222222222
2012-11-06,741,210,234023000,3.1570833333333335
2012-11-06,741,209,258353000,3.4212499999999997
2012-11-06,741,208,258353000,0.21013888888888888
2012-11-06,741,199,259525000,1.5626388888888889
2012-11-06,741,196,259525000,1.5875
2012-11-06,741,209,235078558,2.3368055555555558
2012-11-06,741,210,235078558,1.3304166666666666
2012-11-06,741,153,273298600,1.5602777777777779
2012-11-06,741,155,273298600,1.5586111111111112
2012-11-06,741,156,273298600,3.2143055555555557
2012-11-06,741,154,273298600,1.5461111111111112
2012-11-06,741,206,259608000,2.8654166666666669
2012-11-06,741,204,259608000,0.63611111111111107
2012-11-06,741,207,259608000,1.6569444444444446
2012-11-06,741,205,259608000,1.0390277777777779
2012-11-06,741,177,259607000,1.5611111111111111
2012-11-06,741,209,227489000,2.1483333333333334
2012-11-06,-283,368,224049460,4.2576388888888888
2012-11-06,-283,-756,760125000,4.2287500000000007
2012-11-06,-283,90,204228000,0.73930555555555555
2012-11-06,-283,87,204228000,5.0495833333333344
2012-11-06,-283,89,204228000,0.81125
2012-11-06,-283,-114,224929000,1.8083333333333333
2012-11-06,-283,-105,224929000,5.0843055555555559
2012-11-06,-27,-1452,440895000,3.5180555555555553
2012-11-06,-27,-1451,440895000,1.89375
2012-11-06,-27,-1450,440894000,4.2075000000000005
2012-11-06,-27,1774,441043000,2.3411111111111111
2012-11-06,-27,477,416605000,3.1452777777777774
2012-11-06,-27,475,416605000,0.97333333333333338
2012-11-06,-27,474,416605000,0.88013888888888892
2012-11-06,-27,478,416605000,3.4361111111111109
2012-11-06,-27,-167,441222000,3.2075000000000005
2012-11-06,-27,-165,441222000,1.1222222222222222
2012-11-06,-27,-162,441222000,1.6456944444444446
2012-11-06,-27,-168,441222000,6.5061111111111112
2012-11-06,-27,-164,441222000,2.1697222222222226
2012-11-06,-27,-163,441222000,1.6927777777777777
2012-11-06,-27,-166,441222000,1.5947222222222224
2012-11-06,-27,-170,441222000,4.5190277777777776
2012-11-06,-27,-169,441222000,0.45277777777777778
2012-11-06,-27,-1444,440089000,1.7556944444444444
2012-11-06,-27,-1436,440089000,2.6408333333333336
2012-11-06,-27,-1432,441038000,1.8054166666666667
2012-11-06,-27,-1433,441038000,2.775
2012-11-06,-27,-1456,441645000,1.6066666666666667
2012-11-06,-27,-1441,441015000,1.4991666666666668
2012-11-06,-27,-1444,440780000,1.7625000000000002
2012-11-06,-27,-1448,440780000,1.84875
2012-11-06,-27,-1446,440780000,0.82777777777777783
2012-11-06,-27,-1449,440780000,1.8402777777777779
2012-11-06,-27,-1445,440780000,1.0943055555555556
2012-11-06,-27,-1407,431329000,1.8127777777777778
2012-11-06,-27,-1411,431329000,1.8606944444444444
2012-11-06,230,-169,616927000,0.89875
2012-11-06,230,-170,616927000,1.5726388888888889
2012-11-06,230,1166,412470558,9.0577777777777779
2012-11-06,230,1167,412470559,0.13236111111111112
2012-11-06,230,1166,412470559,2.6693055555555554
2012-11-06,230,1167,412460605,0.88625
2012-11-06,230,1166,412460605,2.2265277777777777
2012-11-06,230,-167,242045000,6.1258333333333335
2012-11-06,230,1166,412451950,1.3231944444444446
2012-11-06,230,1166,412469117,1.1098611111111112
2012-11-06,230,1167,412469117,4.2072222222222226
2012-11-06,230,1168,412469117,1.2494444444444446
2012-11-06,230,1168,875411089,1.2733333333333334
2012-11-06,230,1167,875411089,3.6541666666666668
2012-11-06,230,1166,875411089,1.6879166666666667
2012-11-06,230,1165,412470429,0.67069444444444448
2012-11-06,230,-167,230990000,2.2019444444444445
2012-11-06,230,-166,230990000,5.1597222222222214
2012-11-06,230,-168,230990000,1.4748611111111112
2012-11-06,486,1408,273893400,0.643888888888889
2012-11-06,486,1410,273899300,0.32999999999999996
2012-11-06,486,1404,273815110,5.1508333333333338
2012-11-06,486,-55,227320660,0.40055555555555555
2012-11-06,486,1408,273437790,1.737638888888889
2012-11-06,486,1409,273438070,2.1888888888888891
2012-11-06,486,1408,273438070,1.9522222222222223
2012-11-06,486,1414,273438070,1.0680555555555555
2012-11-06,486,1413,273438070,0.84416666666666662
2012-11-06,486,-59,226267000,1.2469444444444444
2012-11-06,486,-60,226267000,1.625
2012-11-06,486,-58,226267000,0.24125
2012-11-06,486,-50,228336000,1.0373611111111112
2012-11-06,486,-102,225360000,13.299722222222222
2012-11-06,486,-51,227300000,0.42694444444444446
2012-11-06,486,-98,227512000,9.9444444444444446
2012-11-06,486,-102,224011990,22.414583333333333
2012-11-06,486,-62,227372000,1.7508333333333335
2012-11-06,486,-64,227372000,1.1222222222222222
2012-11-06,486,-63,227372000,1.3259722222222221
2012-11-06,486,-61,227372000,1.9969444444444444
2012-11-06,486,-99,227532000,9.1844444444444449
2012-11-06,742,219,227360000,0.21125
2012-11-06,742,223,227360000,0.98111111111111116
2012-11-06,742,209,227360000,1.046388888888889
2012-11-06,742,216,227360000,0.21916666666666668
2012-11-06,742,218,227360000,0.21125
2012-11-06,742,220,227360000,0.21819444444444444
2012-11-06,742,222,227360000,0.22791666666666666
2012-11-06,742,215,259616000,0.94513888888888886
2012-11-06,742,212,259616000,1.2743055555555554
2012-11-06,742,216,259616000,0.50125
2012-11-06,742,214,259616000,0.63694444444444442
2012-11-06,742,213,259616000,3.4297222222222219
2012-11-06,742,211,259616000,1.2990277777777779
2012-11-06,742,146,273297700,2.3416666666666668
2012-11-06,742,148,273297700,3.1083333333333334
2012-11-06,742,149,273297700,3.2458333333333336
2012-11-06,742,147,273352230,3.0670833333333336
2012-11-06,742,150,273352230,0.8176388888888888
2012-11-06,742,144,273352230,1.5833333333333335
2012-11-06,742,143,273352230,2.3075
2012-11-06,742,149,273352230,0.89069444444444446
2012-11-06,742,148,273352230,3.1130555555555555
2012-11-06,742,204,258067000,2.2223611111111112
2012-11-06,742,209,258067000,1.812222222222222
2012-11-06,742,208,258067000,0.43152777777777773
2012-11-06,742,205,258067000,2.19125
2012-11-06,742,146,273524300,6.2868055555555555
2012-11-06,742,209,259666000,1.4986111111111113
2012-11-06,742,213,259666000,0.41222222222222221
2012-11-06,742,211,259666000,0.41180555555555554
2012-11-06,742,210,259666000,0.8801388888888888
2012-11-06,742,214,259666000,0.41069444444444447
2012-11-06,742,208,259666000,1.5709722222222222
2012-11-06,742,212,259666000,0.42625
2012-11-06,742,171,257056600,4.7347222222222225
2012-11-06,742,221,234023000,1.5581944444444444
2012-11-06,742,202,258535000,0.20430555555555555
2012-11-06,742,203,258535000,0.10347222222222222
2012-11-06,742,204,258535000,0.10819444444444444
2012-11-06,742,208,258353000,1.2884722222222222
2012-11-06,742,214,258353000,0.50208333333333333
2012-11-06,742,227,258353000,0.44055555555555559
2012-11-06,742,222,258353000,0.215
2012-11-06,742,228,258353000,0.22138888888888891
2012-11-06,742,224,258353000,0.41625
2012-11-06,742,226,258353000,0.42027777777777775
2012-11-06,742,209,258353000,0.86555555555555563
2012-11-06,742,225,258353000,0.43333333333333335
2012-11-06,742,231,259258000,0.7713888888888889
2012-11-06,742,232,259258000,0.82055555555555559
2012-11-06,742,223,235078558,0.22208333333333335
2012-11-06,742,209,235078558,0.89513888888888893
2012-11-06,742,159,273298600,1.5918055555555557
2012-11-06,742,155,273298600,1.5498611111111111
2012-11-06,742,158,273298600,3.1236111111111109
2012-11-06,742,210,259106000,2.3540277777777776
2012-11-06,742,209,227489000,2.3612499999999996
2012-11-06,742,205,259489000,0.9802777777777778
2012-11-06,742,204,259489000,1.49
2012-11-06,-282,-758,760125000,1.4191666666666667
2012-11-06,-282,-755,760125000,4.1511111111111108
2012-11-06,-282,91,204228000,1.57125
2012-11-06,-282,-110,224929000,4.5606944444444446
2012-11-06,-282,-111,224929000,0.77472222222222231
2012-11-06,-282,-112,224929000,0.93597222222222221
2012-11-06,-282,-113,224929000,1.4697222222222222
2012-11-06,-26,-1451,440895000,1.8762500000000002
2012-11-06,-26,-1452,440895000,1.1645833333333333
2012-11-06,-26,-1450,440894000,1.8223611111111111
2012-11-06,-26,-1431,440871000,0.8912500000000001
2012-11-06,-26,-1432,440871000,1.0145833333333334
2012-11-06,-26,-1429,440871000,1.774027777777778
2012-11-06,-26,-1434,440871000,2.47875
2012-11-06,-26,-1443,440089000,1.1070833333333332
2012-11-06,-26,-1436,440089000,0.99180555555555561
2012-11-06,-26,-1455,441645000,2.4393055555555554
2012-11-06,-26,-1441,441015000,1.8951388888888889
2012-11-06,-26,-1449,440780000,2.1563888888888889
2012-11-06,-26,-1411,431329000,1.4656944444444444
2012-11-06,-26,-1412,431329000,0.8093055555555555
2012-11-06,-26,-1433,441825000,2.694722222222222
2012-11-06,-26,-1434,441825000,4.5431944444444445
2012-11-06,-26,-1432,441825000,3.4006944444444449
2012-11-06,231,-168,616927000,0.62555555555555553
2012-11-06,231,-167,616927000,0.4901388888888889
2012-11-06,231,1168,412469535,3.5287500000000005
2012-11-06,231,1170,412469535,0.25569444444444445
2012-11-06,231,1169,412469535,2.1211111111111114
2012-11-06,231,1168,412470569,0.85249999999999992
2012-11-06,231,1168,412460605,1.543611111111111
2012-11-06,231,1167,412460605,1.2802777777777778
2012-11-06,231,1166,412451950,0.20680555555555558
2012-11-06,231,1169,412469117,1.482361111111111
2012-11-06,231,1168,412469117,3.5636111111111113
2012-11-06,231,1169,875411089,1.5015277777777776
2012-11-06,231,1168,875411089,2.9916666666666667
2012-11-06,231,1168,412470419,0.83333333333333326
2012-11-06,231,1167,812041639,0.43875000000000003
2012-11-06,231,1166,412470183,3.1301388888888888
2012-11-06,231,-168,230990000,1.1756944444444444
2012-11-06,487,1414,273820420,0.26541666666666669
2012-11-06,487,1413,273820420,5.6381944444444461
2012-11-06,487,-21,227413000,0.20944444444444443
2012-11-06,487,1410,273893400,1.087361111111111
2012-11-06,487,1411,273893400,1.0838888888888889
2012-11-06,487,1408,273565500,2.3348611111111115
2012-11-06,487,1403,273815110,1.6654166666666668
2012-11-06,487,-23,227143500,1.4531944444444442
2012-11-06,487,-25,227143500,0.21083333333333332
2012-11-06,487,-28,227143500,0.20972222222222223
2012-11-06,487,-24,227143500,0.62958333333333338
2012-11-06,487,1408,273437790,1.9568055555555559
2012-11-06,487,1409,273437790,1.5056944444444444
2012-11-06,487,1410,273437790,0.89027777777777772
2012-11-06,487,1413,273437790,4.3322222222222218
2012-11-06,487,1411,273438070,0.67416666666666658
2012-11-06,487,1409,273438070,1.919027777777778
2012-11-06,487,1410,273438070,5.4331944444444451
2012-11-06,487,-102,225360000,10.906388888888888
2012-11-06,487,-104,225360000,17.662083333333332
2012-11-06,487,-498,316011910,1.5416666666666665
2012-11-06,487,-499,316011910,2.1766666666666667
2012-11-06,487,1402,273565900,2.3211111111111107
2012-11-06,487,1404,273565900,6.733472222222221
2012-11-06,487,-102,224011990,12.403333333333332
2012-11-06,487,-53,226199000,1.1981944444444443
2012-11-06,487,-25,228148700,0.83666666666666667
2012-11-06,487,-24,228148700,1.0419444444444443
2012-11-06,487,-23,228148700,1.2334722222222223
2012-11-06,743,217,227360000,0.40249999999999997
2012-11-06,743,221,227360000,0.42041666666666666
2012-11-06,743,225,227360000,0.62805555555555559
2012-11-06,743,213,227360000,0.43374999999999997
2012-11-06,743,214,227360000,0.42388888888888893
2012-11-06,743,218,227360000,0.42583333333333329
2012-11-06,743,223,227360000,0.28138888888888891
2012-11-06,743,220,227360000,0.48013888888888889
2012-11-06,743,224,227360000,0.38583333333333336
2012-11-06,743,215,227360000,0.42805555555555552
2012-11-06,743,222,227360000,0.49583333333333335
2012-11-06,743,216,227360000,0.4575
2012-11-06,743,219,227360000,0.59097222222222223
2012-11-06,743,148,273297700,1.5458333333333334
2012-11-06,743,149,273297700,3.1361111111111111
2012-11-06,743,150,273297700,2.3833333333333333
2012-11-06,743,213,259666000,0.41736111111111107
2012-11-06,743,211,259666000,0.42291666666666666
2012-11-06,743,214,259666000,0.20875
2012-11-06,743,212,259666000,0.44305555555555559
2012-11-06,743,171,257056600,6.23875
2012-11-06,743,222,234023000,3.9486111111111111
2012-11-06,743,227,234023000,1.5569444444444445
2012-11-06,743,225,234023000,1.5513888888888889
2012-11-06,743,223,234023000,1.5583333333333333
2012-11-06,743,224,234023000,1.5570833333333334
2012-11-06,743,228,258353000,0.65597222222222218
2012-11-06,743,224,258353000,0.41430555555555559
2012-11-06,743,229,258353000,1.0573611111111112
2012-11-06,743,230,258353000,0.63680555555555562
2012-11-06,743,223,258353000,0.21569444444444447
2012-11-06,743,227,258353000,0.43597222222222221
2012-11-06,743,226,258353000,0.26611111111111108
2012-11-06,743,225,258353000,0.4572222222222222
2012-11-06,743,232,259258000,8.4952777777777779
2012-11-06,743,229,259258000,1.4215277777777777
2012-11-06,743,230,259258000,3.5629166666666663
2012-11-06,743,233,259258000,3.79125
2012-11-06,743,231,259258000,4.3959722222222224
2012-11-06,743,226,235078558,1.605
2012-11-06,743,223,235078558,2.5427777777777778
2012-11-06,743,222,235078558,0.41444444444444445
2012-11-06,743,228,235078558,0.29777777777777781
2012-11-06,743,227,235078558,0.40791666666666665
2012-11-06,743,224,235078558,1.8808333333333334
2012-11-06,743,225,235078558,0.59027777777777779
2012-11-06,743,205,259489000,3.5555555555555554
2012-11-06,743,204,259489000,2.7941666666666669
2012-11-06,743,206,259489000,1.5666666666666667
2012-11-06,-281,366,224096840,4.25125
2012-11-06,-281,-760,760125000,1.1143055555555554
2012-11-06,-281,-755,576497000,1.9162500000000002
2012-11-06,-281,-756,413222000,2.1680555555555556
2012-11-06,-281,90,204228000,1.0375
2012-11-06,-25,-1451,440895000,2.2770833333333336
2012-11-06,-25,-1450,440894000,1.7844444444444445
2012-11-06,-25,-1430,440382000,2.5254166666666666
2012-11-06,-25,-1427,440382000,1.8223611111111111
2012-11-06,-25,-1429,440382000,1.8345833333333332
2012-11-06,-25,1773,441043000,10.122777777777779
2012-11-06,-25,-1465,412695630,1.3363888888888888
2012-11-06,-25,1775,440444000,1.8069444444444445
2012-11-06,-25,-271,224752000,2.372638888888889
2012-11-06,-25,-1434,440847000,0.915138888888889
2012-11-06,-25,-1433,440847000,0.94708333333333328
2012-11-06,-25,-1435,440847000,1.7652777777777777
2012-11-06,-25,-1441,440089000,1.83875
2012-11-06,-25,-1436,440089000,2.7123611111111106
2012-11-06,-25,-1443,440089000,0.79999999999999993
2012-11-06,-25,-1438,440089000,1.58875
2012-11-06,-25,-1435,440089000,0.77777777777777779
2012-11-06,-25,-1454,441645000,1.7415277777777776
2012-11-06,-25,-1455,441645000,0.9556944444444444
2012-11-06,-25,-1441,441015000,1.757638888888889
2012-11-06,-25,-1442,441015000,1.8455555555555556
2012-11-06,-25,-1449,440780000,1.4726388888888891
2012-11-06,-25,-1412,431329000,1.7156944444444444
2012-11-06,-25,-1409,431329000,1.9025
2012-11-06,-25,-1432,441825000,1.7154166666666666
2012-11-06,232,1169,412469535,1.162638888888889
2012-11-06,232,1170,412469535,3.7094444444444443
2012-11-06,232,1169,412470569,1.5211111111111109
2012-11-06,232,1168,412470569,3.3015277777777783
2012-11-06,232,1172,412469562,2.5149999999999997
2012-11-06,232,1168,412460605,0.33916666666666667
2012-11-06,232,1171,412469828,12.848055555555556
2012-11-06,232,1170,412469828,1.1727777777777777
2012-11-06,232,1168,412460634,2.7600000000000002
2012-11-06,232,1168,412470107,3.1926388888888892
2012-11-06,232,1168,412470376,0.42152777777777772
2012-11-06,232,1170,412469117,0.45333333333333337
2012-11-06,232,1169,412469117,1.2934722222222221
2012-11-06,232,1169,412470399,2.3695833333333334
2012-11-06,232,1168,412470399,1.0930555555555554
2012-11-06,232,1169,412470401,3.7533333333333334
2012-11-06,232,1169,412470409,4.35375
2012-11-06,232,1170,875411089,0.30847222222222226
2012-11-06,232,1169,875411089,1.3470833333333334
2012-11-06,232,1168,412470419,3.1845833333333329
2012-11-06,232,1169,412470419,1.9565277777777779
2012-11-06,232,-168,230990000,5.2759722222222223
2012-11-06,232,1168,412470487,3.56875
2012-11-06,232,1169,412470487,0.64083333333333337
2012-11-06,232,1168,412470508,2.896527777777778
2012-11-06,232,1169,875421933,12.83
2012-11-06,232,1170,875421933,1.4708333333333332
2012-11-06,488,-21,228157700,0.20152777777777778
2012-11-06,488,-20,228157700,9.1305555555555546
2012-11-06,488,-21,227413000,1.50375
2012-11-06,488,-22,227413000,1.9504166666666667
2012-11-06,488,1412,273893400,0.84916666666666663
2012-11-06,488,1411,273893400,2.4418055555555558
2012-11-06,488,1411,273899300,0.85305555555555557
2012-11-06,488,1412,273899300,1.9190277777777776
2012-11-06,488,1408,273565500,11.075416666666669
2012-11-06,488,1407,273565500,1.6980555555555554
2012-11-06,488,-23,227143500,0.40888888888888886
2012-11-06,488,1410,273437790,1.5841666666666667
2012-11-06,488,-21,228337000,0.22361111111111109
2012-11-06,488,-20,228337000,8.7661111111111083
2012-11-06,488,-24,228806000,3.5170833333333333
2012-11-06,488,-25,228806000,0.82777777777777772
2012-11-06,488,-21,228221900,0.62458333333333327
2012-11-06,488,-22,228221900,2.1263888888888887
2012-11-06,488,-109,224610000,19.298888888888889
2012-11-06,488,-106,224610000,8.3330555555555552
2012-11-06,488,-23,228148700,0.41041666666666665
2012-11-06,744,171,257056600,4.0209722222222215
2012-11-06,744,172,257056600,1.5694444444444444
2012-11-06,744,228,235078558,0.42208333333333337
2012-11-06,744,229,235078558,0.21486111111111111
2012-11-06,744,186,273527000,3.0880555555555556
2012-11-06,744,206,259489000,3.24125
2012-11-06,744,205,259489000,6.4347222222222227
2012-11-06,-280,367,224096840,2.5551388888888891
2012-11-06,-280,-761,760125000,7.1920833333333327
2012-11-06,-280,-758,576497000,2.0830555555555557
2012-11-06,-280,-755,576497000,0.87222222222222223
2012-11-06,-280,-754,576497000,4.2247222222222218
2012-11-06,-280,-760,413222000,5.7444444444444445
2012-11-06,-280,-754,413222000,1.4273611111111111
2012-11-06,-280,-758,413222000,2.0361111111111114
2012-11-06,-280,-753,413222000,0.93055555555555558
2012-11-06,-24,-1451,440895000,3.6
2012-11-06,-24,-1546,440936000,4.6497222222222225
2012-11-06,-24,-1543,440936000,3.5998611111111112
2012-11-06,-24,-1466,412695630,7.1804166666666669
2012-11-06,-24,1777,440444000,0.90555555555555556
2012-11-06,-24,1775,440444000,1.8097222222222222
2012-11-06,-24,-268,224752000,4.4020833333333336
2012-11-06,-24,-272,224752000,0.85694444444444451
2012-11-06,-24,-1432,440847000,2.5295833333333331
2012-11-06,-24,-1435,440089000,1.8661111111111111
2012-11-06,-24,-1436,440089000,2.72125
2012-11-06,-24,-1434,440089000,2.1525
2012-11-06,-24,-1455,441645000,0.90986111111111112
2012-11-06,-24,-1448,440780000,1.7736111111111112
2012-11-06,-24,-1412,431329000,1.5190277777777776
2012-11-06,-24,-1431,441825000,0.79305555555555562
2012-11-06,-24,-1432,441825000,4.7630555555555558
2012-11-06,233,1169,412469257,15.269583333333333
2012-11-06,233,-166,616927000,1.0694444444444446
2012-11-06,233,1170,875413021,5.5805555555555557
2012-11-06,233,1170,412469535,7.0038888888888886
2012-11-06,233,1168,412470562,0.21541666666666665
2012-11-06,233,1169,412470569,0.73402777777777783
2012-11-06,233,1170,875408958,1.7611111111111113
2012-11-06,233,1169,875408958,13.938194444444443
2012-11-06,233,1170,412469828,2.5561111111111114
2012-11-06,233,1169,412460634,4.4518055555555547
2012-11-06,233,1168,412460634,1.4605555555555554
2012-11-06,233,1168,412470375,2.435
2012-11-06,233,1168,412470376,0.90388888888888885
2012-11-06,233,1168,412470405,1.4679166666666665
2012-11-06,233,1168,412470411,1.1233333333333335
2012-11-06,233,1167,412470411,0.93708333333333327
2012-11-06,233,1169,412470419,3.1311111111111116
2012-11-06,233,1168,412470419,9.0026388888888889
2012-11-06,233,-168,230990000,2.3236111111111115
2012-11-06,233,-169,230990000,0.45166666666666672
2012-11-06,233,1170,875437009,13.355416666666667
2012-11-06,233,1171,875437009,12.492499999999998
2012-11-06,233,1169,412470487,0.42138888888888892
2012-11-06,233,1168,412470505,2.5804166666666668
2012-11-06,489,-59,227328000,1.0472222222222221
2012-11-06,489,-55,228213000,0.84333333333333338
2012-11-06,489,-56,228213000,1.2694444444444444
2012-11-06,489,-60,228917000,7.46388888888889
2012-11-06,489,-59,228917000,3.6784722222222217
2012-11-06,489,1412,273893400,2.831666666666667
2012-11-06,489,1412,273568800,2.1680555555555556
2012-11-06,489,1412,273899300,0.41625
2012-11-06,489,-63,228106800,0.45069444444444445
2012-11-06,489,-64,228106800,0.94888888888888889
2012-11-06,489,1408,273565500,8.7866666666666653
2012-11-06,489,1411,273437790,0.21916666666666668
2012-11-06,489,-24,228157800,0.20513888888888887
2012-11-06,489,-500,316011910,4.9
2012-11-06,489,1412,273435850,0.85263888888888884
2012-11-06,489,1413,273435850,5.6376388888888886
2012-11-06,489,1414,273435850,0.21166666666666667
2012-11-06,489,1411,273435850,1.9491666666666667
2012-11-06,489,1403,273565900,0.21638888888888891
2012-11-06,489,-107,224610000,4.2868055555555555
2012-11-06,489,-109,224610000,10.731944444444444
2012-11-06,745,207,259489000,1.5526388888888887
2012-11-06,745,206,259489000,1.5930555555555554
2012-11-06,-279,369,224096840,6.7958333333333325
2012-11-06,-279,-762,760125000,2.3231944444444443
2012-11-06,-279,-754,576497000,6.5245833333333332
2012-11-06,-279,-753,413222000,1.294861111111111
2012-11-06,-279,-157,224049860,0.76666666666666661
2012-11-06,-23,-1451,440895000,1.4412500000000001
2012-11-06,-23,-1433,440382000,1.1801388888888888
2012-11-06,-23,-268,224752000,1.9016666666666666
2012-11-06,-23,-1413,431329000,1.8551388888888889
2012-11-06,-23,-1411,431329000,1.7956944444444445
2012-11-06,-23,-1431,441825000,2.7913888888888891
2012-11-06,-23,-1432,441825000,3.0591666666666666
2012-11-06,234,-166,616927000,0.12930555555555556
2012-11-06,234,-165,616927000,0.10027777777777777
2012-11-06,490,-57,227328000,1.5502777777777776
2012-11-06,490,-58,227328000,19.28638888888889
2012-11-06,490,-59,227328000,2.3205555555555559
2012-11-06,490,1412,273820420,3.09875
2012-11-06,490,1411,273820420,0.93208333333333337
2012-11-06,490,-59,228917000,6.8356944444444441
2012-11-06,490,-60,228917000,2.1994444444444445
2012-11-06,490,-63,228106800,4.7502777777777778
2012-11-06,490,-62,228106800,0.26875
2012-11-06,490,-64,228106800,1.2234722222222221
2012-11-06,490,-60,227127900,3.3065277777777777
2012-11-06,490,-59,227127900,2.5947222222222219
2012-11-06,490,-23,228157800,4.3365277777777784
2012-11-06,490,-24,228157800,4.5943055555555556
2012-11-06,490,-51,227315560,0.49569444444444444
2012-11-06,490,-52,227315560,0.81847222222222227
2012-11-06,490,-64,227144900,1.2343055555555555
2012-11-06,490,1412,273435850,3.3473611111111112
2012-11-06,490,1411,273435850,2.9523611111111112
2012-11-06,490,1413,273435850,1.1397222222222223
2012-11-06,490,1404,273565900,4.24
2012-11-06,490,1403,273565900,1.0255555555555556
2012-11-06,746,217,259380000,0.57055555555555559
2012-11-06,746,216,259380000,2.8766666666666665
2012-11-06,746,215,259380000,1.5854166666666667
2012-11-06,746,218,259380000,2.7581944444444444
2012-11-06,746,219,259380000,0.55513888888888885
2012-11-06,746,160,273436830,12.545277777777779
2012-11-06,-278,-754,576497000,1.8388888888888888
2012-11-06,-278,-754,413222000,9.2136111111111116
2012-11-06,-278,93,204228000,4.6577777777777785
2012-11-06,-278,-157,224049860,3.815
2012-11-06,-22,-1451,440895000,1.8016666666666667
2012-11-06,-22,-1436,440382000,2.3552777777777778
2012-11-06,-22,-1437,440382000,1.9059722222222222
2012-11-06,-22,-1439,440382000,1.8538888888888889
2012-11-06,-22,-1433,440382000,1.8748611111111111
2012-11-06,-22,-1434,440382000,1.4752777777777779
2012-11-06,-22,-1438,440382000,1.7945833333333332
2012-11-06,-22,-1435,440382000,1.6208333333333333
2012-11-06,-22,-1432,440847000,0.87111111111111106
2012-11-06,-22,-1414,431329000,3.5488888888888885
2012-11-06,-22,-1438,441014000,1.7818055555555554
2012-11-06,-22,-1435,441014000,2.1505555555555556
2012-11-06,-22,-1440,441014000,1.8002777777777776
2012-11-06,-22,-1437,441014000,3.9181944444444445
2012-11-06,-22,-1436,441014000,1.8356944444444445
2012-11-06,491,1411,273820420,1.0790277777777779
2012-11-06,491,1413,273820420,0.43722222222222223
2012-11-06,491,1412,273820420,1.0863888888888891
2012-11-06,491,-59,228917000,0.63527777777777772
2012-11-06,491,-60,228917000,1.6329166666666668
2012-11-06,491,-63,228106800,0.99069444444444454
2012-11-06,491,-62,228106800,0.64013888888888881
2012-11-06,491,-65,228106800,1.0368055555555555
2012-11-06,491,-51,227315560,1.6259722222222222
2012-11-06,491,-52,227315560,0.32388888888888889
2012-11-06,491,-50,227315560,2.4609722222222219
2012-11-06,491,-64,227558000,2.0129166666666669
2012-11-06,491,-63,227558000,2.2366666666666668
2012-11-06,491,-62,227558000,1.5009722222222222
2012-11-06,491,-500,316011910,5.818194444444444
2012-11-06,491,-63,228974000,1.378611111111111
2012-11-06,491,-64,228974000,0.62402777777777785
2012-11-06,491,-62,228974000,1.0758333333333334
2012-11-06,491,-64,227144900,2.5522222222222224
2012-11-06,491,-62,227330000,0.55916666666666659
2012-11-06,491,-64,228004600,2.756388888888889
2012-11-06,491,-63,228004600,1.8706944444444444
2012-11-06,747,219,259380000,4.4647222222222229
2012-11-06,747,215,259380000,3.2569444444444446
2012-11-06,747,217,259380000,1.235138888888889
2012-11-06,747,164,273436830,1.6111111111111112
2012-11-06,-277,94,204228000,1.6640277777777777
2012-11-06,-21,-268,224752000,1.8858333333333333
2012-11-06,-21,-1432,440847000,0.87194444444444452
2012-11-06,-21,-1431,440847000,1.7619444444444445
2012-11-06,-21,-1435,440847000,2.1784722222222221
2012-11-06,-21,-1439,440847000,1.7715277777777776
2012-11-06,-21,-1437,440847000,1.8113888888888889
2012-11-06,-21,-1438,440847000,1.8115277777777776
2012-11-06,-21,-1436,440847000,2.4306944444444443
2012-11-06,-21,-1434,440847000,2.7672222222222222
2012-11-06,-21,-1433,440847000,1.2406944444444443
2012-11-06,-21,-1435,441014000,1.6841666666666668
2012-11-06,-21,-1438,441014000,1.435
2012-11-06,-21,-1440,441014000,3.7159722222222218
2012-11-06,-21,-1439,441014000,1.7630555555555556
2012-11-06,-21,-1443,441014000,1.7555555555555555
2012-11-06,-21,-1442,441014000,1.9380555555555556
2012-11-06,492,1414,273899300,1.9370833333333333
2012-11-06,492,-61,227592000,1.4530555555555555
2012-11-06,492,-62,227592000,1.0919444444444444
2012-11-06,492,-60,227592000,1.4159722222222222
2012-11-06,492,-63,227592000,3.1759722222222222
2012-11-06,492,-62,228165700,0.12833333333333333
2012-11-06,492,-61,228165700,2.2719444444444443
2012-11-06,492,-63,227313000,0.75402777777777774
2012-11-06,492,-61,227313000,12.196805555555557
2012-11-06,492,-62,227313000,1.5506944444444444
2012-11-06,492,-61,227558000,9.0865277777777766
2012-11-06,492,-62,227558000,9.8744444444444444
2012-11-06,492,-63,227558000,1.5740277777777776
2012-11-06,492,-499,316011910,4.2109722222222219
2012-11-06,492,-60,228264600,1.7690277777777779
2012-11-06,492,-61,228264600,1.3184722222222223
2012-11-06,492,-62,228264600,5.7143055555555549
2012-11-06,492,-61,228297900,0.23
2012-11-06,492,-62,228297900,0.90374999999999994
2012-11-06,492,-65,228974000,1.4594444444444445
2012-11-06,492,-64,228974000,0.6726388888888889
2012-11-06,492,-62,228974000,0.21805555555555556
2012-11-06,492,-61,228974000,0.43777777777777782
2012-11-06,492,-115,224067000,9.9508333333333336
2012-11-06,492,-61,227144900,1.0126388888888889
2012-11-06,492,-62,227144900,3.7447222222222223
2012-11-06,492,-63,232005840,2.9375
2012-11-06,492,-61,232005840,1.4294444444444445
2012-11-06,492,-62,232005840,0.797638888888889
2012-11-06,492,-61,227330000,1.7319444444444443
2012-11-06,492,-62,227330000,1.1391666666666667
2012-11-06,492,-60,227330000,0.22833333333333333
2012-11-06,492,-54,228150000,0.72222222222222221
2012-11-06,492,-56,228150000,4.2065277777777785
2012-11-06,492,-55,228150000,9.7718055555555541
2012-11-06,492,-63,228004600,2.42875
2012-11-06,492,-60,228004600,1.4166666666666667
2012-11-06,492,-61,228004600,1.3733333333333335
2012-11-06,492,-62,228004600,1.1715277777777777
2012-11-06,748,187,259284000,1.5587499999999999
2012-11-06,748,191,259284000,1.5543055555555556
2012-11-06,748,188,259284000,1.5365277777777777
2012-11-06,748,186,259284000,1.6211111111111112
2012-11-06,748,217,259380000,1.1465277777777778
2012-11-06,748,218,259380000,0.6975
2012-11-06,748,216,259380000,2.0493055555555557
2012-11-06,748,219,259380000,2.4055555555555559
2012-11-06,748,168,273436830,1.6277777777777778
2012-11-06,-532,-749,725002360,7.2081944444444446
2012-11-06,-532,-754,725000667,5.6513888888888886
2012-11-06,-276,94,204228000,0.638888888888889
2012-11-06,-276,-158,224049860,8.4061111111111124
2012-11-06,-20,-200,263570000,1.669861111111111
2012-11-06,493,1410,273568800,2.1802777777777775
2012-11-06,493,1411,273568800,6.7152777777777777
2012-11-06,493,-60,227592000,4.2201388888888891
2012-11-06,493,1452,273853000,24.41236111111111
2012-11-06,493,-63,227313000,3.54
2012-11-06,493,-61,227313000,0.97333333333333338
2012-11-06,493,-64,227313000,1.3795833333333334
2012-11-06,493,-62,227313000,1.2508333333333332
2012-11-06,493,-51,228827000,4.67986111111111
2012-11-06,493,-52,228827000,4.5062500000000005
2012-11-06,493,-54,228827000,3.4561111111111114
2012-11-06,493,-53,228827000,7.6322222222222225
2012-11-06,493,-30,228267900,1.2419444444444445
2012-11-06,493,-63,228974000,1.3752777777777778
2012-11-06,493,-65,228974000,1.8515277777777777
2012-11-06,493,-62,228974000,2.78
2012-11-06,493,-64,228974000,1.2983333333333333
2012-11-06,493,-62,232005840,0.64055555555555554
2012-11-06,493,-61,232005840,1.5258333333333334
2012-11-06,493,-63,232005840,1.9286111111111111
2012-11-06,493,-56,228150000,0.981111111111111
2012-11-06,493,-54,228150000,3.9722222222222228
2012-11-06,493,-55,228150000,2.5126388888888886
2012-11-06,749,188,259284000,6.318194444444444
2012-11-06,749,187,259284000,4.6726388888888888
2012-11-06,749,190,259284000,1.5787499999999999
2012-11-06,749,186,259284000,1.6275
2012-11-06,749,189,259284000,3.1381944444444443
2012-11-06,749,172,273436830,1.5841666666666665
2012-11-06,749,230,258360000,1.5387499999999998
2012-11-06,749,229,258360000,3.2886111111111109
2012-11-06,749,230,259158000,3.1873611111111111
2012-11-06,-531,-750,725002360,1.5223611111111111
2012-11-06,-531,-645,701000627,1.5480555555555555
2012-11-06,-531,-751,725000667,5.9066666666666663
2012-11-06,-275,94,204228000,0.91625
2012-11-06,-19,-202,263570000,0.92833333333333334
2012-11-06,-19,-268,224752000,1.77375
2012-11-06,494,1555,273359630,1.7031944444444447
2012-11-06,494,1554,273359630,5.6333333333333337
2012-11-06,494,1411,273568800,12.879444444444443
2012-11-06,494,-58,227592000,2.4448611111111109
2012-11-06,494,-57,227592000,4.2118055555555554
2012-11-06,494,1543,273822810,1.6116666666666668
2012-11-06,494,-60,227313000,0.25027777777777782
2012-11-06,494,-61,227313000,0.90902777777777777
2012-11-06,494,-51,228827000,0.21638888888888891
2012-11-06,494,-53,228827000,1.3599999999999999
2012-11-06,494,-52,228827000,1.7466666666666666
2012-11-06,494,-54,228827000,0.34513888888888888
2012-11-06,494,1560,273828010,0.79444444444444451
2012-11-06,494,-56,228974000,0.87333333333333341
2012-11-06,494,-59,228974000,2.4138888888888888
2012-11-06,494,-57,228974000,1.6369444444444445
2012-11-06,494,-58,228974000,1.6265277777777778
2012-11-06,494,-107,224067000,7.5066666666666668
2012-11-06,494,-104,224067000,1.7434722222222223
2012-11-06,494,-103,224067000,2.6518055555555557
2012-11-06,494,-106,224067000,11.434999999999999
2012-11-06,494,-10,227136700,3.5863888888888886
2012-11-06,494,-56,227100100,4.9915277777777778
2012-11-06,494,-54,235006150,2.2470833333333333
2012-11-06,494,-55,235006150,2.1873611111111111
2012-11-06,494,-52,227468000,2.6198611111111116
2012-11-06,494,-50,227468000,2.1936111111111112
2012-11-06,494,-49,227468000,0.67430555555555549
2012-11-06,494,-51,227468000,2.4175
2012-11-06,750,231,259666000,3.1890277777777776
2012-11-06,750,176,273436830,1.5723611111111111
2012-11-06,750,229,258360000,1.5583333333333331
2012-11-06,750,231,258360000,3.125
2012-11-06,750,230,258360000,7.7391666666666667
2012-11-06,750,229,259158000,3.8906944444444442
2012-11-06,750,231,259158000,6.2568055555555562
2012-11-06,-530,746,503057000,4.13375
2012-11-06,-530,-647,701000627,1.9093055555555556
2012-11-06,-530,-645,701000627,13.293333333333333
2012-11-06,-530,-753,725000667,3.8291666666666666
2012-11-06,-530,-752,725000667,4.7786111111111111
2012-11-06,-274,95,204228000,1.1433333333333333
2012-11-06,-274,94,204228000,1.0970833333333334
2012-11-06,-274,146,659470000,1.6665277777777778
2012-11-06,-18,-201,263570000,1.1038888888888887
2012-11-06,-18,-202,263570000,0.76944444444444438
2012-11-06,-18,1736,440410000,5.2833333333333332
2012-11-06,239,1182,856106132,0.84861111111111109
2012-11-06,239,1183,856106132,2.2016666666666667
2012-11-06,495,1555,273359630,15.960972222222223
2012-11-06,495,-12,227113500,1.9458333333333335
2012-11-06,495,1545,273822810,12.619444444444444
2012-11-06,495,-45,228316000,0.12194444444444444
2012-11-06,495,-45,227144300,0.58666666666666667
2012-11-06,495,-46,227144300,0.44277777777777783
2012-11-06,495,-12,227931000,2.422361111111111
2012-11-06,495,-11,227573130,6.7779166666666679
2012-11-06,495,-10,227573130,7.5306944444444461
2012-11-06,495,1562,273829010,12.458472222222223
2012-11-06,495,1561,273829010,1.5825
2012-11-06,495,1563,273828010,5.7725
2012-11-06,495,1562,273828010,0.80152777777777784
2012-11-06,495,1561,273828010,11.059861111111111
2012-11-06,495,1560,273825710,1.4709722222222221
2012-11-06,495,1562,273825710,11.483611111111111
2012-11-06,495,1561,273825710,6.5705555555555559
2012-11-06,495,-10,227136700,0.95847222222222217
2012-11-06,495,1561,273827010,3.1276388888888884
2012-11-06,495,1560,273827010,0.80722222222222217
2012-11-06,495,1562,273827010,10.664027777777777
2012-11-06,495,-56,227100100,1.7419444444444443
2012-11-06,495,-55,227100100,3.5927777777777785
2012-11-06,495,-54,227100100,3.8011111111111107
2012-11-06,495,-53,235006150,3.3219444444444446
2012-11-06,495,-54,235006150,1.0409722222222222
2012-11-06,495,-35,227469000,1.5977777777777777
2012-11-06,495,-48,227468000,1.6572222222222222
2012-11-06,495,-51,227468000,1.6222222222222222
2012-11-06,495,-50,227468000,1.2819444444444446
2012-11-06,495,-52,227468000,0.27652777777777782
2012-11-06,495,-46,227468000,4.4713888888888889
2012-11-06,495,-47,227468000,1.0406944444444444
2012-11-06,495,-49,227468000,1.1759722222222222
2012-11-06,495,1561,273825010,9.4877777777777776
2012-11-06,495,1563,273825010,0.80555555555555558
2012-11-06,495,1562,273825010,13.392361111111111
2012-11-06,751,229,258360000,1.5708333333333333
2012-11-06,751,226,259158000,1.5525
2012-11-06,751,229,259158000,2.3441666666666667
2012-11-06,751,227,259158000,2.376527777777778
2012-11-06,-529,-606,224540000,1.8690277777777777
2012-11-06,-529,-606,224526000,7.580972222222222
2012-11-06,-529,-647,701000627,6.9576388888888889
2012-11-06,-529,-755,725000667,3.4158333333333335
2012-11-06,-273,95,204228000,1.8411111111111109
2012-11-06,-273,144,659470000,4.2080555555555561
2012-11-06,-273,145,659470000,3.8886111111111115
2012-11-06,-273,146,659470000,1.4681944444444444
2012-11-06,-17,-202,263570000,3.689861111111111
2012-11-06,-17,1738,440410000,3.5286111111111111
2012-11-06,240,1181,412444941,0.42652777777777773
2012-11-06,240,1184,856106132,3.7994444444444442
2012-11-06,240,1183,856106132,17.3025
2012-11-06,496,-38,235061272,2.3329166666666667
2012-11-06,496,-33,235061272,5.32513888888889
2012-11-06,496,-34,235061272,2.5333333333333337
2012-11-06,496,-12,227113500,1.3051388888888891
2012-11-06,496,-45,227346000,10.44333333333333
2012-11-06,496,-44,227346000,4.2470833333333324
2012-11-06,496,-46,227346000,3.1593055555555556
2012-11-06,496,-41,232004700,0.39166666666666672
2012-11-06,496,-45,227144300,6.3494444444444449
2012-11-06,496,-47,227144300,5.186805555555555
2012-11-06,496,-44,227144300,2.3405555555555559
2012-11-06,496,-46,227144300,4.624305555555555
2012-11-06,496,-12,227931000,1.7263888888888892
2012-11-06,496,-1274,316009852,18.088194444444444
2012-11-06,496,1563,273829010,1.1630555555555557
2012-11-06,496,1562,273829010,0.38458333333333333
2012-11-06,496,-4,228170900,0.66097222222222229
2012-11-06,496,-4,228857000,0.62666666666666671
2012-11-06,496,1563,273828010,4.9984722222222224
2012-11-06,496,1563,273825710,3.7915277777777781
2012-11-06,496,1562,273827010,5.6309722222222218
2012-11-06,496,1563,273827010,3.38125
2012-11-06,496,-54,227100100,3.8451388888888882
2012-11-06,496,-55,227100100,0.85986111111111108
2012-11-06,496,-52,235006150,0.97
2012-11-06,496,-55,235006150,2.0241666666666664
2012-11-06,496,-53,235006150,2.11125
2012-11-06,496,-54,235006150,1.4430555555555555
2012-11-06,496,-37,227469000,11.141527777777778
2012-11-06,496,-4,226156000,0.67083333333333328
2012-11-06,496,-5,226156000,1.3193055555555555
2012-11-06,496,-55,228028900,1.4552777777777777
2012-11-06,496,-4,234209000,4.9102777777777789
2012-11-06,752,175,258376000,1.6124999999999998
2012-11-06,-528,-606,224540000,9.8715277777777786
2012-11-06,-272,95,204228000,2.5044444444444447
2012-11-06,-272,145,659470000,1.8558333333333334
2012-11-06,-272,143,659470000,6.0863888888888891
2012-11-06,241,1181,412444941,2.3306944444444446
2012-11-06,241,1180,412444856,1.8258333333333332
2012-11-06,241,1181,412444856,0.24277777777777776
2012-11-06,241,1183,412444866,1.66
2012-11-06,241,1182,412444896,2.2048611111111112
2012-11-06,497,-4,227301390,6.6643055555555559
2012-11-06,497,-2,227301390,1.0755555555555554
2012-11-06,497,-3,227301390,9.1387499999999964
2012-11-06,497,-33,232005400,2.2698611111111111
2012-11-06,497,-3,227423000,2.5547222222222219
2012-11-06,497,-2,227423000,0.63874999999999993
2012-11-06,497,-4,227519000,12.498472222222222
2012-11-06,497,-5,227519000,1.9151388888888887
2012-11-06,497,-2,227519000,0.22444444444444445
2012-11-06,497,-3,227519000,6.4718055555555569
2012-11-06,497,-37,235061272,1.3106944444444446
2012-11-06,497,-34,235061272,0.66097222222222218
2012-11-06,497,-35,235061272,2.643472222222222
2012-11-06,497,-36,235061272,3.4802777777777778
2012-11-06,497,-17,227113500,1.0790277777777777
2012-11-06,497,-18,227113500,0.21694444444444444
2012-11-06,497,-16,227113500,0.20291666666666666
2012-11-06,497,-2,228281900,9.35388888888889
2012-11-06,497,-3,227317040,1.7263888888888888
2012-11-06,497,-2,227317040,14.230694444444449
2012-11-06,497,-3,228112700,11.531527777777782
2012-11-06,497,-2,228112700,12.357083333333335
2012-11-06,497,-45,227346000,3.06
2012-11-06,497,-44,227346000,0.7
2012-11-06,497,-46,227346000,0.69444444444444442
2012-11-06,497,-39,235054161,1.4091666666666667
2012-11-06,497,-40,235054161,7.0901388888888892
2012-11-06,497,-44,232005460,5.1793055555555556
2012-11-06,497,-41,232004700,8.8995833333333323
2012-11-06,497,-2,227119200,10.490972222222224
2012-11-06,497,-4,227119200,0.43694444444444447
2012-11-06,497,-3,227119200,12.660416666666665
2012-11-06,497,-45,227144300,1.5831944444444443
2012-11-06,497,-44,227144300,0.48388888888888892
2012-11-06,497,-46,227144300,0.9075
2012-11-06,497,-3,227137400,6.0694444444444429
2012-11-06,497,-2,227137400,17.165555555555553
2012-11-06,497,-16,227931000,0.71888888888888891
2012-11-06,497,-17,227931000,1.1247222222222222
2012-11-06,497,-18,227931000,0.22388888888888889
2012-11-06,497,-2,228158600,12.111666666666666
2012-11-06,497,-3,228158600,8.8731944444444455
2012-11-06,497,-4,228158600,2.8056944444444443
2012-11-06,497,-2,228170900,4.6123611111111114
2012-11-06,497,-3,228170900,1.0720833333333335
2012-11-06,497,-4,228170900,11.020277777777777
2012-11-06,497,-4,228857000,19.033888888888889
2012-11-06,497,-3,228857000,1.5205555555555554
2012-11-06,497,-47,232005800,0.80513888888888885
2012-11-06,497,-48,232005800,1.4968055555555555
2012-11-06,497,-46,232005800,2.5876388888888888
2012-11-06,497,-45,232005800,0.43583333333333335
2012-11-06,497,-83,235005640,4.1527777777777777
2012-11-06,497,-39,227469000,10.579305555555555
2012-11-06,497,-38,227469000,0.37083333333333335
2012-11-06,497,-4,226156000,0.22083333333333333
2012-11-06,497,-38,227468000,0.63152777777777769
2012-11-06,497,-39,227468000,4.1208333333333327
2012-11-06,497,-52,228028900,0.62930555555555556
2012-11-06,497,-53,228028900,0.20736111111111111
2012-11-06,497,-55,228028900,2.2813888888888889
2012-11-06,497,-43,235008741,8.0944444444444432
2012-11-06,497,-4,234209000,6.2259722222222234
2012-11-06,497,-3,234209000,0.84361111111111109
2012-11-06,497,-48,228321000,0.45458333333333334
2012-11-06,497,-47,228321000,3.3049999999999997
2012-11-06,497,-45,228321000,0.68847222222222215
2012-11-06,497,-46,228321000,2.559444444444444
2012-11-06,497,-113,224011260,15.185555555555558
2012-11-06,497,-112,224011260,1.6166666666666667
2012-11-06,753,183,257582600,3.092222222222222
2012-11-06,753,184,257582600,3.1130555555555555
2012-11-06,753,175,258376000,1.5331944444444445
2012-11-06,753,171,258376000,1.5609722222222222
2012-11-06,753,176,258376000,1.5540277777777778
2012-11-06,753,178,258120000,4.7288888888888891
2012-11-06,-527,-606,224526000,4.1436111111111114
2012-11-06,-271,142,224901000,0.85569444444444454
2012-11-06,-271,143,659470000,0.74722222222222223
2012-11-06,-271,142,659470000,3.3915277777777781
2012-11-06,242,1181,412444949,0.87236111111111114
2012-11-06,242,1182,412444949,3.1730555555555551
2012-11-06,242,1182,412444575,6.3859722222222226
2012-11-06,242,1183,412444873,1.7759722222222221
2012-11-06,242,1182,412444873,0.96861111111111109
2012-11-06,242,1182,412444915,3.4386111111111113
2012-11-06,242,1181,412444915,0.2961111111111111
2012-11-06,242,1224,416001525,5.1927777777777777
2012-11-06,242,1225,416001525,2.0511111111111111
2012-11-06,242,1181,412444922,0.25055555555555553
2012-11-06,242,1182,412444922,3.7493055555555559
2012-11-06,498,-38,235005457,1.1318055555555555
2012-11-06,498,-37,235005457,0.29180555555555554
2012-11-06,498,-39,235005457,0.84194444444444438
2012-11-06,498,-45,228203800,3.778888888888889
2012-11-06,498,-46,228203800,2.9747222222222223
2012-11-06,498,-47,228203800,3.1445833333333337
2012-11-06,498,-48,228203800,0.21263888888888888
2012-11-06,498,-2,227423000,4.0976388888888895
2012-11-06,498,-4,227423000,1.7456944444444444
2012-11-06,498,-3,227423000,1.5145833333333334
2012-11-06,498,-35,235061272,4.1990277777777774
2012-11-06,498,-34,235061272,1.4455555555555555
2012-11-06,498,-12,227113500,0.20944444444444443
2012-11-06,498,-2,228281900,0.35013888888888889
2012-11-06,498,-2,227317040,1.0756944444444443
2012-11-06,498,-1271,316006724,6.7376388888888892
2012-11-06,498,-37,235054161,1.8601388888888888
2012-11-06,498,-38,235054161,1.3838888888888889
2012-11-06,498,-44,232005460,8.7268055555555559
2012-11-06,498,-3,227119200,0.20555555555555555
2012-11-06,498,-3,227137400,0.65236111111111117
2012-11-06,498,-12,227931000,0.21763888888888888
2012-11-06,498,-15,228215700,1.6561111111111111
2012-11-06,498,-16,228215700,0.6594444444444445
2012-11-06,498,-49,232005800,2.5276388888888888
2012-11-06,498,-47,232005800,3.7399999999999998
2012-11-06,498,-46,232005800,1.5501388888888887
2012-11-06,498,-44,232005800,0.20208333333333334
2012-11-06,498,-48,232005800,7.3294444444444435
2012-11-06,498,-45,232005800,3.3469444444444441
2012-11-06,498,-15,228222900,1.4598611111111111
2012-11-06,498,-2,227118800,15.57416666666667
2012-11-06,498,-1,227118800,1.5109722222222222
2012-11-06,498,-4,227118800,1.28125
2012-11-06,498,-3,227118800,3.7047222222222227
2012-11-06,498,-2,227109600,10.167916666666667
2012-11-06,498,-52,228028900,0.61388888888888893
2012-11-06,498,-53,228028900,2.732361111111111
2012-11-06,498,-55,228028900,4.1738888888888885
2012-11-06,498,-54,228028900,7.11486111111111
2012-11-06,498,-41,235008741,0.80277777777777781
2012-11-06,498,-42,235008741,4.2941666666666665
2012-11-06,498,-40,235008741,1.5958333333333332
2012-11-06,498,-47,227553000,6.2309722222222232
2012-11-06,498,-48,227553000,1.5788888888888888
2012-11-06,498,-44,227553000,2.7511111111111113
2012-11-06,498,-46,227553000,1.3870833333333332
2012-11-06,498,-45,227553000,6.1440277777777768
2012-11-06,498,-43,228321000,2.513611111111111
2012-11-06,498,-45,228321000,2.2994444444444446
2012-11-06,498,-44,228321000,2.6783333333333337
2012-11-06,498,-112,224011260,9.9972222222222218
2012-11-06,754,184,257582600,3.9541666666666666
2012-11-06,754,183,257582600,3.1433333333333335
2012-11-06,754,171,258376000,3.1265277777777776
2012-11-06,754,172,258376000,1.5484722222222222
2012-11-06,754,179,258120000,1.5711111111111111
2012-11-06,754,178,258120000,7.06013888888889
2012-11-06,754,155,273891300,4.6527777777777777
2012-11-06,754,157,273891300,4.719444444444445
2012-11-06,754,154,273891300,1.5555555555555556
2012-11-06,754,153,273891300,1.5805555555555555
2012-11-06,-526,-612,224004000,4.997638888888889
2012-11-06,-526,-611,224004000,9.8816666666666677
2012-11-06,-526,-607,224526000,4.9926388888888891
2012-11-06,-270,141,224901000,1.7181944444444444
2012-11-06,-270,142,659470000,1.0083333333333333
2012-11-06,-270,1533,503610100,11.820694444444445
2012-11-06,-14,1755,441650000,2.0631944444444441
2012-11-06,-14,1754,441650000,1.7330555555555556
2012-11-06,243,1185,710080014,1.4755555555555557
2012-11-06,243,1187,412445202,5.5804166666666664
2012-11-06,243,1182,412444952,0.86888888888888882
2012-11-06,243,1181,412444952,2.4629166666666666
2012-11-06,243,1182,412444953,2.3475
2012-11-06,243,1181,412444953,0.24291666666666667
2012-11-06,243,1185,412480112,1.0023611111111113
2012-11-06,243,1182,412444566,7.4469444444444441
2012-11-06,243,1181,412444867,1.7301388888888889
2012-11-06,243,1182,412444867,0.42152777777777772
2012-11-06,243,1186,412451014,3.5313888888888889
2012-11-06,243,1185,413480934,2.3154166666666667
2012-11-06,243,1182,412444922,0.29472222222222222
2012-11-06,499,-45,228203800,0.64902777777777776
2012-11-06,499,-32,232005400,2.0609722222222224
2012-11-06,499,-5,227423000,0.44722222222222224
2012-11-06,499,-4,227423000,1.6930555555555553
2012-11-06,499,-32,233342000,14.463472222222222
2012-11-06,499,-33,235054161,10.189722222222223
2012-11-06,499,-43,232005460,4.520833333333333
2012-11-06,499,-44,232005460,1.0130555555555554
2012-11-06,499,-1,228326000,0.43194444444444446
2012-11-06,499,-4,228326000,2.1381944444444443
2012-11-06,499,-7,228326000,1.8425
2012-11-06,499,-2,228326000,1.295
2012-11-06,499,-8,228326000,1.0722222222222222
2012-11-06,499,-3,228326000,1.7776388888888888
2012-11-06,499,-9,228326000,1.2220833333333334
2012-11-06,499,-6,228326000,2.749166666666667
2012-11-06,499,-22,232004735,3.098611111111111
2012-11-06,499,-29,228325000,1.3719444444444444
2012-11-06,499,-28,228325000,0.90180555555555553
2012-11-06,499,-30,228325000,3.0079166666666661
2012-11-06,499,-27,228325000,0.45444444444444443
2012-11-06,499,-11,228215700,4.1837500000000007
2012-11-06,499,-15,228215700,1.2895833333333333
2012-11-06,499,-14,228215700,1.7951388888888888
2012-11-06,499,-16,228215700,1.9730555555555556
2012-11-06,499,-13,228215700,1.0529166666666667
2012-11-06,499,-43,235001239,0.12805555555555556
2012-11-06,499,-14,228222900,1.9097222222222221
2012-11-06,499,-10,228222900,0.29000000000000004
2012-11-06,499,-13,228222900,1.0465277777777779
2012-11-06,499,-12,228222900,0.43638888888888888
2012-11-06,499,-17,228222900,0.43541666666666667
2012-11-06,499,-15,228222900,1.5005555555555554
2012-11-06,499,-11,228222900,1.0593055555555555
2012-11-06,499,-16,228222900,1.541666666666667
2012-11-06,499,-3,205155000,1.5079166666666666
2012-11-06,499,-4,205155000,7.3680555555555554
2012-11-06,499,-29,228323000,1.2111111111111112
2012-11-06,499,-30,228323000,3.747638888888889
2012-11-06,499,1,245325000,5.2275
2012-11-06,499,0,245325000,6.8543055555555572
2012-11-06,499,2,245325000,2.5309722222222222
2012-11-06,499,-29,227533000,0.997638888888889
2012-11-06,499,-30,227533000,15.187638888888889
2012-11-06,499,-46,218359000,0.23902777777777778
2012-11-06,499,-47,218359000,3.5641666666666669
2012-11-06,499,-56,228028900,2.3013888888888889
2012-11-06,499,-55,228028900,1.0358333333333334
2012-11-06,499,-57,228028900,0.22625
2012-11-06,499,-44,235008741,1.2405555555555554
2012-11-06,499,-43,235008741,7.6679166666666676
2012-11-06,499,-46,227553000,6.00263888888889
2012-11-06,499,-47,227553000,0.22444444444444445
2012-11-06,499,-45,227553000,1.5420833333333335
2012-11-06,499,-44,228321000,4.7811111111111106
2012-11-06,499,-43,228321000,0.846388888888889
2012-11-06,499,-45,228321000,2.7883333333333327
2012-11-06,499,-46,228321000,0.86097222222222214
2012-11-06,499,-5,227414000,1.2851388888888888
2012-11-06,499,-8,227414000,2.7940277777777776
2012-11-06,499,-6,227414000,2.8823611111111114
2012-11-06,499,-7,227414000,2.6765277777777778
2012-11-06,499,-3,227414000,3.7981944444444444
2012-11-06,499,-4,227414000,0.22486111111111112
2012-11-06,755,184,257582600,3.9487500000000004
2012-11-06,755,183,257582600,3.1887499999999998
2012-11-06,755,181,257582600,1.5587499999999999
2012-11-06,755,177,257599500,2.3776388888888889
2012-11-06,755,172,258376000,1.6027777777777779
2012-11-06,755,171,258376000,3.1427777777777779
2012-11-06,755,175,258376000,1.588888888888889
2012-11-06,755,176,258376000,1.5763888888888888
2012-11-06,755,179,258120000,2.3904166666666669
2012-11-06,755,178,258120000,2.3456944444444443
2012-11-06,755,153,273891300,3.1972222222222224
2012-11-06,755,151,273891300,1.6055555555555556
2012-11-06,755,154,273891300,1.5611111111111111
2012-11-06,755,152,273891300,4.7138888888888895
2012-11-06,-525,-616,740349000,7.5518055555555552
2012-11-06,-525,-756,725002360,0.80402777777777779
2012-11-06,-269,1532,503552600,25.435555555555553
2012-11-06,-269,141,224901000,1.5736111111111111
2012-11-06,-269,140,224901000,1.5529166666666667
2012-11-06,-269,1532,503610100,11.882083333333334
2012-11-06,-13,1755,441650000,3.1745833333333335
2012-11-06,244,1185,710080014,0.26111111111111113
2012-11-06,244,1185,412480559,2.5783333333333336
2012-11-06,244,1185,412480112,1.5770833333333334
2012-11-06,244,1185,412452752,2.4211111111111112
2012-11-06,244,1186,412451014,11.722222222222223
2012-11-06,244,1185,412451014,1.2704166666666667
2012-11-06,244,1185,412438746,3.0205555555555557
2012-11-06,244,1185,413480934,0.69819444444444445
2012-11-06,500,1563,273819400,7.2677777777777779
2012-11-06,500,1564,273819400,7.1823611111111116
2012-11-06,500,-5,227423000,4.1827777777777788
2012-11-06,500,-4,227423000,1.5734722222222222
2012-11-06,500,-3,227423000,2.8119444444444444
2012-11-06,500,-34,235087406,2.2669444444444444
2012-11-06,500,-1273,316006724,0.9525
2012-11-06,500,-33,235054161,2.9593055555555559
2012-11-06,500,-1281,316005998,5.7848611111111108
2012-11-06,500,-4,228326000,0.66597222222222219
2012-11-06,500,-5,228326000,1.5066666666666668
2012-11-06,500,-7,228326000,1.7702777777777781
2012-11-06,500,-8,228326000,2.3620833333333335
2012-11-06,500,-9,228326000,2.3852777777777781
2012-11-06,500,-10,228326000,0.38583333333333336
2012-11-06,500,-6,228326000,0.96888888888888891
2012-11-06,500,-22,232004735,2.42375
2012-11-06,500,-20,232004735,0.99944444444444458
2012-11-06,500,-21,232004735,4.7173611111111109
2012-11-06,500,1417,273812100,16.760972222222222
2012-11-06,500,-26,228325000,3.2972222222222221
2012-11-06,500,-29,228325000,4.6693055555555549
2012-11-06,500,-27,228325000,4.5275
2012-11-06,500,-28,228325000,5.417361111111112
2012-11-06,500,-13,228215700,5.8951388888888889
2012-11-06,500,-14,228215700,2.9465277777777774
2012-11-06,500,-12,228215700,1.9001388888888888
2012-11-06,500,-15,228215700,0.47763888888888895
2012-11-06,500,-11,228215700,0.21291666666666664
2012-11-06,500,-43,235001239,0.18833333333333332
2012-11-06,500,-13,228222900,3.0469444444444442
2012-11-06,500,-11,228222900,4.80111111111111
2012-11-06,500,-10,228222900,0.82875
2012-11-06,500,-14,228222900,1.92625
2012-11-06,500,-12,228222900,1.111388888888889
2012-11-06,500,-26,228323000,2.4988888888888892
2012-11-06,500,-27,228323000,2.9822222222222221
2012-11-06,500,-29,228323000,4.1863888888888887
2012-11-06,500,-30,228323000,0.21125
2012-11-06,500,-28,228323000,4.4755555555555553
2012-11-06,500,2,245325000,3.6273611111111115
2012-11-06,500,0,245325000,1.01
2012-11-06,500,1,245325000,3.019166666666667
2012-11-06,500,3,245325000,0.54222222222222216
2012-11-06,500,-28,227533000,2.2784722222222227
2012-11-06,500,-29,227533000,1.6661111111111111
2012-11-06,500,-27,227533000,2.5316666666666672
2012-11-06,500,-79,235005640,0.59777777777777785
2012-11-06,500,-78,235005640,4.26625
2012-11-06,500,-47,218359000,2.6094444444444442
2012-11-06,500,-46,218359000,4.9629166666666666
2012-11-06,500,-45,218359000,1.0752777777777778
2012-11-06,500,-5,227414000,1.1808333333333332
2012-11-06,500,-2,227414000,3.52125
2012-11-06,500,-4,227414000,1.0365277777777777
2012-11-06,500,-3,227414000,1.7438888888888888
2012-11-06,500,-7,227414000,1.2565277777777777
2012-11-06,500,-6,227414000,1.0022222222222221
2012-11-06,756,183,257582600,1.6122222222222222
2012-11-06,756,176,257599500,5.5195833333333333
2012-11-06,756,172,258376000,1.5988888888888888
2012-11-06,756,179,258120000,2.3873611111111113
2012-11-06,756,178,258120000,3.1236111111111109
2012-11-06,-524,-616,224917000,1.5597222222222222
2012-11-06,-524,-615,224917000,5.6831944444444442
2012-11-06,-524,-616,740349000,0.77208333333333334
2012-11-06,-524,-613,224540000,7.259027777777777
2012-11-06,-524,-612,224540000,4.5973611111111108
2012-11-06,-524,-757,725002360,0.79486111111111113
2012-11-06,-524,-616,224004000,4.5495833333333335
2012-11-06,-524,-615,224004000,6.0123611111111108
2012-11-06,-524,-623,224526000,0.33625
2012-11-06,-524,-625,224526000,5.185833333333334
2012-11-06,-268,140,224901000,3.8193055555555553
2012-11-06,-268,141,224901000,3.4229166666666666
2012-11-06,-12,1735,440885000,1.044861111111111
2012-11-06,-12,1734,440885000,0.93875
2012-11-06,-12,1755,441650000,0.89569444444444446
2012-11-06,-12,-204,263570000,3.4205555555555556
2012-11-06,245,1185,412448294,10.431527777777777
2012-11-06,245,1185,800022961,1.4191666666666667
2012-11-06,245,1184,800022961,7.954027777777779
2012-11-06,245,1222,416000487,12.048611111111111
2012-11-06,245,1223,416000487,0.80569444444444449
2012-11-06,245,1185,412451312,0.49208333333333332
2012-11-06,501,1564,273819400,8.9745833333333334
2012-11-06,501,-3,227423000,2.8497222222222227
2012-11-06,501,-33,235087406,2.7929166666666667
2012-11-06,501,-32,235087406,0.45
2012-11-06,501,-1,227108400,1.0455555555555556
2012-11-06,501,0,227108400,2.8229166666666665
2012-11-06,501,8,227310150,1.9572222222222222
2012-11-06,501,3,227538000,2.7295833333333333
2012-11-06,501,6,227538000,0.57541666666666669
2012-11-06,501,4,227538000,1.7770833333333331
2012-11-06,501,5,227538000,0.99972222222222218
2012-11-06,501,1,245234000,0.80083333333333329
2012-11-06,501,-1,245234000,1.0936111111111111
2012-11-06,501,0,245234000,1.9775000000000003
2012-11-06,501,1,228111700,3.4140277777777781
2012-11-06,501,0,228111700,3.237916666666667
2012-11-06,501,5,235068506,0.25527777777777777
2012-11-06,501,7,235068506,1.797638888888889
2012-11-06,501,6,235068506,12.337083333333334
2012-11-06,501,7,235063397,1.4879166666666666
2012-11-06,501,6,235063397,0.95138888888888884
2012-11-06,501,-1282,316005998,1.6786111111111113
2012-11-06,501,-1282,316022149,1.6133333333333333
2012-11-06,501,4,226010000,7.2320833333333336
2012-11-06,501,11,227318230,1.1680555555555556
2012-11-06,757,175,257599500,3.1181944444444447
2012-11-06,757,335,259109000,3.1375
2012-11-06,757,336,259109000,3.1238888888888887
2012-11-06,757,338,259109000,7.8859722222222226
2012-11-06,757,339,259109000,1.6063888888888889
2012-11-06,757,337,259109000,1.5652777777777778
2012-11-06,-523,-617,224917000,0.79861111111111116
2012-11-06,-523,-616,224917000,3.4515277777777778
2012-11-06,-523,-615,224917000,3.7905555555555557
2012-11-06,-523,-616,224004000,2.3820833333333331
2012-11-06,-267,140,224901000,1.8494444444444444
2012-11-06,-267,141,224901000,2.6604166666666664
2012-11-06,-267,809,224556000,4.6093055555555553
2012-11-06,-11,1738,440885000,1.7798611111111111
2012-11-06,-11,1735,440885000,4.4125
2012-11-06,-11,1734,440885000,1.6720833333333334
2012-11-06,-11,1737,440885000,5.6501388888888888
2012-11-06,-11,1736,440885000,2.715
2012-11-06,-11,1733,440575000,1.275
2012-11-06,-11,1755,441650000,1.2029166666666669
2012-11-06,-11,-205,263570000,2.1277777777777778
2012-11-06,-11,-207,263570000,1.7972222222222223
2012-11-06,246,1188,800000009,2.9659722222222227
2012-11-06,246,1189,412450829,0.50097222222222215
2012-11-06,246,1190,412451626,0.50222222222222224
2012-11-06,246,1191,412451626,1.1259722222222222
2012-11-06,246,1187,412450624,4.3888888888888893
2012-11-06,246,1189,412451913,0.13291666666666666
2012-11-06,246,1188,412450948,3.0526388888888891
2012-11-06,246,1188,412451556,4.3426388888888887
2012-11-06,246,1223,416000487,1.0427777777777778
2012-11-06,246,1188,412450795,5.5537500000000009
2012-11-06,246,1189,412451571,0.72500000000000009
2012-11-06,246,1189,412451579,3.0536111111111111
2012-11-06,246,1188,412451579,0.58944444444444444
2012-11-06,502,8,227872000,23.305972222222227
2012-11-06,502,7,227872000,0.7745833333333334
2012-11-06,502,-1282,316003587,14.213194444444444
2012-11-06,502,-1283,316003587,2.4772222222222222
2012-11-06,502,-32,235014687,3.3801388888888892
2012-11-06,502,-33,235014687,9.06513888888889
2012-11-06,502,1,227108400,2.23625
2012-11-06,502,-2,227108400,1.1268055555555554
2012-11-06,502,-3,227108400,0.23861111111111111
2012-11-06,502,2,227108400,1.4958333333333333
2012-11-06,502,0,227108400,0.24958333333333332
2012-11-06,502,3,227538000,2.4495833333333334
2012-11-06,502,0,245234000,0.86805555555555558
2012-11-06,502,1,245234000,4.0376388888888881
2012-11-06,502,2,245234000,1.5059722222222223
2012-11-06,502,3,245234000,2.1941666666666668
2012-11-06,502,0,228111700,3.7309722222222224
2012-11-06,502,-1,228111700,2.6830555555555553
2012-11-06,502,-3,228111700,1.1969444444444444
2012-11-06,502,-2,228111700,4.2679166666666681
2012-11-06,502,6,235068506,0.27583333333333337
2012-11-06,502,5,235068506,1.1269444444444443
2012-11-06,502,7,235063397,2.8547222222222226
2012-11-06,502,8,235063397,6.0026388888888889
2012-11-06,502,-1283,316005998,3.8120833333333333
2012-11-06,502,-1282,316005998,10.580277777777777
2012-11-06,502,-1282,316022149,14.919722222222223
2012-11-06,502,-1281,316022149,6.6061111111111108
2012-11-06,502,8,226010000,7.8823611111111109
2012-11-06,502,7,226010000,0.84986111111111118
2012-11-06,502,2,235051671,1.2102777777777778
2012-11-06,502,0,235051671,0.8225
2012-11-06,502,1,235051671,1.1484722222222223
2012-11-06,502,8,227322270,0.425
2012-11-06,502,7,227322270,3.8834722222222222
2012-11-06,502,-63,232005830,0.41083333333333327
2012-11-06,502,-62,232005830,1.255
2012-11-06,502,-61,232005830,0.6151388888888889
2012-11-06,502,12,227318230,2.4172222222222222
2012-11-06,502,11,227318230,8.6216666666666679
2012-11-06,502,-31,232006380,3.03375
2012-11-06,758,184,257205000,3.175
2012-11-06,758,186,257205000,7.1575000000000006
2012-11-06,758,185,257205000,7.0195833333333333
2012-11-06,758,174,257599500,2.3377777777777777
2012-11-06,758,282,273427000,3.9466666666666668
2012-11-06,758,280,273427000,3.134722222222222
2012-11-06,758,284,273427000,3.1606944444444443
2012-11-06,758,285,273427000,3.1431944444444446
2012-11-06,758,283,273427000,1.6023611111111111
2012-11-06,758,278,273427000,5.4643055555555549
2012-11-06,758,286,273427000,1.5666666666666667
2012-11-06,758,281,273427000,1.5916666666666668
2012-11-06,758,334,259109000,3.1261111111111113
2012-11-06,758,335,259109000,3.1198611111111112
2012-11-06,758,245,259565000,1.574861111111111
2012-11-06,758,236,259565000,2.3619444444444446
2012-11-06,758,192,259457000,1.560138888888889
2012-11-06,758,191,259457000,0.86375
2012-11-06,758,188,259457000,1.5833333333333335
2012-11-06,758,189,259457000,3.9634722222222223
2012-11-06,758,183,259457000,1.475138888888889
2012-11-06,758,195,259457000,1.5958333333333332
2012-11-06,758,196,259457000,3.1302777777777777
2012-11-06,758,198,259457000,1.5555555555555556
2012-11-06,758,185,259457000,1.6040277777777778
2012-11-06,758,194,259457000,1.5623611111111111
2012-11-06,758,190,259457000,2.3445833333333335
2012-11-06,758,193,259457000,2.3723611111111111
2012-11-06,-522,-618,224917000,1.6069444444444445
2012-11-06,-522,-617,224917000,0.76958333333333329
2012-11-06,-522,-758,725002360,0.80694444444444446
2012-11-06,-522,-760,725001900,5.6984722222222217
2012-11-06,-522,-759,725001900,1.5513888888888889
2012-11-06,-522,-630,224770000,6.4220833333333331
2012-11-06,-522,-628,224770000,1.5513888888888889
2012-11-06,-266,140,224901000,3.63
2012-11-06,-266,141,224901000,1.4359722222222222
2012-11-06,-266,807,224556000,1.5029166666666667
2012-11-06,-10,1733,440885000,1.6997222222222224
2012-11-06,-10,1735,440885000,0.91819444444444442
2012-11-06,-10,1736,440885000,0.81388888888888888
2012-11-06,-10,1737,440885000,1.8334722222222222
2012-11-06,-10,1734,440575000,3.7572222222222225
2012-11-06,-10,1733,440575000,1.9530555555555555
2012-11-06,-10,1737,440958000,9.9479166666666679
2012-11-06,-10,1756,441650000,1.80125
2012-11-06,-10,1755,441650000,1.0459722222222223
2012-11-06,-10,-208,263570000,2.1181944444444447
2012-11-06,247,1189,412450821,14.580972222222222
2012-11-06,247,1199,412451846,11.050555555555556
2012-11-06,247,1188,800000009,3.5573611111111112
2012-11-06,247,1190,412450826,1.0188888888888887
2012-11-06,247,1189,412450828,6.9168055555555554
2012-11-06,247,1189,412450829,2.5343055555555556
2012-11-06,247,1190,412450829,0.27458333333333335
2012-11-06,247,1187,800000017,0.91152777777777771
2012-11-06,247,1189,800000022,3.9145833333333333
2012-11-06,247,1190,800000072,0.19152777777777777
2012-11-06,247,1188,800000079,0.86
2012-11-06,247,1188,800000106,0.79125
2012-11-06,247,1188,412450948,5.9116666666666671
2012-11-06,247,1190,412452996,8.3470833333333339
2012-11-06,247,1189,412452996,1.5995833333333334
2012-11-06,247,1190,412450954,0.24763888888888888
2012-11-06,247,1189,412450954,3.9886111111111107
2012-11-06,247,1189,412450957,0.8256944444444444
2012-11-06,247,1189,412450958,12.311666666666667
2012-11-06,247,1188,412450958,1.3097222222222222
2012-11-06,247,1188,800022958,1.9106944444444443
2012-11-06,247,1189,800022958,4.3968055555555559
2012-11-06,247,1189,412456118,6.4552777777777779
2012-11-06,247,1189,412450762,2.526388888888889
2012-11-06,247,1190,412450764,0.29430555555555554
2012-11-06,247,1189,412450764,13.139861111111108
2012-11-06,247,1188,412450765,1.7647222222222223
2012-11-06,247,1191,412450766,8.6433333333333344
2012-11-06,247,1190,412450766,4.475138888888889
2012-11-06,247,1187,412451556,0.10833333333333334
2012-11-06,247,1188,412450789,15.230138888888888
2012-11-06,247,1189,412450791,10.680833333333332
2012-11-06,247,1190,412450791,2.064861111111111
2012-11-06,247,1188,412450792,6.3837500000000009
2012-11-06,247,1189,412450792,0.26666666666666666
2012-11-06,247,1190,412450792,2.6529166666666666
2012-11-06,247,1189,412450795,1.4322222222222223
2012-11-06,247,1188,412450795,5.7313888888888886
2012-11-06,247,1189,412450796,2.5723611111111113
2012-11-06,247,1189,412450798,4.1190277777777773
2012-11-06,247,1189,412450803,1.4059722222222224
2012-11-06,247,1188,412450803,4.8698611111111116
2012-11-06,503,-1282,316003587,1.0066666666666666
2012-11-06,503,-1283,316003587,0.77527777777777784
2012-11-06,503,-32,235014687,3.6158333333333332
2012-11-06,503,-33,235014687,0.2175
2012-11-06,503,-1,227108400,3.8931944444444442
2012-11-06,503,-2,227108400,2.2638888888888893
2012-11-06,503,0,227108400,3.1816666666666671
2012-11-06,503,-3,227108400,0.21291666666666664
2012-11-06,503,1,227108400,0.64569444444444435
2012-11-06,503,6,232627000,0.72402777777777783
2012-11-06,503,5,228240700,1.29
2012-11-06,503,6,228240700,0.66111111111111109
2012-11-06,503,7,228240700,1.090138888888889
2012-11-06,503,0,227538000,0.21013888888888888
2012-11-06,503,3,227538000,1.8865277777777776
2012-11-06,503,6,245234000,7.7595833333333335
2012-11-06,503,5,245234000,3.3769444444444447
2012-11-06,503,0,228111700,1.786388888888889
2012-11-06,503,-1,228111700,1.0694444444444444
2012-11-06,503,9,226183000,0.87333333333333329
2012-11-06,503,10,226183000,1.1087500000000001
2012-11-06,503,11,226183000,1.326111111111111
2012-11-06,503,12,226183000,0.37472222222222223
2012-11-06,503,7,227318380,0.97430555555555554
2012-11-06,503,10,227318380,0.92541666666666655
2012-11-06,503,9,227318380,10.254027777777777
2012-11-06,503,11,227318380,0.64874999999999994
2012-11-06,503,-1283,316005998,2.5555555555555554
2012-11-06,503,-56,227312000,1.7001388888888889
2012-11-06,503,7,226010000,2.6316666666666673
2012-11-06,503,-19,235001239,0.23055555555555557
2012-11-06,503,8,227144600,0.29986111111111113
2012-11-06,503,10,227144600,10.883611111111112
2012-11-06,503,9,227144600,1.2161111111111111
2012-11-06,503,8,227322270,4.1790277777777778
2012-11-06,503,7,227322270,1.0018055555555554
2012-11-06,503,9,227322270,4.4494444444444445
2012-11-06,503,6,227146400,2.0091666666666663
2012-11-06,503,-1,246233000,9.93361111111111
2012-11-06,503,0,246233000,9.7283333333333353
2012-11-06,503,-64,232005830,0.66847222222222213
2012-11-06,503,-65,232005830,0.88875
2012-11-06,503,-63,232005830,1.8576388888888888
2012-11-06,503,-66,232005830,1.0205555555555557
2012-11-06,503,-28,235039435,3.0338888888888884
2012-11-06,503,-30,235039435,3.1115277777777779
2012-11-06,503,-29,235039435,2.8158333333333334
2012-11-06,503,-31,235039435,1.346111111111111
2012-11-06,503,5,235074776,6.6120833333333335
2012-11-06,503,6,235074776,5.524861111111111
2012-11-06,503,4,235074776,5.8638888888888889
2012-11-06,503,-31,232006380,20.81805555555556
2012-11-06,503,0,246742000,2.3626388888888887
2012-11-06,503,10,227142900,1.4481944444444443
2012-11-06,503,9,227142900,1.1826388888888888
2012-11-06,503,11,227142900,1.0256944444444445
2012-11-06,759,185,257205000,1.5734722222222222
2012-11-06,759,186,257205000,1.5579166666666668
2012-11-06,759,184,257205000,3.1193055555555556
2012-11-06,759,239,258483000,1.5356944444444445
2012-11-06,759,208,258351000,1.5468055555555555
2012-11-06,759,199,259247000,1.5563888888888888
2012-11-06,759,205,259247000,3.1215277777777777
2012-11-06,759,204,259247000,1.5584722222222223
2012-11-06,759,195,259247000,9.4050000000000011
2012-11-06,-521,-619,224917000,0.76805555555555549
2012-11-06,-521,-620,224917000,5.203611111111111
2012-11-06,-521,-758,725002360,5.6679166666666667
2012-11-06,-521,-760,725001900,8.7905555555555548
2012-11-06,-521,-761,725001900,4.9012499999999992
2012-11-06,-521,-762,725001900,0.76125
2012-11-06,-521,-626,224770000,2.6559722222222222
2012-11-06,-265,23,431925000,5.245972222222222
2012-11-06,-265,139,224901000,1.8283333333333334
2012-11-06,-9,1737,440958000,6.1668055555555554
2012-11-06,-9,1755,441650000,0.91097222222222218
2012-11-06,-9,-209,263570000,1.6318055555555555
2012-11-06,-9,1734,444042912,1.8115277777777776
2012-11-06,248,1189,412450821,1.6827777777777777
2012-11-06,248,1188,800000009,1.1254166666666667
2012-11-06,248,1190,412450826,14.329444444444444
2012-11-06,248,1191,412450826,0.47916666666666663
2012-11-06,248,1190,412450829,14.534583333333334
2012-11-06,248,1190,412445199,0.76
2012-11-06,248,1191,412445199,1.1222222222222222
2012-11-06,248,1187,800000017,13.413472222222223
2012-11-06,248,1189,800000022,2.6729166666666666
2012-11-06,248,1188,412450594,2.4222222222222216
2012-11-06,248,1189,412448037,0.3084722222222222
2012-11-06,248,1190,800000053,2.7373611111111114
2012-11-06,248,1190,412450632,1.5919444444444444
2012-11-06,248,1188,800000079,5.345416666666666
2012-11-06,248,1190,412450653,1.2513888888888889
2012-11-06,248,1189,412450674,17.134027777777781
2012-11-06,248,1190,412596090,3.2783333333333333
2012-11-06,248,1190,412452996,7.6930555555555564
2012-11-06,248,1191,412452996,0.75388888888888894
2012-11-06,248,1190,412450954,1.0293055555555555
2012-11-06,248,1189,412450954,5.8365277777777775
2012-11-06,248,1189,412450956,3.4501388888888886
2012-11-06,248,1189,412450957,2.0330555555555554
2012-11-06,248,1189,412450958,10.010694444444445
2012-11-06,248,1189,412450709,1.39625
2012-11-06,248,1189,412457636,2.370972222222222
2012-11-06,248,1188,800022958,1.81
2012-11-06,248,1190,412444872,0.27972222222222221
2012-11-06,248,1191,412444872,2.1520833333333336
2012-11-06,248,1189,412422089,0.40027777777777779
2012-11-06,248,1189,412450761,2.0115277777777778
2012-11-06,248,1189,412450763,8.2313888888888886
2012-11-06,248,1189,412450764,0.22999999999999998
2012-11-06,248,1190,412450764,1.247638888888889
2012-11-06,248,1188,412450765,5.1662500000000007
2012-11-06,248,1190,412450766,3.4870833333333335
2012-11-06,248,1190,412450767,2.0301388888888887
2012-11-06,248,1189,412444889,0.43402777777777773
2012-11-06,248,1188,412450789,3.3597222222222225
2012-11-06,248,1190,412450791,4.2419444444444441
2012-11-06,248,1189,412450791,0.235
2012-11-06,248,1188,412450792,2.0258333333333338
2012-11-06,248,1188,412450796,8.3283333333333349
2012-11-06,248,1189,412450796,10.060555555555556
2012-11-06,248,1189,412444912,1.7465277777777777
2012-11-06,248,1190,412444912,0.72333333333333338
2012-11-06,248,1189,800022769,7.893472222222222
2012-11-06,248,1189,412450803,7.8141666666666669
2012-11-06,248,1188,412450803,5.7401388888888887
2012-11-06,504,3,227120400,0.82819444444444446
2012-11-06,504,2,227120400,3.1368055555555552
2012-11-06,504,6,227120400,1.5116666666666667
2012-11-06,504,1,227120400,0.20458333333333334
2012-11-06,504,6,232627000,2.270833333333333
2012-11-06,504,4,232627000,1.6459722222222222
2012-11-06,504,5,232627000,8.7243055555555582
2012-11-06,504,3,228240700,5.5609722222222224
2012-11-06,504,7,228240700,5.4136111111111118
2012-11-06,504,6,228240700,3.9025
2012-11-06,504,4,228240700,1.5318055555555556
2012-11-06,504,0,245928000,6.2712499999999993
2012-11-06,504,-1,245928000,3.1881944444444454
2012-11-06,504,3,245928000,0.41833333333333333
2012-11-06,504,1,245928000,0.61819444444444449
2012-11-06,504,6,227137600,1.48125
2012-11-06,504,0,227137600,1.485
2012-11-06,504,-1,227137600,1.9154166666666665
2012-11-06,504,3,227538000,2.1498611111111114
2012-11-06,504,0,227538000,1.6547222222222224
2012-11-06,504,2,227538000,1.4718055555555556
2012-11-06,504,1,227538000,1.2458333333333336
2012-11-06,504,15,227559000,1.5245833333333334
2012-11-06,504,8,227318380,0.85
2012-11-06,504,9,227318380,3.4786111111111109
2012-11-06,504,5,227314040,4.23625
2012-11-06,504,6,227314040,8.9554166666666646
2012-11-06,504,-55,227312000,3.8984722222222223
2012-11-06,504,-54,227312000,1.3940277777777776
2012-11-06,504,-56,227312000,0.2122222222222222
2012-11-06,504,-19,235001239,1.8665277777777778
2012-11-06,504,9,227144600,3.1066666666666665
2012-11-06,504,1,205284000,0.44027777777777777
2012-11-06,504,-60,228324000,0.27819444444444441
2012-11-06,504,7,227146400,4.1000000000000005
2012-11-06,504,8,227146400,2.3897222222222223
2012-11-06,504,6,227146400,6.3365277777777775
2012-11-06,504,-1,246233000,0.25791666666666668
2012-11-06,504,2,246233000,0.245
2012-11-06,504,4,246233000,1.3268055555555556
2012-11-06,504,-63,232005830,2.4861111111111112
2012-11-06,504,-66,232005830,0.91250000000000009
2012-11-06,504,-67,232005830,0.83444444444444454
2012-11-06,504,-65,232005830,1.7059722222222222
2012-11-06,504,-64,232005830,3.0291666666666659
2012-11-06,504,-62,232005830,1.2594444444444444
2012-11-06,504,12,205303000,2.8675
2012-11-06,504,10,205303000,0.21347222222222223
2012-11-06,504,11,205303000,8.1793055555555565
2012-11-06,504,4,235074776,1.0980555555555556
2012-11-06,504,-1,228364000,2.742777777777778
2012-11-06,504,-2,228364000,0.41791666666666666
2012-11-06,504,15,227141600,0.575
2012-11-06,504,0,227873000,3.1690277777777771
2012-11-06,504,6,246742000,1.2545833333333334
2012-11-06,504,0,246742000,6.9690277777777778
2012-11-06,504,2,246742000,0.85305555555555546
2012-11-06,504,4,246742000,1.0715277777777776
2012-11-06,504,3,246742000,0.85597222222222213
2012-11-06,504,1,246742000,4.0024999999999995
2012-11-06,504,5,246742000,0.85569444444444442
2012-11-06,760,198,273316960,1.5680555555555555
2012-11-06,760,202,273316960,1.6029166666666668
2012-11-06,760,206,273316960,1.5651388888888889
2012-11-06,760,201,273316960,1.5595833333333333
2012-11-06,760,211,258351000,4.7583333333333329
2012-11-06,760,212,258351000,3.034583333333333
2012-11-06,760,209,258351000,3.1444444444444444
2012-11-06,760,210,258351000,1.5597222222222222
2012-11-06,760,217,259023000,1.6077777777777778
2012-11-06,760,214,259023000,1.5833333333333335
2012-11-06,760,215,259023000,1.5555555555555556
2012-11-06,760,218,259023000,3.9197222222222221
2012-11-06,760,216,259023000,1.5540277777777778
2012-11-06,760,205,259247000,3.1445833333333333
2012-11-06,760,196,259247000,1.59625
2012-11-06,760,204,259247000,3.1984722222222222
2012-11-06,-264,30,431925000,1.1375
2012-11-06,-264,805,224556000,1.4894444444444443
2012-11-06,-8,1737,440958000,6.806111111111111
2012-11-06,-8,1756,441650000,1.8416666666666668
2012-11-06,-8,-210,263570000,1.888611111111111
2012-11-06,-8,-211,263570000,3.6265277777777776
2012-11-06,249,1190,412445199,1.3406944444444444
2012-11-06,249,1191,412445199,4.5230555555555556
2012-11-06,249,1190,412444965,0.34930555555555554
2012-11-06,249,1191,412444965,2.5434722222222224
2012-11-06,249,1190,412450653,1.4088888888888889
2012-11-06,249,1191,412452996,0.841388888888889
2012-11-06,249,1191,812301223,0.42041666666666666
2012-11-06,249,1192,812301223,10.754027777777777
2012-11-06,249,1190,812301223,1.274861111111111
2012-11-06,249,1192,412444863,0.601388888888889
2012-11-06,249,1190,412444871,1.6686111111111113
2012-11-06,249,1191,412444871,2.8112500000000002
2012-11-06,249,1191,412444872,1.3315277777777776
2012-11-06,505,7,244810000,9.0920833333333331
2012-11-06,505,8,244810000,11.321250000000001
2012-11-06,505,9,244810000,4.10625
2012-11-06,505,3,227120400,0.829861111111111
2012-11-06,505,7,227120400,3.7987499999999996
2012-11-06,505,4,227120400,2.9074999999999993
2012-11-06,505,6,227120400,3.0086111111111111
2012-11-06,505,5,227120400,2.2766666666666668
2012-11-06,505,2,227120400,1.2398611111111111
2012-11-06,505,8,228127000,0.37472222222222218
2012-11-06,505,7,228127000,11.75625
2012-11-06,505,-27,235007275,0.20541666666666666
2012-11-06,505,-29,235007275,1.0545833333333332
2012-11-06,505,-28,235007275,18.32875
2012-11-06,505,14,227106100,9.5197222222222226
2012-11-06,505,-59,227347000,0.84527777777777779
2012-11-06,505,4,232627000,1.4458333333333333
2012-11-06,505,6,232627000,6.2031944444444456
2012-11-06,505,5,232627000,2.0663888888888891
2012-11-06,505,9,228240700,1.100138888888889
2012-11-06,505,8,228240700,1.1194444444444445
2012-11-06,505,5,227137600,2.30875
2012-11-06,505,6,227137600,2.7543055555555558
2012-11-06,505,3,227137600,0.85694444444444451
2012-11-06,505,7,227137600,3.7366666666666672
2012-11-06,505,2,227137600,1.2843055555555556
2012-11-06,505,0,227137600,0.41625
2012-11-06,505,1,227137600,1.5027777777777778
2012-11-06,505,4,227137600,3.3369444444444447
2012-11-06,505,4,205277000,0.27083333333333331
2012-11-06,505,9,205277000,2.1405555555555558
2012-11-06,505,8,205277000,3.0979166666666664
2012-11-06,505,0,205277000,0.42166666666666663
2012-11-06,505,-1,205277000,1.0474999999999999
2012-11-06,505,7,205277000,0.37208333333333332
2012-11-06,505,-2,205277000,4.8845833333333317
2012-11-06,505,-3,205277000,1.9279166666666665
2012-11-06,505,5,205277000,0.67847222222222225
2012-11-06,505,7,205149000,7.3943055555555572
2012-11-06,505,8,205149000,1.0748611111111113
2012-11-06,505,9,205149000,1.7475
2012-11-06,505,6,205149000,3.5026388888888889
2012-11-06,505,12,205191000,0.40027777777777779
2012-11-06,505,11,205275000,3.3816666666666668
2012-11-06,505,10,205275000,7.2186111111111124
2012-11-06,505,9,205275000,2.5677777777777777
2012-11-06,505,7,227314040,1.0980555555555556
2012-11-06,505,6,227314040,3.8348611111111106
2012-11-06,505,8,227314040,0.72652777777777777
2012-11-06,505,-54,227312000,1.5645833333333334
2012-11-06,505,14,227319430,1.6309722222222223
2012-11-06,505,11,227106700,1.0494444444444444
2012-11-06,505,-54,235070358,0.61638888888888888
2012-11-06,505,-53,235070358,0.26569444444444446
2012-11-06,505,7,245316000,15.343333333333334
2012-11-06,505,11,205284000,1.1011111111111109
2012-11-06,505,-4,205284000,0.882638888888889
2012-11-06,505,-5,205284000,1.5104166666666665
2012-11-06,505,-3,205284000,0.996388888888889
2012-11-06,505,2,205284000,0.9227777777777777
2012-11-06,505,4,205284000,2.1258333333333335
2012-11-06,505,9,205284000,3.86625
2012-11-06,505,-2,205284000,1.5611111111111113
2012-11-06,505,3,205284000,1.0050000000000001
2012-11-06,505,0,205284000,0.66583333333333328
2012-11-06,505,1,205284000,0.88541666666666663
2012-11-06,505,10,205284000,2.6711111111111108
2012-11-06,505,7,205284000,3.2979166666666666
2012-11-06,505,-1,205284000,0.88541666666666674
2012-11-06,505,-60,228324000,4.9286111111111115
2012-11-06,505,-61,228324000,0.97569444444444442
2012-11-06,505,9,227146400,4.2665277777777773
2012-11-06,505,10,227146400,2.6765277777777783
2012-11-06,505,7,244377000,10.279722222222222
2012-11-06,505,8,244377000,4.4754166666666668
2012-11-06,505,-63,232005830,0.70263888888888881
2012-11-06,505,-65,232005830,1.5825
2012-11-06,505,-62,232005830,3.2618055555555556
2012-11-06,505,-64,232005830,1.3294444444444447
2012-11-06,505,8,205303000,3.3533333333333331
2012-11-06,505,9,205303000,2.8925
2012-11-06,505,10,205303000,1.4647222222222223
2012-11-06,505,11,205303000,0.86652777777777779
2012-11-06,505,12,205303000,0.62402777777777785
2012-11-06,505,6,205303000,0.21236111111111111
2012-11-06,505,7,205303000,1.44625
2012-11-06,505,8,205260000,5.5452777777777778
2012-11-06,505,9,205260000,1.9215277777777779
2012-11-06,505,6,205260000,5.983888888888889
2012-11-06,505,10,205260000,2.2952777777777778
2012-11-06,505,7,205260000,8.2787500000000023
2012-11-06,505,3,228364000,8.5209722222222215
2012-11-06,505,2,228364000,9.1579166666666652
2012-11-06,505,-1,228364000,0.21111111111111114
2012-11-06,505,4,228364000,0.82458333333333333
2012-11-06,505,0,228364000,1.4681944444444444
2012-11-06,505,15,227141600,6.7136111111111108
2012-11-06,505,4,227873000,2.6858333333333335
2012-11-06,505,-2,227873000,0.22333333333333333
2012-11-06,505,-1,227873000,3.3240277777777782
2012-11-06,505,2,227873000,1.078888888888889
2012-11-06,505,1,227873000,0.63861111111111113
2012-11-06,505,0,227873000,2.3011111111111116
2012-11-06,505,6,246742000,0.41569444444444448
2012-11-06,761,208,258186000,3.0915277777777779
2012-11-06,761,247,258483000,1.5750000000000002
2012-11-06,761,245,258483000,3.1373611111111108
2012-11-06,761,240,258483000,2.337361111111111
2012-11-06,761,242,258483000,1.5750000000000002
2012-11-06,761,244,258483000,1.5931944444444444
2012-11-06,761,251,258483000,3.1187500000000004
2012-11-06,761,246,258483000,1.5793055555555555
2012-11-06,761,249,258483000,3.1269444444444443
2012-11-06,761,213,273354820,0.84291666666666665
2012-11-06,761,208,273354820,1.5504166666666666
2012-11-06,761,211,273354820,1.5527777777777778
2012-11-06,761,210,273354820,4.6279166666666658
2012-11-06,761,206,273354820,1.5612499999999998
2012-11-06,761,208,273316960,3.0774999999999997
2012-11-06,761,209,273316960,3.1180555555555554
2012-11-06,761,207,273316960,4.7570833333333331
2012-11-06,761,205,273316960,1.5706944444444444
2012-11-06,761,211,273316960,1.5529166666666665
2012-11-06,761,210,273431440,3.8654166666666665
2012-11-06,761,206,273431440,1.5568055555555556
2012-11-06,761,208,273431440,1.5594444444444444
2012-11-06,761,209,273431440,0.86527777777777781
2012-11-06,761,211,258351000,1.5679166666666666
2012-11-06,761,212,258351000,3.2498611111111115
2012-11-06,761,210,258351000,3.1584722222222221
2012-11-06,761,213,258351000,1.5733333333333333
2012-11-06,761,217,259023000,5.512777777777778
2012-11-06,761,214,259023000,1.5916666666666668
2012-11-06,761,216,259023000,1.5569444444444445
2012-11-06,761,215,259023000,4.7056944444444442
2012-11-06,761,207,273292700,1.5499999999999998
2012-11-06,761,210,273292700,1.5527777777777776
2012-11-06,761,211,273292700,1.6083333333333334
2012-11-06,761,210,273840320,7.0820833333333333
2012-11-06,761,211,273840320,1.5638888888888889
2012-11-06,761,207,273840320,5.4668055555555553
2012-11-06,761,200,273840320,1.5944444444444446
2012-11-06,761,202,273840320,1.5622222222222222
2012-11-06,761,204,273840320,1.5751388888888889
2012-11-06,761,208,273840320,3.1262499999999998
2012-11-06,-263,30,431925000,2.3376388888888888
2012-11-06,-263,802,235006880,2.5773611111111108
2012-11-06,-263,802,224556000,5.0886111111111108
2012-11-06,-7,1758,441650000,1.7015277777777778
2012-11-06,-7,1757,441650000,1.9056944444444444
2012-11-06,250,1192,412444863,2.8302777777777774
2012-11-06,250,1193,412444863,1.2505555555555554
2012-11-06,250,1192,412444901,1.6648611111111111
2012-11-06,250,1191,412444901,3.7962500000000006
2012-11-06,506,12,227319040,0.57541666666666669
2012-11-06,506,12,227314180,0.6413888888888889
2012-11-06,506,13,227314180,4.2598611111111113
2012-11-06,506,14,227314180,2.9719444444444445
2012-11-06,506,5,227120400,0.41444444444444445
2012-11-06,506,4,227120400,3.3066666666666662
2012-11-06,506,-28,235007275,1.2516666666666667
2012-11-06,506,-29,235007275,3.1618055555555555
2012-11-06,506,15,227106100,1.0111111111111111
2012-11-06,506,-59,227347000,2.3729166666666668
2012-11-06,506,-61,227347000,1.3484722222222221
2012-11-06,506,-57,227347000,2.3316666666666666
2012-11-06,506,-56,227347000,2.1688888888888891
2012-11-06,506,-58,227347000,5.9018055555555557
2012-11-06,506,-60,227347000,2.9669444444444442
2012-11-06,506,7,227137600,0.42874999999999996
2012-11-06,506,5,227137600,0.62486111111111109
2012-11-06,506,4,227137600,1.2349999999999999
2012-11-06,506,10,205277000,0.72263888888888894
2012-11-06,506,7,205277000,1.2616666666666667
2012-11-06,506,9,205277000,2.9204166666666667
2012-11-06,506,5,205277000,0.32361111111111113
2012-11-06,506,8,205277000,0.83361111111111108
2012-11-06,506,6,205277000,0.63013888888888892
2012-11-06,506,9,205149000,2.9741666666666671
2012-11-06,506,7,205149000,1.4240277777777777
2012-11-06,506,10,205149000,3.5751388888888891
2012-11-06,506,8,205149000,2.2813888888888889
2012-11-06,506,-61,227378000,1.5791666666666666
2012-11-06,506,13,227317330,0.4752777777777778
2012-11-06,506,13,227559000,0.21791666666666665
2012-11-06,506,14,227559000,0.6151388888888889
2012-11-06,506,11,205191000,0.55027777777777775
2012-11-06,506,12,205191000,6.0809722222222211
2012-11-06,506,10,205191000,0.55027777777777787
2012-11-06,506,13,205191000,1.7408333333333335
2012-11-06,506,7,205191000,2.3873611111111113
2012-11-06,506,8,205191000,0.52486111111111111
2012-11-06,506,11,205275000,6.8331944444444446
2012-11-06,506,12,205275000,3.8118055555555554
2012-11-06,506,12,227106700,1.568888888888889
2012-11-06,506,11,227106700,1.0247222222222221
2012-11-06,506,13,227106700,0.48180555555555554
2012-11-06,506,-58,228324000,6.8790277777777789
2012-11-06,506,-60,228324000,3.2159722222222222
2012-11-06,506,11,227146400,0.95305555555555554
2012-11-06,506,12,227146400,0.91722222222222216
2012-11-06,506,10,205261000,0.375
2012-11-06,506,13,205261000,5.9399999999999986
2012-11-06,506,11,205261000,0.6101388888888889
2012-11-06,506,6,205261000,1.0744444444444445
2012-11-06,506,12,205261000,3.3827777777777777
2012-11-06,506,8,205303000,0.45375
2012-11-06,506,9,205303000,1.4709722222222221
2012-11-06,506,14,227141600,0.84666666666666657
2012-11-06,506,15,227141600,1.8368055555555556
2012-11-06,506,13,227141600,0.20819444444444446
2012-11-06,506,4,227873000,4.5580555555555566
2012-11-06,506,5,227873000,4.3390277777777779
2012-11-06,506,9,205153000,0.57763888888888892
2012-11-06,506,10,205153000,0.22638888888888889
2012-11-06,506,6,235001841,0.42041666666666666
2012-11-06,506,12,227692790,1.0718055555555557
2012-11-06,762,161,273550600,2.3390277777777779
2012-11-06,762,158,273550600,1.5779166666666669
2012-11-06,762,213,273354820,0.85958333333333337
2012-11-06,762,209,273354820,1.5640277777777778
2012-11-06,762,212,273354820,1.56125
2012-11-06,762,163,273213010,1.5975000000000001
2012-11-06,762,160,273213010,3.1630555555555553
2012-11-06,762,214,273316960,1.66125
2012-11-06,762,212,273316960,1.5620833333333333
2012-11-06,762,158,273447010,3.1641666666666666
2012-11-06,762,159,273447010,1.5640277777777778
2012-11-06,762,155,273447010,1.5944444444444446
2012-11-06,762,156,273447010,1.56375
2012-11-06,762,162,273447010,1.5795833333333333
2012-11-06,762,164,273447010,1.5527777777777778
2012-11-06,762,161,273447010,1.5611111111111111
2012-11-06,762,163,273447010,1.5640277777777778
2012-11-06,762,154,273447010,1.5459722222222223
2012-11-06,762,160,273447010,3.158611111111111
2012-11-06,762,214,273431440,1.5493055555555555
2012-11-06,762,212,273431440,1.596111111111111
2012-11-06,762,213,273431440,1.6183333333333334
2012-11-06,762,158,273317270,1.5636111111111111
2012-11-06,762,155,273317270,3.1305555555555555
2012-11-06,762,154,273317270,1.4972222222222222
2012-11-06,762,161,273317270,1.5513888888888889
2012-11-06,762,162,273317270,1.5944444444444446
2012-11-06,762,157,273317270,2.3430555555555554
2012-11-06,762,159,273317270,3.1779166666666665
2012-11-06,762,156,273317270,0.86097222222222225
2012-11-06,762,214,273292700,1.5388888888888888
2012-11-06,762,213,273840320,3.1544444444444442
2012-11-06,762,157,273341920,1.4548611111111112
2012-11-06,762,159,273341920,1.5533333333333332
2012-11-06,762,161,273341920,1.5569444444444445
2012-11-06,762,160,273217010,1.5654166666666667
2012-11-06,762,162,273217010,1.5944444444444446
2012-11-06,-262,805,235006880,1.6347222222222224
2012-11-06,-262,803,235006880,1.4909722222222221
2012-11-06,-262,802,235006880,4.1911111111111108
2012-11-06,-6,1758,441650000,1.7456944444444444
2012-11-06,-6,1759,441650000,0.84583333333333333
2012-11-06,251,1212,416000000,0.34791666666666665
2012-11-06,251,1214,416000005,7.8515277777777781
2012-11-06,251,1213,416000005,0.2729166666666667
2012-11-06,251,1213,416033534,0.30000000000000004
2012-11-06,507,14,227314180,7.6061111111111135
2012-11-06,507,14,227141900,1.0669444444444445
2012-11-06,507,-70,227391000,0.6759722222222222
2012-11-06,507,-69,227391000,4.7777777777777786
2012-11-06,507,-61,235005980,0.85944444444444446
2012-11-06,507,-58,235005980,0.48777777777777775
2012-11-06,507,-62,235005980,1.6802777777777778
2012-11-06,507,-57,235005980,0.79736111111111119
2012-11-06,507,-59,235005980,1.6822222222222223
2012-11-06,507,-60,235005980,2.2652777777777775
2012-11-06,507,14,227117600,0.87652777777777779
2012-11-06,507,15,227117600,0.21486111111111111
2012-11-06,507,10,205246000,2.6270833333333332
2012-11-06,507,12,205246000,2.9752777777777784
2012-11-06,507,11,205246000,1.4756944444444444
2012-11-06,507,-58,227347000,0.9393055555555555
2012-11-06,507,-59,227347000,1.4000000000000001
2012-11-06,507,14,227109700,0.90722222222222215
2012-11-06,507,15,227109700,0.65791666666666671
2012-11-06,507,-64,227378000,11.961666666666666
2012-11-06,507,-63,227378000,1.8987500000000002
2012-11-06,507,7,205191000,5.4031944444444449
2012-11-06,507,6,205191000,0.65986111111111112
2012-11-06,507,8,205191000,3.7765277777777775
2012-11-06,507,14,227106400,0.21916666666666668
2012-11-06,507,14,227317120,7.32875
2012-11-06,507,13,227317390,5.1773611111111117
2012-11-06,507,12,227317390,1.55375
2012-11-06,507,14,227317390,0.675
2012-11-06,507,-51,235011218,0.21680555555555556
2012-11-06,507,-51,235026866,0.4276388888888889
2012-11-06,507,14,227102900,0.83833333333333326
2012-11-06,507,13,227102900,0.44319444444444445
2012-11-06,507,14,226147000,0.42722222222222223
2012-11-06,507,15,226147000,0.9323611111111112
2012-11-06,507,6,205261000,2.702638888888889
2012-11-06,507,8,205261000,1.7677777777777779
2012-11-06,507,7,205261000,2.5018055555555558
2012-11-06,507,5,205261000,1.995138888888889
2012-11-06,507,9,205261000,0.45819444444444446
2012-11-06,507,10,205261000,0.27430555555555558
2012-11-06,507,14,226220000,4.7162500000000005
2012-11-06,507,14,227141600,1.3318055555555555
2012-11-06,507,6,235001841,5.5638888888888891
2012-11-06,507,13,227692790,0.5756944444444444
2012-11-06,507,12,227692790,4.3762500000000006
2012-11-06,763,156,273550600,4.0143055555555556
2012-11-06,763,158,273213010,1.5775000000000001
2012-11-06,763,156,273213010,3.0855555555555556
2012-11-06,763,157,273213010,4.7990277777777779
2012-11-06,763,152,273447010,1.5779166666666669
2012-11-06,763,151,273447010,1.5695833333333333
2012-11-06,763,154,273447010,1.5941666666666667
2012-11-06,763,152,273317270,2.3123611111111111
2012-11-06,763,153,273317270,1.5544444444444445
2012-11-06,763,218,273292700,1.5805555555555557
2012-11-06,763,237,259565000,3.1631944444444446
2012-11-06,763,238,259565000,1.5980555555555556
2012-11-06,763,153,273341920,3.1281944444444445
2012-11-06,763,155,273341920,3.1120833333333331
2012-11-06,763,156,273341920,1.5629166666666667
2012-11-06,763,159,273217010,1.5597222222222222
2012-11-06,763,156,273217010,4.7193055555555556
2012-11-06,763,155,273217010,1.61125
2012-11-06,763,153,273217010,1.5680555555555555
2012-11-06,763,154,273217010,1.5695833333333333
2012-11-06,763,158,273217010,1.5972222222222223
2012-11-06,-261,371,224197150,2.9070833333333335
2012-11-06,-261,369,224197150,7.5861111111111112
2012-11-06,-261,377,224049530,1.89875
2012-11-06,-261,805,235006880,3.9180555555555552
2012-11-06,-261,807,235006880,4.2415277777777778
2012-11-06,-5,1760,441650000,1.1
2012-11-06,-5,1758,441650000,1.8069444444444445
2012-11-06,252,1213,416000005,4.1466666666666665
2012-11-06,252,1214,416000005,2.9979166666666668
2012-11-06,252,1213,416035610,3.9044444444444437
2012-11-06,252,1229,416001866,0.18319444444444444
2012-11-06,252,568,422523000,2.0472222222222221
2012-11-06,252,569,422523000,2.0958333333333332
2012-11-06,252,1200,412451738,2.0044444444444443
2012-11-06,252,1198,412443334,1.2620833333333334
2012-11-06,252,1199,412443334,1.0080555555555555
2012-11-06,252,1213,416004344,14.867083333333333
2012-11-06,252,1213,416033534,4.7963888888888881
2012-11-06,508,14,227314180,2.74875
2012-11-06,508,15,227141900,0.21208333333333335
2012-11-06,508,14,227141900,0.21888888888888891
2012-11-06,508,14,227143700,1.9261111111111109
2012-11-06,508,13,227143700,0.71611111111111114
2012-11-06,508,12,227143700,2.6522222222222229
2012-11-06,508,-71,227391000,0.22347222222222224
2012-11-06,508,-70,227391000,0.85055555555555551
2012-11-06,508,-58,235005980,2.6994444444444445
2012-11-06,508,-57,235005980,0.18861111111111112
2012-11-06,508,15,227117600,0.43999999999999995
2012-11-06,508,14,227117600,0.53430555555555559
2012-11-06,508,14,227109700,0.62694444444444453
2012-11-06,508,15,227109700,1.34125
2012-11-06,508,8,205191000,1.7455555555555555
2012-11-06,508,7,205191000,0.28152777777777777
2012-11-06,508,14,227106400,3.7281944444444446
2012-11-06,508,15,228108900,0.23555555555555555
2012-11-06,508,14,227317120,8.03597222222222
2012-11-06,508,12,227138700,2.3923611111111112
2012-11-06,508,14,227300250,5.278611111111112
2012-11-06,508,15,228231600,0.22722222222222221
2012-11-06,508,14,228231600,2.1584722222222226
2012-11-06,508,-52,235026866,11.895972222222222
2012-11-06,508,-51,235026866,0.6823611111111112
2012-11-06,508,14,227102900,0.97763888888888884
2012-11-06,508,13,227102900,1.0720833333333333
2012-11-06,508,15,226147000,1.5943055555555556
2012-11-06,508,14,226147000,1.2261111111111112
2012-11-06,508,13,227316160,0.64611111111111108
2012-11-06,508,12,227316160,1.0609722222222222
2012-11-06,508,7,205261000,1.5743055555555556
2012-11-06,508,8,205261000,1.2395833333333335
2012-11-06,508,14,226220000,10.41138888888889
2012-11-06,508,13,226220000,2.4987500000000002
2012-11-06,508,15,227141600,0.65416666666666667
2012-11-06,508,14,227141600,2.9666666666666668
2012-11-06,508,14,228230900,1.7275
2012-11-06,508,15,228230900,0.22541666666666665
2012-11-06,764,153,273213010,1.5666666666666667
2012-11-06,764,155,273213010,3.004027777777778
2012-11-06,764,154,273213010,3.22125
2012-11-06,764,152,273213010,1.5666666666666667
2012-11-06,764,201,273431440,1.5930555555555554
2012-11-06,764,205,273431440,1.5919444444444444
2012-11-06,764,207,273431440,1.5662500000000001
2012-11-06,764,204,273431440,1.58375
2012-11-06,764,206,273431440,1.5729166666666665
2012-11-06,764,237,259565000,1.566527777777778
2012-11-06,764,238,259565000,1.5790277777777777
2012-11-06,764,236,259565000,3.1223611111111111
2012-11-06,764,151,273341920,1.7368055555555555
2012-11-06,764,152,273217010,3.8291666666666666
2012-11-06,764,156,273217010,1.5694444444444444
2012-11-06,764,153,273217010,0.86652777777777779
2012-11-06,764,154,273217010,1.5652777777777778
2012-11-06,-516,-760,725015600,0.31777777777777777
2012-11-06,-516,-620,224770000,0.78472222222222232
2012-11-06,-516,-621,224770000,1.2545833333333334
2012-11-06,-260,31,431925000,15.215555555555556
2012-11-06,-260,377,224142870,1.8680555555555556
2012-11-06,-260,-445,401081889,5.7625000000000011
2012-11-06,-260,377,224049530,1.7862500000000001
2012-11-06,-260,805,235006880,2.8325
2012-11-06,-260,804,235006880,2.701111111111111
2012-11-06,-260,792,224556000,4.955
2012-11-06,-4,1754,440670000,1.8329166666666667
2012-11-06,-4,1751,440670000,4.2052777777777779
2012-11-06,-4,1752,440670000,2.6119444444444442
2012-11-06,-4,1749,440670000,3.4925
2012-11-06,-4,1750,440670000,3.0594444444444444
2012-11-06,-4,1753,440670000,1.4259722222222222
2012-11-06,-4,1498,416237500,0.064166666666666664
2012-11-06,253,1199,412443180,0.42527777777777775
2012-11-06,253,570,422525000,2.837361111111111
2012-11-06,253,569,422525000,6.44736111111111
2012-11-06,253,1194,412448093,0.92111111111111121
2012-11-06,253,570,422524000,2.6502777777777773
2012-11-06,253,570,422523000,0.31291666666666668
2012-11-06,253,1216,416005771,15.887500000000001
2012-11-06,253,1199,412443276,0.45319444444444446
2012-11-06,253,1201,412451738,13.417638888888888
2012-11-06,253,1200,412451738,1.0052777777777777
2012-11-06,253,1199,412443316,0.2384722222222222
2012-11-06,253,1198,412443333,12.561944444444444
2012-11-06,253,1199,412443334,0.52861111111111114
2012-11-06,253,1198,412443334,0.41666666666666669
2012-11-06,253,1216,415000533,9.3383333333333347
2012-11-06,253,1193,412443629,0.20416666666666666
2012-11-06,509,14,227141900,3.4923611111111108
2012-11-06,509,15,227141900,0.57597222222222222
2012-11-06,509,14,227143700,0.23555555555555555
2012-11-06,509,13,227143700,6.8730555555555553
2012-11-06,509,-53,235005980,0.89166666666666661
2012-11-06,509,-52,235005980,1.9408333333333334
2012-11-06,509,-54,235005980,2.9563888888888887
2012-11-06,509,15,227117600,0.5476388888888889
2012-11-06,509,14,227117600,5.5502777777777776
2012-11-06,509,15,227106400,3.9413888888888891
2012-11-06,509,14,227106400,7.5951388888888891
2012-11-06,509,13,227106400,0.64819444444444452
2012-11-06,509,15,228108900,4.3179166666666662
2012-11-06,509,16,228108900,3.0494444444444442
2012-11-06,509,14,227138700,3.27375
2012-11-06,509,13,227138700,0.62541666666666673
2012-11-06,509,-53,235011218,1.1466666666666665
2012-11-06,509,14,227300250,1.4965277777777779
2012-11-06,509,14,227102900,3.6398611111111112
2012-11-06,509,16,227102900,1.55125
2012-11-06,509,17,227102900,0.60625
2012-11-06,509,15,227102900,3.1325
2012-11-06,509,14,226147000,1.8176388888888888
2012-11-06,509,15,226147000,3.6326388888888888
2012-11-06,509,16,226147000,0.37527777777777777
2012-11-06,509,13,226147000,0.57430555555555562
2012-11-06,509,13,226220000,1.9884722222222222
2012-11-06,509,14,226220000,0.27388888888888885
2012-11-06,509,16,226230000,2.24875
2012-11-06,509,-50,205227000,0.21097222222222223
2012-11-06,765,605,273435580,1.5766666666666667
2012-11-06,-515,-757,725015600,5.1343055555555557
2012-11-06,-515,-620,224770000,5.19
2012-11-06,-259,377,224142870,1.7441666666666666
2012-11-06,-259,369,224197150,9.9665277777777774
2012-11-06,-259,373,224197150,5.1970833333333335
2012-11-06,-259,376,224049530,1.7648611111111112
2012-11-06,-259,791,224556000,2.4915277777777778
2012-11-06,-3,1753,440670000,1.8663888888888889
2012-11-06,-3,1616,416217800,5.5048611111111114
2012-11-06,-3,1608,416217800,4.6223611111111111
2012-11-06,254,1199,412443180,1.0365277777777777
2012-11-06,254,1199,412443207,5.5201388888888889
2012-11-06,254,570,422525000,4.1236111111111109
2012-11-06,254,1199,412443227,0.56972222222222224
2012-11-06,254,570,422524000,5.623750000000002
2012-11-06,254,571,422524000,0.27486111111111111
2012-11-06,254,569,422523000,1.9804166666666665
2012-11-06,254,570,422523000,7.9455555555555559
2012-11-06,254,1199,412443314,2.3006944444444444
2012-11-06,254,1199,412443383,2.9333333333333336
2012-11-06,510,21,227573000,0.21555555555555556
2012-11-06,510,20,228242700,2.1773611111111113
2012-11-06,510,17,228242700,2.7979166666666666
2012-11-06,510,19,228242700,1.6236111111111111
2012-11-06,510,16,228242700,3.3297222222222218
2012-11-06,510,15,227141900,14.884722222222219
2012-11-06,510,13,227143700,1.1434722222222222
2012-11-06,510,14,227143700,1.8873611111111113
2012-11-06,510,15,227117600,13.792638888888886
2012-11-06,510,16,227109700,2.3275
2012-11-06,510,14,227109700,1.4530555555555558
2012-11-06,510,15,227109700,11.839861111111109
2012-11-06,510,16,227145800,3.4168055555555559
2012-11-06,510,17,227145800,1.3112499999999998
2012-11-06,510,14,227106400,0.94152777777777785
2012-11-06,510,15,227106400,4.3973611111111115
2012-11-06,510,17,228108900,0.23736111111111111
2012-11-06,510,15,228108900,3.4315277777777773
2012-11-06,510,16,228108900,5.3412500000000014
2012-11-06,510,17,246054000,0.20708333333333334
2012-11-06,510,15,227138700,9.9850000000000012
2012-11-06,510,14,227138700,6.1188888888888888
2012-11-06,510,-53,235011218,1.7084722222222222
2012-11-06,510,-54,235011218,1.4727777777777777
2012-11-06,510,17,227102900,2.3070833333333329
2012-11-06,510,15,227102900,2.833333333333333
2012-11-06,510,15,226147000,7.0775000000000006
2012-11-06,510,14,226147000,2.2530555555555556
2012-11-06,510,16,226147000,1.800138888888889
2012-11-06,510,1459,273357560,0.81819444444444445
2012-11-06,510,-49,205227000,0.44208333333333333
2012-11-06,510,-50,205227000,8.4433333333333351
2012-11-06,766,615,273435580,3.1345833333333335
2012-11-06,766,616,273435580,3.1097222222222221
2012-11-06,766,138,273341920,1.5972222222222223
2012-11-06,766,140,273341920,1.5844444444444443
2012-11-06,-514,1617,512027000,4.9276388888888887
2012-11-06,-258,376,224142870,1.8795833333333334
2012-11-06,-258,374,224049530,0.78625000000000012
2012-11-06,-258,375,224049530,2.4448611111111109
2012-11-06,-258,373,224049530,4.4077777777777776
2012-11-06,-258,788,224556000,1.7637500000000002
2012-11-06,-2,1753,440670000,1.0054166666666666
2012-11-06,-2,1752,440670000,1.6986111111111111
2012-11-06,-2,1611,416217800,4.5704166666666666
2012-11-06,-2,1609,416217800,2.580138888888889
2012-11-06,-2,1608,416217800,1.3047222222222221
2012-11-06,255,570,422525000,6.9251388888888883
2012-11-06,255,571,422524000,8.9688888888888911
2012-11-06,255,570,422524000,2.9348611111111111
2012-11-06,255,570,422523000,2.5693055555555553
2012-11-06,511,21,227573000,4.0218055555555559
2012-11-06,511,21,228242700,0.23027777777777778
2012-11-06,511,20,228242700,1.92125
2012-11-06,511,15,227141900,0.37041666666666667
2012-11-06,511,-78,227902000,0.83180555555555569
2012-11-06,511,-77,227902000,1.1495833333333332
2012-11-06,511,16,227109700,0.59166666666666667
2012-11-06,511,15,227109700,0.30652777777777779
2012-11-06,511,16,227145800,9.5306944444444444
2012-11-06,511,-62,250001491,1.7890277777777777
2012-11-06,511,18,246054000,4.0573611111111108
2012-11-06,511,17,246054000,1.8997222222222223
2012-11-06,511,-82,228231800,15.323055555555555
2012-11-06,511,-59,205243000,11.530277777777778
2012-11-06,511,15,227138700,0.38583333333333336
2012-11-06,511,-54,235011218,3.3794444444444447
2012-11-06,511,-52,235011218,1.747638888888889
2012-11-06,511,-55,235011218,2.330138888888889
2012-11-06,511,-53,235011218,7.6408333333333331
2012-11-06,511,-51,235011218,0.20847222222222223
2012-11-06,511,18,227102900,6.9648611111111114
2012-11-06,511,17,227102900,2.2677777777777774
2012-11-06,511,-1292,316014803,0.6283333333333333
2012-11-06,511,1579,273842400,15.975555555555555
2012-11-06,511,1580,273842400,9.9255555555555546
2012-11-06,511,23,227323360,1.3093055555555555
2012-11-06,511,19,226230000,4.0600000000000005
2012-11-06,511,20,226230000,0.43541666666666667
2012-11-06,511,18,226230000,6.9575000000000005
2012-11-06,767,143,273550600,1.56
2012-11-06,767,619,273435580,3.0911111111111111
2012-11-06,767,135,273341920,1.5783333333333331
2012-11-06,767,136,273341920,1.5709722222222222
2012-11-06,-513,1617,512027000,7.18513888888889
2012-11-06,-513,1618,512027000,2.0241666666666664
2012-11-06,-257,372,224142870,3.9537500000000003
2012-11-06,-257,374,224142870,1.475138888888889
2012-11-06,-257,373,224142870,1.7180555555555554
2012-11-06,-257,788,224556000,0.78347222222222224
2012-11-06,-1,1753,440670000,2.6097222222222221
2012-11-06,-1,1610,416217800,5.1211111111111114
2012-11-06,-1,1495,441675000,2.4805555555555556
