date,lat_bin,lon_bin,mmsi,fishing_hours
2015-01-15,0,1658,416501000,4.1681944444444436
2015-01-15,0,1670,412328729,5.6705555555555547
2015-01-15,0,1657,412926000,5.66125
2015-01-15,512,27,244245000,1.444722222222222
2015-01-15,512,26,244245000,5.5138888888888893
2015-01-15,512,1793,366270000,2.0930555555555554
2015-01-15,512,1792,366270000,2.4001388888888888
2015-01-15,512,-87,226216000,1.0715277777777779
2015-01-15,512,-86,226216000,0.44152777777777774
2015-01-15,512,-97,228004700,0.82097222222222221
2015-01-15,512,28,205281000,1.0233333333333332
2015-01-15,512,21,244075000,4.2080555555555561
2015-01-15,-768,1707,441864000,1.5973611111111112
2015-01-15,-768,1705,441864000,1.5820833333333333
2015-01-15,-768,-1720,273341320,0.77069444444444446
2015-01-15,-256,364,432426000,0.67375
2015-01-15,-256,62,441667000,1.5584722222222223
2015-01-15,-256,-127,224929000,0.81930555555555562
2015-01-15,-256,-126,224929000,0.67902777777777779
2015-01-15,-256,-125,224929000,0.20708333333333331
2015-01-15,1,1657,412926000,8.0866666666666678
2015-01-15,1,1656,412926000,0.92638888888888893
2015-01-15,513,1582,273843200,5.4061111111111124
2015-01-15,513,27,244245000,2.2470833333333338
2015-01-15,513,28,244245000,1.6140277777777776
2015-01-15,513,29,244245000,0.20027777777777778
2015-01-15,513,1789,366270000,4.5
2015-01-15,513,24,244179000,0.40861111111111109
2015-01-15,513,-86,226216000,2.1106944444444444
2015-01-15,513,-85,226216000,0.63833333333333331
2015-01-15,513,-98,228004700,0.80694444444444446
2015-01-15,513,-97,228004700,0.20124999999999998
2015-01-15,513,38,246192000,3.233888888888889
2015-01-15,513,29,245744000,0.40319444444444441
2015-01-15,513,30,245744000,0.2097222222222222
2015-01-15,513,28,245370000,0.60944444444444446
2015-01-15,513,18,205153000,1.6249999999999998
2015-01-15,513,19,205153000,0.82902777777777781
2015-01-15,513,-55,205227000,4.0951388888888891
2015-01-15,-255,363,432426000,0.2625
2015-01-15,-255,62,441667000,0.89347222222222222
2015-01-15,-255,60,441667000,0.31888888888888889
2015-01-15,-255,61,441667000,0.5559722222222222
2015-01-15,-255,-127,224929000,0.90458333333333329
2015-01-15,2,1671,416411000,7.1111111111111116
2015-01-15,258,1197,901001921,9.5736111111111111
2015-01-15,514,40,244740629,0.40986111111111112
2015-01-15,514,41,244740629,1.6925
2015-01-15,514,1787,366270000,1.0570833333333334
2015-01-15,514,1789,366270000,2.9384722222222224
2015-01-15,514,1788,366270000,4.1225000000000005
2015-01-15,514,-85,226216000,0.20277777777777778
2015-01-15,514,40,246439000,0.20819444444444446
2015-01-15,514,29,246183000,0.20763888888888887
2015-01-15,514,27,246183000,7.1225000000000014
2015-01-15,514,41,244770663,1.2804166666666668
2015-01-15,514,27,246054000,8.0059722222222209
2015-01-15,514,28,246054000,5.4108333333333336
2015-01-15,514,40,244780417,2.304444444444445
2015-01-15,514,-55,205306000,3.4316666666666666
2015-01-15,514,41,246202000,0.41597222222222219
2015-01-15,514,40,244228000,0.41208333333333336
2015-01-15,514,40,924467387,3.1480555555555556
2015-01-15,514,20,205153000,0.20555555555555555
2015-01-15,514,18,205153000,2.0475
2015-01-15,514,-54,205227000,1.9881944444444444
2015-01-15,-766,-1718,273341320,0.76944444444444438
2015-01-15,-254,362,432426000,0.27208333333333334
2015-01-15,-254,60,441667000,0.92652777777777773
2015-01-15,-254,61,441667000,0.36541666666666667
2015-01-15,-254,-127,224929000,0.60930555555555543
2015-01-15,3,1662,416894000,6.6369444444444428
2015-01-15,3,1661,416894000,3.9434722222222218
2015-01-15,3,1696,452005511,5.7136111111111116
2015-01-15,3,1665,416243600,10.181111111111115
2015-01-15,3,1694,538060007,3.0319444444444446
2015-01-15,3,1695,538060007,5.649861111111111
2015-01-15,259,1197,412001927,12.524305555555555
2015-01-15,259,1194,412000999,1.4733333333333332
2015-01-15,515,24,205237000,1.0498611111111109
2015-01-15,515,23,205237000,0.58888888888888891
2015-01-15,515,40,244060176,5.201249999999999
2015-01-15,515,-99,224080680,1.0706944444444444
2015-01-15,515,-100,224080680,0.82944444444444443
2015-01-15,515,29,244062000,3.1293055555555558
2015-01-15,515,22,205277000,4.6376388888888886
2015-01-15,515,-99,228004700,1.2455555555555555
2015-01-15,515,-99,224177000,0.25916666666666666
2015-01-15,515,28,246054000,0.20263888888888887
2015-01-15,515,27,246054000,0.7747222222222222
2015-01-15,515,29,246054000,1.2393055555555554
2015-01-15,515,30,246054000,1.0338888888888889
2015-01-15,515,41,244780417,0.84458333333333335
2015-01-15,515,-99,224229000,1.0661111111111112
2015-01-15,515,39,244228000,3.6729166666666662
2015-01-15,515,39,245476000,2.4972222222222222
2015-01-15,515,-99,224324000,1.7055555555555555
2015-01-15,515,-100,224324000,0.84597222222222224
2015-01-15,515,41,244780474,1.7072222222222224
2015-01-15,515,28,245922000,1.3166666666666667
2015-01-15,515,29,245922000,3.8577777777777778
2015-01-15,515,18,205153000,2.9956944444444447
2015-01-15,-509,697,618000500,1.5369444444444444
2015-01-15,-509,696,618000500,1.4738888888888888
2015-01-15,-253,361,432426000,0.54861111111111116
2015-01-15,-253,57,441667000,0.66430555555555548
2015-01-15,-253,61,441667000,0.98597222222222214
2015-01-15,-253,59,441667000,0.68180555555555555
2015-01-15,-253,58,441667000,0.76666666666666672
2015-01-15,-253,60,441667000,1.2262499999999998
2015-01-15,-253,559,416173500,19.042222222222222
2015-01-15,-253,-127,224929000,0.50444444444444447
2015-01-15,-253,-128,224929000,0.35666666666666669
2015-01-15,4,1657,413278000,3.6445833333333333
2015-01-15,4,1661,416894000,1.4081944444444443
2015-01-15,4,1665,416243600,0.76763888888888887
2015-01-15,516,22,205237000,3.7118055555555558
2015-01-15,516,23,205237000,1.0618055555555557
2015-01-15,516,-75,228174600,3.7448611111111112
2015-01-15,516,-71,228174600,10.106805555555555
2015-01-15,516,-74,228174600,4.9358333333333331
2015-01-15,516,-98,224080680,6.6937500000000005
2015-01-15,516,-97,224080680,5.7768055555555557
2015-01-15,516,-99,224080680,0.2013888888888889
2015-01-15,516,29,244062000,2.5484722222222222
2015-01-15,516,31,244062000,1.0318055555555556
2015-01-15,516,30,244062000,5.8720833333333342
2015-01-15,516,40,245224000,0.85041666666666682
2015-01-15,516,41,245224000,1.8598611111111112
2015-01-15,516,-66,227336000,5.38638888888889
2015-01-15,516,-97,235005510,6.1287499999999993
2015-01-15,516,-98,235005510,4.5293055555555561
2015-01-15,516,-99,235005510,1.5365277777777779
2015-01-15,516,-52,227485000,0.81402777777777779
2015-01-15,516,-53,227485000,3.4563888888888887
2015-01-15,516,-98,228004700,2.7469444444444444
2015-01-15,516,-99,228004700,0.36722222222222223
2015-01-15,516,-97,228004700,5.953888888888887
2015-01-15,516,-97,224177000,12.925694444444447
2015-01-15,516,-98,224177000,2.7644444444444445
2015-01-15,516,-99,224229000,0.46888888888888891
2015-01-15,516,-97,224229000,10.099722222222223
2015-01-15,516,-98,224229000,4.6318055555555553
2015-01-15,516,38,245476000,3.5638888888888887
2015-01-15,516,-98,224324000,0.22791666666666666
2015-01-15,516,38,245731000,3.0330555555555554
2015-01-15,516,37,245731000,4.2662499999999994
2015-01-15,516,40,246296000,4.4113888888888892
2015-01-15,516,29,245922000,1.2130555555555556
2015-01-15,-508,697,618000500,4.5116666666666667
2015-01-15,-508,696,618000500,6.0295833333333331
2015-01-15,-508,698,618000500,1.6224999999999998
2015-01-15,-508,1669,512000126,1.0954166666666665
2015-01-15,-252,361,432426000,0.28805555555555556
2015-01-15,-252,58,441667000,1.9254166666666668
2015-01-15,-252,-128,224929000,1.2120833333333334
2015-01-15,-252,-127,224929000,1.25
2015-01-15,-252,-126,224929000,0.65513888888888883
2015-01-15,5,1657,413278000,1.6443055555555559
2015-01-15,261,1201,412441113,18.641388888888891
2015-01-15,261,1201,412441384,1.2738888888888888
2015-01-15,261,1201,412061482,2.067361111111111
2015-01-15,261,1201,412441387,3.4088888888888889
2015-01-15,261,1201,412441388,1.18
2015-01-15,261,1202,412449068,2.4427777777777782
2015-01-15,261,1200,412441392,10.946250000000003
2015-01-15,261,1198,900021558,4.2636111111111106
2015-01-15,261,1203,412449092,5.8576388888888884
2015-01-15,261,1203,412449096,1.1425
2015-01-15,261,1198,412040022,3.98625
2015-01-15,261,1200,412441431,16.020972222222223
2015-01-15,261,1201,412441194,15.123749999999998
2015-01-15,261,1202,413202301,8.9181944444444436
2015-01-15,261,1200,412441493,18.142083333333332
2015-01-15,261,1200,412061333,16.559583333333336
2015-01-15,261,1201,412441501,7.7329166666666671
2015-01-15,261,1201,412441503,2.4009722222222223
2015-01-15,261,1200,412441507,18.474583333333335
2015-01-15,261,1201,412441301,10.11875
2015-01-15,261,1201,412441302,5.697222222222222
2015-01-15,517,1557,273840900,6.8280555555555553
2015-01-15,517,-83,250104850,0.41222222222222221
2015-01-15,517,-82,250104850,0.22097222222222224
2015-01-15,517,-66,227336000,10.318750000000001
2015-01-15,517,-52,227485000,2.7747222222222221
2015-01-15,517,46,244750410,1.6477777777777778
2015-01-15,517,47,244750410,7.1918055555555558
2015-01-15,517,23,205169000,0.21666666666666667
2015-01-15,517,24,205169000,0.67208333333333337
2015-01-15,517,1561,273435850,8.9859722222222231
2015-01-15,-507,1669,512000126,0.18222222222222223
2015-01-15,-507,1670,512000126,3.7986111111111112
2015-01-15,-251,58,441667000,0.1625
2015-01-15,-251,-126,224929000,0.6758333333333334
2015-01-15,-251,-128,224929000,2.818055555555556
2015-01-15,-251,-125,224929000,0.8947222222222222
2015-01-15,262,1199,412441865,14.047083333333331
2015-01-15,262,1199,412441365,12.632222222222222
2015-01-15,262,1201,412441384,5.7161111111111111
2015-01-15,262,1201,412061482,13.002777777777776
2015-01-15,262,1201,412441387,10.965972222222222
2015-01-15,262,1201,412441388,11.218749999999998
2015-01-15,262,1200,412441392,2.8855555555555563
2015-01-15,262,1199,412441182,4.1640277777777781
2015-01-15,262,1200,800033388,1.2080555555555554
2015-01-15,262,1201,412441457,2.2972222222222221
2015-01-15,262,1200,412448888,2.1647222222222222
2015-01-15,262,1201,412442237,11.497916666666667
2015-01-15,262,1200,412441726,13.770277777777778
2015-01-15,262,1200,412441993,0.64708333333333334
2015-01-15,262,1200,412441233,4.0730555555555563
2015-01-15,262,1200,412441491,13.410000000000002
2015-01-15,262,1198,416000666,4.341388888888889
2015-01-15,262,1199,902961055,6.7356944444444435
2015-01-15,262,1201,412441503,13.939722222222223
2015-01-15,262,1200,412441788,3.47375
2015-01-15,262,1202,412412626,4.2188888888888894
2015-01-15,262,1199,412611037,2.045694444444444
2015-01-15,262,1198,412611037,1.9677777777777781
2015-01-15,262,1202,412441057,2.7461111111111114
2015-01-15,262,1201,412441057,3.7041666666666666
2015-01-15,262,1202,412441061,4.89111111111111
2015-01-15,262,1200,412758758,1.4894444444444443
2015-01-15,262,1199,412449278,0.27583333333333337
2015-01-15,518,1586,273843200,2.0027777777777778
2015-01-15,518,1585,273843200,1.5368055555555555
2015-01-15,518,1558,273840900,4.1026388888888894
2015-01-15,518,1557,273840900,4.155555555555555
2015-01-15,518,-518,316010000,1.6349999999999998
2015-01-15,518,-517,316010000,1.72375
2015-01-15,518,1561,273567010,1.5481944444444444
2015-01-15,518,1560,273567010,6.3051388888888891
2015-01-15,518,-1748,368499000,1.5097222222222224
2015-01-15,518,-1747,368499000,1.5587499999999999
2015-01-15,518,-67,227336000,4.2775
2015-01-15,518,23,205169000,4.7581944444444444
2015-01-15,518,22,205169000,1.2550000000000001
2015-01-15,518,49,244780400,0.82513888888888887
2015-01-15,518,21,205243000,3.4398611111111115
2015-01-15,518,22,205243000,0.95013888888888887
2015-01-15,518,1550,273848700,7.7376388888888883
2015-01-15,518,1551,273848700,5.4965277777777777
2015-01-15,518,39,245445000,13.052361111111111
2015-01-15,518,1561,273435850,10.083611111111111
2015-01-15,-250,-125,224929000,1.98
2015-01-15,-250,-123,224929000,4.5993055555555555
2015-01-15,-250,367,441910000,0.62888888888888883
2015-01-15,-250,366,441910000,1.1084722222222223
2015-01-15,7,1795,441098000,12.355555555555556
2015-01-15,7,1585,416004242,4.5815277777777776
2015-01-15,7,1588,416004242,1.8206944444444444
2015-01-15,7,1587,416004242,0.76027777777777783
2015-01-15,263,1198,412007430,17.939583333333331
2015-01-15,263,1200,412441103,2.0058333333333334
2015-01-15,263,1202,412441362,1.9894444444444443
2015-01-15,263,1205,912041234,14.471805555555555
2015-01-15,263,1197,412442387,1.7397222222222219
2015-01-15,263,1201,412441376,13.621250000000003
2015-01-15,263,1200,800004394,3.8969444444444439
2015-01-15,263,1201,412061482,1.1954166666666666
2015-01-15,263,1201,412441388,3.5766666666666667
2015-01-15,263,1200,412441134,2.7494444444444444
2015-01-15,263,1199,800036402,9.7895833333333329
2015-01-15,263,1197,412442165,0.55722222222222229
2015-01-15,263,1201,412449089,0.20916666666666667
2015-01-15,263,1200,900030280,3.6852777777777779
2015-01-15,263,1199,412441171,0.78847222222222224
2015-01-15,263,1206,900023146,2.01375
2015-01-15,263,1200,800033388,1.1711111111111112
2015-01-15,263,1201,412441457,1.0122222222222221
2015-01-15,263,1200,412441974,4.31138888888889
2015-01-15,263,1199,412060026,3.1093055555555558
2015-01-15,263,1200,412441726,2.2445833333333329
2015-01-15,263,1200,412441982,4.72625
2015-01-15,263,1201,412667777,9.2508333333333344
2015-01-15,263,1200,926000005,2.9633333333333334
2015-01-15,263,1200,412441993,1.11625
2015-01-15,263,1200,926000013,2.1788888888888889
2015-01-15,263,1200,412441491,1.8483333333333334
2015-01-15,263,1200,412441751,2.3913888888888888
2015-01-15,263,1199,926000028,2.5149999999999997
2015-01-15,263,1201,412441503,3.9687500000000009
2015-01-15,263,1200,412441014,1.3198611111111109
2015-01-15,263,1200,412441015,13.408333333333335
2015-01-15,263,1198,412063415,1.40375
2015-01-15,263,1200,412441788,0.56513888888888886
2015-01-15,263,1200,412441293,3.2470833333333338
2015-01-15,263,1200,800026067,3.6638888888888883
2015-01-15,263,1206,412416212,4.0462500000000006
2015-01-15,263,1200,412758758,1.3673611111111112
2015-01-15,263,1205,412416999,11.798888888888888
2015-01-15,263,1200,412441833,1.8256944444444445
2015-01-15,263,1199,412449278,0.2713888888888889
2015-01-15,519,-132,250240000,7.5143055555555556
2015-01-15,519,-130,250240000,4.8318055555555564
2015-01-15,519,-129,250240000,1.4229166666666666
2015-01-15,519,-135,250240000,5.4830555555555556
2015-01-15,519,-133,250240000,3.71875
2015-01-15,519,-131,250240000,1.0266666666666666
2015-01-15,519,1560,273567010,15.47111111111111
2015-01-15,519,-1748,368499000,9.1309722222222227
2015-01-15,519,-1747,368499000,7.3656944444444443
2015-01-15,519,-67,227336000,0.83527777777777767
2015-01-15,519,22,205149000,0.41180555555555554
2015-01-15,519,21,205149000,2.4912500000000004
2015-01-15,519,-140,250105700,10.485
2015-01-15,519,21,205169000,1.4255555555555555
2015-01-15,519,21,205243000,3.7749999999999995
2015-01-15,519,1550,273848700,4.445555555555555
2015-01-15,519,1551,273848700,1.3681944444444443
2015-01-15,519,39,245445000,0.20444444444444443
2015-01-15,519,-133,250350000,4.5168055555555551
2015-01-15,519,-135,250350000,3.8256944444444443
2015-01-15,519,-132,250350000,1.6138888888888887
2015-01-15,519,-128,250350000,7.0220833333333346
2015-01-15,519,-131,250350000,1.6108333333333333
2015-01-15,519,1768,369283000,7.1294444444444451
2015-01-15,-249,-123,224929000,0.86208333333333342
2015-01-15,-249,-124,224929000,1.2904166666666665
2015-01-15,-249,366,441910000,0.2101388888888889
2015-01-15,-249,367,441910000,0.55569444444444449
2015-01-15,-249,363,441910000,4.1429166666666672
2015-01-15,8,1798,441098000,11.04263888888889
2015-01-15,8,1689,412217991,4.2373611111111105
2015-01-15,8,1690,412217991,8.2262499999999985
2015-01-15,8,1588,416004242,11.224166666666667
2015-01-15,8,1513,553111733,0.73861111111111111
2015-01-15,264,1200,412441605,3.775694444444444
2015-01-15,264,1202,9021455,21.507777777777775
2015-01-15,264,1201,412441362,0.225
2015-01-15,264,1197,412442387,1.7793055555555555
2015-01-15,264,1204,412450079,2.0088888888888889
2015-01-15,264,1201,412441376,2.0590277777777777
2015-01-15,264,1197,412442165,0.48055555555555551
2015-01-15,264,1201,902900838,14.001111111111108
2015-01-15,264,1206,900023146,2.5611111111111109
2015-01-15,264,1207,900023146,6.0611111111111109
2015-01-15,264,1205,412418416,6.7413888888888884
2015-01-15,264,1200,412441724,2.5676388888888892
2015-01-15,264,1202,412441471,11.195694444444445
2015-01-15,264,1201,412667777,0.22472222222222221
2015-01-15,264,1199,412880006,1.01
2015-01-15,264,1199,412441738,3.3583333333333334
2015-01-15,264,1199,800037788,2.214722222222222
2015-01-15,264,1205,412416159,11.468055555555557
2015-01-15,264,1205,412418467,2.3915277777777777
2015-01-15,264,1199,412441766,2.0494444444444442
2015-01-15,264,1202,633301928,9.3912500000000012
2015-01-15,264,1201,633301928,2.8147222222222226
2015-01-15,264,1199,412880072,0.86416666666666664
2015-01-15,264,1203,412441039,5.7377777777777776
2015-01-15,264,1200,800026067,0.28638888888888886
2015-01-15,264,1205,412416212,4.340416666666667
2015-01-15,264,1202,412441049,6.0908333333333333
2015-01-15,264,1205,412416999,6.3327777777777783
2015-01-15,264,1206,412419563,9.70361111111111
2015-01-15,520,1587,273843200,1.9015277777777777
2015-01-15,520,1747,366988820,4.2413888888888884
2015-01-15,520,23,45663000,0.41875
2015-01-15,520,-115,244563000,0.68458333333333332
2015-01-15,520,20,205149000,2.9998611111111115
2015-01-15,520,21,205149000,14.834027777777775
2015-01-15,520,22,205149000,0.6625
2015-01-15,520,21,205169000,2.0541666666666667
2015-01-15,520,20,205169000,0.8223611111111111
2015-01-15,520,1549,273846700,11.232638888888889
2015-01-15,520,1550,273846700,1.8180555555555555
2015-01-15,520,1548,273846700,0.57097222222222221
2015-01-15,520,-128,250350000,0.66583333333333328
2015-01-15,520,-129,250350000,3.8593055555555553
2015-01-15,520,-131,250350000,2.6516666666666664
2015-01-15,520,1768,369283000,8.6230555555555544
2015-01-15,520,1769,369283000,6.3884722222222212
2015-01-15,520,-533,316001738,0.49222222222222223
2015-01-15,520,-534,316001738,0.28486111111111112
2015-01-15,-504,-760,725002300,5.8802777777777786
2015-01-15,-504,-759,725002300,0.709861111111111
2015-01-15,-504,-761,725002300,9.869305555555556
2015-01-15,-248,136,224172000,1.7445833333333334
2015-01-15,-248,363,441910000,4.7730555555555556
2015-01-15,-248,367,441910000,0.36541666666666661
2015-01-15,-248,-146,224267000,1.5030555555555558
2015-01-15,-248,-145,224267000,1.387361111111111
2015-01-15,9,1771,440636000,17.675555555555555
2015-01-15,9,1527,432410000,5.0479166666666666
2015-01-15,265,1204,412448777,3.1843055555555559
2015-01-15,265,1206,412418572,3.8545833333333333
2015-01-15,265,1208,412418572,4.0852777777777778
2015-01-15,265,1207,412418572,4.7441666666666675
2015-01-15,265,1201,412441362,2.0081944444444444
2015-01-15,265,1207,412419611,2.1173611111111112
2015-01-15,265,1208,412419611,14.080833333333331
2015-01-15,265,1208,412416541,1.2974999999999999
2015-01-15,265,1209,412416541,7.9101388888888886
2015-01-15,265,1204,412450079,2.7588888888888894
2015-01-15,265,1206,412431663,0.25694444444444442
2015-01-15,265,1206,412418357,3.3976388888888884
2015-01-15,265,1208,412417341,4.6615277777777786
2015-01-15,265,1208,412419651,2.5223611111111115
2015-01-15,265,1206,412431701,0.74527777777777782
2015-01-15,265,1207,412431701,1.5209722222222222
2015-01-15,265,1206,412431702,3.7394444444444446
2015-01-15,265,1206,412418651,0.9341666666666667
2015-01-15,265,1207,412418651,6.5847222222222221
2015-01-15,265,1208,412419171,1.9154166666666665
2015-01-15,265,1203,412419171,12.627638888888891
2015-01-15,265,1204,412510307,0.96763888888888894
2015-01-15,265,1205,412510307,6.2288888888888891
2015-01-15,265,1205,412416108,1.9537499999999999
2015-01-15,265,1206,412418416,15.3575
2015-01-15,265,1202,412441471,1.7144444444444444
2015-01-15,265,1207,412419462,0.98138888888888887
2015-01-15,265,1208,412419462,3.0698611111111114
2015-01-15,265,1203,900030343,2.9390277777777776
2015-01-15,265,1204,900030343,4.0152777777777775
2015-01-15,265,1206,412416906,5.2756944444444445
2015-01-15,265,1207,412416906,12.022638888888888
2015-01-15,265,1207,412418456,3.8509722222222225
2015-01-15,265,1206,412418456,2.4581944444444446
2015-01-15,265,1206,412416159,5.6405555555555553
2015-01-15,265,1207,412418467,14.671666666666667
2015-01-15,265,1208,412417189,2.7423611111111112
2015-01-15,265,1201,633301928,1.1023611111111111
2015-01-15,265,1208,412418997,3.5669444444444443
2015-01-15,265,1207,412417738,2.2580555555555555
2015-01-15,265,1206,412416212,1.6593055555555556
2015-01-15,265,1207,412416212,8.8059722222222216
2015-01-15,265,1205,412416212,2.3600000000000003
2015-01-15,265,1205,412417757,9.1529166666666661
2015-01-15,265,1206,412419563,6.3065277777777791
2015-01-15,265,1205,412452338,3.7305555555555561
2015-01-15,265,1206,412452338,3.9781944444444441
2015-01-15,265,1204,412441083,7.173055555555556
2015-01-15,521,1587,273843200,0.20638888888888887
2015-01-15,521,1588,273843200,0.33138888888888884
2015-01-15,521,1750,366988820,0.52055555555555555
2015-01-15,521,1752,366988820,0.36847222222222226
2015-01-15,521,24,45663000,0.29458333333333331
2015-01-15,521,22,45663000,0.42986111111111108
2015-01-15,521,23,45663000,7.4090277777777782
2015-01-15,521,20,205169000,2.0719444444444446
2015-01-15,521,19,205169000,1.4356944444444446
2015-01-15,521,21,205169000,2.5554166666666673
2015-01-15,521,-533,316303000,0.39277777777777778
2015-01-15,521,-534,316303000,0.20430555555555557
2015-01-15,521,1550,273846700,1.0369444444444444
2015-01-15,521,1549,273846700,1.8845833333333333
2015-01-15,521,-534,316001738,6.756388888888889
2015-01-15,521,-145,235004110,4.635
2015-01-15,-503,-761,725002300,1.6973611111111111
2015-01-15,-503,-759,725002300,2.3722222222222222
2015-01-15,-247,135,224142000,3.181111111111111
2015-01-15,-247,136,224172000,2.2455555555555553
2015-01-15,-247,135,224172000,2.9236111111111107
2015-01-15,-247,366,441910000,0.58333333333333337
2015-01-15,-247,367,441910000,1.287222222222222
2015-01-15,-247,363,441910000,4.0652777777777782
2015-01-15,-247,-146,224267000,0.86388888888888882
2015-01-15,-247,-145,224267000,1.4105555555555556
2015-01-15,10,1435,432487000,2.7644444444444445
2015-01-15,10,-1573,365878412,4.3713888888888892
2015-01-15,10,1693,412696240,6.1590277777777782
2015-01-15,10,1517,432726000,2.7141666666666664
2015-01-15,266,1202,900021513,6.8287499999999994
2015-01-15,266,1204,412448777,2.2438888888888888
2015-01-15,266,1207,412418572,6.0884722222222223
2015-01-15,266,1208,900029197,2.3847222222222224
2015-01-15,266,1207,900029197,8.5088888888888885
2015-01-15,266,1207,412416275,9.34611111111111
2015-01-15,266,1208,412416275,0.83888888888888891
2015-01-15,266,1207,412416276,7.0233333333333325
2015-01-15,266,1208,412416276,1.4494444444444445
2015-01-15,266,1207,412419094,7.1225000000000005
2015-01-15,266,1208,412419611,1.9076388888888889
2015-01-15,266,1209,412419611,1.5243055555555556
2015-01-15,266,1209,412416541,3.4283333333333332
2015-01-15,266,1205,412450079,1.2198611111111113
2015-01-15,266,1204,412450079,6.4399999999999995
2015-01-15,266,1208,412418854,3.9843055555555553
2015-01-15,266,1207,412418854,5.8023611111111109
2015-01-15,266,1210,412431662,9.76875
2015-01-15,266,1208,412431662,1.3002777777777781
2015-01-15,266,1209,412431662,1.7420833333333334
2015-01-15,266,1206,412431662,2.410277777777778
2015-01-15,266,1208,412431663,0.81986111111111115
2015-01-15,266,1206,412431663,2.3943055555555555
2015-01-15,266,1210,412431663,9.4275
2015-01-15,266,1209,412431663,1.7572222222222222
2015-01-15,266,1205,412450098,0.80819444444444444
2015-01-15,266,1205,412414521,1.7745833333333334
2015-01-15,266,1206,412414521,1.713611111111111
2015-01-15,266,1207,412414521,1.6872222222222222
2015-01-15,266,1208,412414521,5.9765277777777763
2015-01-15,266,1208,412417341,5.4513888888888884
2015-01-15,266,1208,412419651,4.3105555555555553
2015-01-15,266,1207,412417865,11.929305555555555
2015-01-15,266,1208,412419406,1.7905555555555557
2015-01-15,266,1207,412419406,8.1474999999999991
2015-01-15,266,1209,900007250,6.2490277777777781
2015-01-15,266,1207,412431701,1.67625
2015-01-15,266,1207,412431702,2.2165277777777779
2015-01-15,266,1210,412431702,2.2381944444444444
2015-01-15,266,1206,412418651,6.4137499999999985
2015-01-15,266,1207,412418651,0.51416666666666666
2015-01-15,266,1205,412418651,2.907083333333333
2015-01-15,266,1208,412418396,2.6083333333333334
2015-01-15,266,1209,412418398,6.2252777777777775
2015-01-15,266,1208,900016994,1.2705555555555554
2015-01-15,266,1208,412419171,0.55666666666666664
2015-01-15,266,1204,412510307,0.35069444444444442
2015-01-15,266,1205,412510307,6.5616666666666665
2015-01-15,266,1206,412416101,5.01875
2015-01-15,266,1207,200007537,17.689861111111107
2015-01-15,266,1209,412414581,0.47458333333333336
2015-01-15,266,1206,412442237,3.2155555555555555
2015-01-15,266,1208,412418688,0.91722222222222216
2015-01-15,266,1209,412417152,1.4209722222222223
2015-01-15,266,1206,900017285,0.3
2015-01-15,266,1207,900017285,0.61555555555555552
2015-01-15,266,1208,412419462,8.69888888888889
2015-01-15,266,1207,412419462,7.77611111111111
2015-01-15,266,1208,412419719,3.7734722222222219
2015-01-15,266,1207,412419719,4.9402777777777773
2015-01-15,266,1203,900030343,15.935694444444444
2015-01-15,266,1208,412416906,1.6166666666666667
2015-01-15,266,1207,412416906,3.4852777777777777
2015-01-15,266,1207,412418456,11.91236111111111
2015-01-15,266,1208,412418456,3.6054166666666667
2015-01-15,266,1203,999966618,8.8277777777777775
2015-01-15,266,1207,412418467,2.4618055555555554
2015-01-15,266,1207,412416677,10.62472222222222
2015-01-15,266,1208,412416677,2.2406944444444443
2015-01-15,266,1209,412417189,4.6291666666666664
2015-01-15,266,1208,412417189,5.0936111111111115
2015-01-15,266,1208,412449704,5.460694444444445
2015-01-15,266,1206,412449704,1.4329166666666668
2015-01-15,266,1207,412449704,1.6545833333333335
2015-01-15,266,1204,412449704,0.30305555555555552
2015-01-15,266,1207,412417451,7.2784722222222227
2015-01-15,266,1208,412417451,9.34013888888889
2015-01-15,266,1209,412418997,1.5675000000000001
2015-01-15,266,1208,412418997,0.79736111111111108
2015-01-15,266,1206,412419256,5.2709722222222233
2015-01-15,266,1207,412419256,3.9616666666666669
2015-01-15,266,1208,412419256,1.5456944444444445
2015-01-15,266,1205,412418745,0.70861111111111108
2015-01-15,266,1207,412418745,5.66375
2015-01-15,266,1206,412418745,12.220694444444442
2015-01-15,266,1205,412417492,0.49388888888888888
2015-01-15,266,1207,412416981,4.9505555555555558
2015-01-15,266,1207,412417757,6.93
2015-01-15,266,1208,412417757,2.7384722222222222
2015-01-15,266,1207,412416225,2.5783333333333331
2015-01-15,266,1206,412416225,3.9397222222222221
2015-01-15,266,1208,412419554,2.3625
2015-01-15,266,1206,412419055,6.0991666666666662
2015-01-15,266,1204,413004016,10.507083333333334
2015-01-15,266,1208,412416241,1.7901388888888889
2015-01-15,266,1207,412416241,5.9245833333333326
2015-01-15,266,1207,412417777,6.0719444444444441
2015-01-15,266,1208,412417777,4.3929166666666664
2015-01-15,266,1204,412452338,1.9468055555555552
2015-01-15,266,1205,412452338,3.1733333333333329
2015-01-15,266,1206,412452338,3.5406944444444446
2015-01-15,266,1209,421408508,0.84305555555555567
2015-01-15,266,1207,412417532,13.367916666666666
2015-01-15,266,1209,412449021,2.1540277777777779
2015-01-15,522,1752,366988820,1.0998611111111112
2015-01-15,522,1744,366988820,3.32125
2015-01-15,522,1751,366988820,1.5237500000000002
2015-01-15,522,22,205169000,0.21013888888888888
2015-01-15,522,21,205169000,3.4087500000000008
2015-01-15,522,-533,316303000,1.3265277777777778
2015-01-15,522,-534,316303000,4.7040277777777781
2015-01-15,522,-535,316001738,7.7863888888888884
2015-01-15,522,-148,235004110,9.5580555555555549
2015-01-15,522,-534,316065000,0.44555555555555554
2015-01-15,-502,1659,512000126,0.88375
2015-01-15,-246,-187,224160000,1.5152777777777775
2015-01-15,-246,-188,224160000,1.219166666666667
2015-01-15,-246,-189,224160000,1.3515277777777779
2015-01-15,-246,-186,224160000,3.9255555555555564
2015-01-15,-246,-185,224160000,1.3345833333333332
2015-01-15,-246,-191,224160000,1.7897222222222222
2015-01-15,-246,-190,224160000,1.8516666666666668
2015-01-15,-246,134,224142000,1.0009722222222222
2015-01-15,-246,135,224142000,0.62833333333333341
2015-01-15,-246,134,224172000,2.4604166666666663
2015-01-15,-246,135,224172000,2.0341666666666667
2015-01-15,-246,365,441910000,0.66277777777777769
2015-01-15,-246,366,441910000,1.2958333333333334
2015-01-15,-246,364,441910000,0.31111111111111112
2015-01-15,-246,-146,224267000,0.775
2015-01-15,-246,-145,224267000,1.0580555555555555
2015-01-15,267,1203,488855555,0.75930555555555557
2015-01-15,267,1208,900001286,0.51263888888888887
2015-01-15,267,1207,900029197,11.000138888888888
2015-01-15,267,1204,412448781,0.93444444444444441
2015-01-15,267,1209,412416787,5.3936111111111114
2015-01-15,267,1207,412416787,5.63486111111111
2015-01-15,267,1206,412416787,3.7425
2015-01-15,267,1208,412416276,1.2751388888888888
2015-01-15,267,1207,412416276,9.9030555555555555
2015-01-15,267,1207,412419094,13.329166666666666
2015-01-15,267,1209,412416541,5.2018055555555556
2015-01-15,267,1203,900005918,2.9286111111111106
2015-01-15,267,1205,412450079,0.91263888888888889
2015-01-15,267,1204,412450079,1.5941666666666667
2015-01-15,267,1209,413001253,3.3259722222222221
2015-01-15,267,1208,412418854,4.115
2015-01-15,267,1207,412418854,4.2555555555555546
2015-01-15,267,1208,412443945,1.8151388888888889
2015-01-15,267,1207,412001577,11.0275
2015-01-15,267,1207,412431662,1.7718055555555556
2015-01-15,267,1206,412431662,0.26666666666666666
2015-01-15,267,1210,412431662,2.1445833333333333
2015-01-15,267,1207,412431663,1.8925
2015-01-15,267,1210,412431663,2.3181944444444444
2015-01-15,267,1207,412141103,5.8705555555555566
2015-01-15,267,1206,412412721,2.4161111111111109
2015-01-15,267,1208,412412721,3.1762499999999996
2015-01-15,267,1205,412450098,5.5579166666666673
2015-01-15,267,1204,412450098,0.54569444444444448
2015-01-15,267,1208,412417592,7.0979166666666664
2015-01-15,267,1207,412417592,6.2441666666666658
2015-01-15,267,1209,412418361,7.133055555555555
2015-01-15,267,1205,412414521,3.3898611111111112
2015-01-15,267,1208,412417341,8.4398611111111119
2015-01-15,267,1204,413001023,0.79458333333333331
2015-01-15,267,1205,413001023,0.85694444444444451
2015-01-15,267,1208,412419651,3.6309722222222218
2015-01-15,267,1209,412419651,8.08486111111111
2015-01-15,267,1209,412419654,9.4670833333333331
2015-01-15,267,1209,412418377,12.858888888888888
2015-01-15,267,1208,412418377,1.125
2015-01-15,267,1208,412417865,2.5555555555555554
2015-01-15,267,1208,412419406,6.5536111111111115
2015-01-15,267,1207,412419406,5.7212499999999995
2015-01-15,267,1209,900007250,2.3674999999999997
2015-01-15,267,1210,412431701,0.83166666666666667
2015-01-15,267,1207,412431701,1.3770833333333334
2015-01-15,267,1207,412431702,1.8211111111111111
2015-01-15,267,1206,412418651,2.5423611111111115
2015-01-15,267,1207,412418651,3.5979166666666669
2015-01-15,267,1208,412418396,2.6550000000000002
2015-01-15,267,1209,412418396,3.1323611111111114
2015-01-15,267,1207,412418396,1.3368055555555558
2015-01-15,267,1209,412418398,5.0483333333333329
2015-01-15,267,1203,413005665,6.5554166666666669
2015-01-15,267,1208,900016994,15.348055555555556
2015-01-15,267,1207,900016994,8.1661111111111122
2015-01-15,267,1205,412510307,3.3448611111111117
2015-01-15,267,1204,412510307,1.5780555555555555
2015-01-15,267,1205,412005475,0.80027777777777787
2015-01-15,267,1205,870065765,2.4212499999999997
2015-01-15,267,1206,412416101,4.3106944444444437
2015-01-15,267,1207,412416101,1.8952777777777778
2015-01-15,267,1205,412450157,0.36222222222222222
2015-01-15,267,1209,412448627,0.6743055555555556
2015-01-15,267,1208,412448627,1.5515277777777778
2015-01-15,267,1209,412414581,0.91708333333333325
2015-01-15,267,1208,412414581,1.9970833333333333
2015-01-15,267,1207,412414581,0.27097222222222223
2015-01-15,267,1207,412450425,10.734861111111114
2015-01-15,267,1202,412449661,0.9883333333333334
2015-01-15,267,1203,412449661,3.5651388888888889
2015-01-15,267,1209,412450429,1.7806944444444444
2015-01-15,267,1207,412203389,3.1495833333333336
2015-01-15,267,1208,412203389,1.92875
2015-01-15,267,1209,412432766,1.3004166666666666
2015-01-15,267,1209,412417152,24.751111111111111
2015-01-15,267,1202,801254788,1.4579166666666667
2015-01-15,267,1201,801254788,0.24166666666666664
2015-01-15,267,1207,900017285,3.7109722222222228
2015-01-15,267,1208,412419462,0.91166666666666663
2015-01-15,267,1209,412419719,5.1948611111111109
2015-01-15,267,1208,412419719,2.40375
2015-01-15,267,1207,412419719,6.6563888888888894
2015-01-15,267,1209,900030344,2.7148611111111109
2015-01-15,267,1207,412418956,5.2815277777777778
2015-01-15,267,1203,900030353,3.3788888888888891
2015-01-15,267,1204,412450193,1.0041666666666667
2015-01-15,267,1205,412450193,0.29680555555555554
2015-01-15,267,1207,999755160,9.6341666666666672
2015-01-15,267,1205,900030108,9.8197222222222216
2015-01-15,267,1205,900087711,0.76680555555555563
2015-01-15,267,1208,413001119,1.7544444444444443
2015-01-15,267,1207,412410019,7.5233333333333325
2015-01-15,267,1207,412416677,4.6686111111111108
2015-01-15,267,1208,412416677,3.9587499999999998
2015-01-15,267,1205,412449704,1.9723611111111108
2015-01-15,267,1209,412417197,16.749305555555555
2015-01-15,267,1205,412449711,0.24138888888888888
2015-01-15,267,1204,412449711,0.69013888888888886
2015-01-15,267,1202,412449459,20.285138888888888
2015-01-15,267,1203,412449206,4.3930555555555557
2015-01-15,267,1208,412419256,0.37013888888888891
2015-01-15,267,1208,412418745,1.2095833333333332
2015-01-15,267,1207,412418745,2.8225000000000002
2015-01-15,267,1208,412448955,3.7501388888888889
2015-01-15,267,1209,412448955,2.994305555555556
2015-01-15,267,1208,412416444,18.58625
2015-01-15,267,1204,900023744,15.165972222222223
2015-01-15,267,1207,413001931,14.094305555555552
2015-01-15,267,1207,412448979,9.3802777777777777
2015-01-15,267,1203,997753555,7.42
2015-01-15,267,1207,412412627,10.167638888888888
2015-01-15,267,1208,412416981,6.8143055555555554
2015-01-15,267,1209,412416981,5.54125
2015-01-15,267,1207,412416981,3.6262499999999998
2015-01-15,267,1207,412417757,1.9698611111111108
2015-01-15,267,1206,412417757,6.7841666666666667
2015-01-15,267,1201,412449247,1.4269444444444446
2015-01-15,267,1206,412416225,2.4588888888888887
2015-01-15,267,1207,412416225,10.786944444444446
2015-01-15,267,1206,412419554,3.201111111111111
2015-01-15,267,1207,412419554,5.4954166666666664
2015-01-15,267,1209,412419554,6.0045833333333327
2015-01-15,267,1208,412419554,2.1468055555555559
2015-01-15,267,1203,412449763,2.9154166666666668
2015-01-15,267,1203,997753571,8.2411111111111115
2015-01-15,267,1209,412110058,4.1265277777777776
2015-01-15,267,1207,412110058,3.65375
2015-01-15,267,1208,412110058,1.7066666666666668
2015-01-15,267,1203,413005805,0.3611111111111111
2015-01-15,267,1207,412419055,2.9120833333333334
2015-01-15,267,1206,412419055,6.100138888888889
2015-01-15,267,1207,412416241,10.551249999999998
2015-01-15,267,1208,412416241,4.49875
2015-01-15,267,1208,412417777,12.712361111111111
2015-01-15,267,1204,412450039,4.3649999999999993
2015-01-15,267,1203,412441849,5.1284722222222223
2015-01-15,267,1202,412441849,0.32652777777777781
2015-01-15,267,1207,412417532,8.0929166666666674
2015-01-15,267,1208,412449021,1.8419444444444442
2015-01-15,267,1207,333301501,10.737222222222224
2015-01-15,523,-537,316010000,1.0506944444444446
2015-01-15,523,-536,316010000,0.22652777777777777
2015-01-15,523,-538,316010000,0.21527777777777779
2015-01-15,523,1752,366988820,0.37638888888888888
2015-01-15,523,-138,250105700,8.1919444444444451
2015-01-15,523,22,205169000,0.20819444444444446
2015-01-15,523,-536,316303000,1.9086111111111113
2015-01-15,523,-534,316303000,4.2513888888888891
2015-01-15,523,-539,316303000,2.9809722222222215
2015-01-15,523,-537,316303000,1.7076388888888887
2015-01-15,523,-535,316303000,1.2663888888888888
2015-01-15,523,-538,316001738,7.0154166666666669
2015-01-15,523,-149,235004110,8.72361111111111
2015-01-15,523,-536,316065000,6.2084722222222224
2015-01-15,523,-534,316065000,1.2605555555555557
2015-01-15,523,-535,316065000,10.57111111111111
2015-01-15,523,-537,316065000,2.6159722222222226
2015-01-15,-501,1659,512000126,5.2801388888888887
2015-01-15,-501,1660,512000126,2.8551388888888889
2015-01-15,-245,-192,224160000,5.9348611111111111
2015-01-15,-245,-185,224160000,0.5723611111111111
2015-01-15,-245,134,224142000,1.4138888888888888
2015-01-15,-245,-113,263821000,5.8948611111111111
2015-01-15,-245,134,224172000,2.8733333333333331
2015-01-15,-245,-145,224267000,1.0226388888888889
2015-01-15,-245,-146,224267000,0.38861111111111113
2015-01-15,-245,362,441483000,11.678194444444443
2015-01-15,12,1780,440894000,6.3005555555555555
2015-01-15,12,1037,325361000,1.3780555555555556
2015-01-15,12,1038,525021050,8.007083333333334
2015-01-15,12,1038,525012194,0.22930555555555554
2015-01-15,12,1038,525967609,0.24388888888888888
2015-01-15,268,1211,412433667,0.64763888888888888
2015-01-15,268,1203,488855555,4.43125
2015-01-15,268,1209,412448771,1.6501388888888888
2015-01-15,268,1209,901408518,0.87430555555555556
2015-01-15,268,1208,900001286,11.604444444444445
2015-01-15,268,1211,412433674,2.6005555555555557
2015-01-15,268,1210,412433676,2.6695833333333336
2015-01-15,268,1207,900029197,1.8634722222222222
2015-01-15,268,1205,412448781,2.4876388888888887
2015-01-15,268,1204,412448781,3.4355555555555557
2015-01-15,268,1209,412448787,5.8748611111111106
2015-01-15,268,1207,412416787,1.4838888888888888
2015-01-15,268,1208,412416787,3.71875
2015-01-15,268,1207,412416276,1.6673611111111111
2015-01-15,268,1209,997753628,2.2165277777777774
2015-01-15,268,1203,900005918,0.59777777777777774
2015-01-15,268,1205,412450079,2.8751388888888885
2015-01-15,268,1204,412450084,4.5322222222222228
2015-01-15,268,1205,412450084,2.7004166666666669
2015-01-15,268,1205,412449829,3.5193055555555559
2015-01-15,268,1204,412449829,2.2494444444444444
2015-01-15,268,1208,413001253,4.4799999999999995
2015-01-15,268,1209,413001253,3.0018055555555554
2015-01-15,268,1207,412418854,3.0993055555555555
2015-01-15,268,1208,412418854,2.1505555555555556
2015-01-15,268,1208,412443945,11.157361111111111
2015-01-15,268,1206,412443945,4.8249999999999993
2015-01-15,268,1210,412450347,7.0205555555555552
2015-01-15,268,1207,412431662,1.0398611111111111
2015-01-15,268,1207,412431663,0.34208333333333335
2015-01-15,268,1207,412141103,0.7534722222222221
2015-01-15,268,1206,412450098,0.29555555555555557
2015-01-15,268,1205,412450098,13.403194444444447
2015-01-15,268,1211,412433971,3.205972222222222
2015-01-15,268,1204,413005108,1.5326388888888891
2015-01-15,268,1207,412417592,4.2643055555555556
2015-01-15,268,1208,412417592,2.4093055555555556
2015-01-15,268,1205,412414521,1.5722222222222222
2015-01-15,268,1210,900002362,0.44319444444444445
2015-01-15,268,1209,900002362,1.8758333333333332
2015-01-15,268,1208,412417341,3.0919444444444442
2015-01-15,268,1205,413001023,11.819305555555557
2015-01-15,268,1204,413001023,1.9552777777777779
2015-01-15,268,1203,997753665,2.0144444444444445
2015-01-15,268,1210,412419654,5.8556944444444445
2015-01-15,268,1209,412419654,1.6754166666666666
2015-01-15,268,1209,412418377,6.0834722222222233
2015-01-15,268,1208,412417865,0.36138888888888887
2015-01-15,268,1207,412417865,0.8375
2015-01-15,268,1205,870000211,1.5256944444444442
2015-01-15,268,1205,412566611,10.652916666666668
2015-01-15,268,1204,413005657,3.6112499999999996
2015-01-15,268,1207,412418396,3.0315277777777774
2015-01-15,268,1208,412418396,5.1080555555555556
2015-01-15,268,1203,413005665,0.69291666666666663
2015-01-15,268,1207,900016994,0.87902777777777774
2015-01-15,268,1205,412005475,4.05875
2015-01-15,268,1205,870065765,4.7823611111111113
2015-01-15,268,1206,870065765,0.22791666666666666
2015-01-15,268,1210,412432229,4.7544444444444434
2015-01-15,268,1207,412416101,6.8529166666666672
2015-01-15,268,1205,412450157,5.3170833333333336
2015-01-15,268,1209,412448627,2.903888888888889
2015-01-15,268,1208,412448627,4.9122222222222227
2015-01-15,268,1209,412450429,4.5859722222222219
2015-01-15,268,1208,412203389,2.7254166666666668
2015-01-15,268,1209,412432766,1.4133333333333333
2015-01-15,268,1210,412432766,3.1465277777777776
2015-01-15,268,1207,412417662,6.2216666666666667
2015-01-15,268,1202,801254788,1.5125000000000002
2015-01-15,268,1207,900017285,0.25847222222222221
2015-01-15,268,1208,900017285,2.4313888888888888
2015-01-15,268,1209,900030344,4.1911111111111117
2015-01-15,268,1205,412450193,7.0166666666666666
2015-01-15,268,1209,9020313,6.5580555555555549
2015-01-15,268,1208,412201114,5.5388888888888888
2015-01-15,268,1204,900030108,2.4713888888888889
2015-01-15,268,1205,900030108,9.9108333333333327
2015-01-15,268,1205,900087711,6.0749999999999993
2015-01-15,268,1206,900087711,0.45930555555555558
2015-01-15,268,1209,413001119,13.730694444444444
2015-01-15,268,1208,413001119,7.5756944444444443
2015-01-15,268,1207,412410019,0.61319444444444449
2015-01-15,268,1205,412449704,1.5558333333333334
2015-01-15,268,1205,412449711,12.462083333333329
2015-01-15,268,1204,412449711,2.3659722222222221
2015-01-15,268,1204,413055920,3.9961111111111105
2015-01-15,268,1204,661235123,1.5498611111111114
2015-01-15,268,1205,661235123,17.485277777777775
2015-01-15,268,1203,997735608,4.6375
2015-01-15,268,1208,412448955,3.115
2015-01-15,268,1204,900023744,4.27875
2015-01-15,268,1211,412433622,0.892361111111111
2015-01-15,268,1210,412432348,2.7183333333333333
2015-01-15,268,1212,412431326,1.3670833333333334
2015-01-15,268,1207,412419554,1.8983333333333334
2015-01-15,268,1211,412432354,11.997777777777779
2015-01-15,268,1203,412449763,1.9566666666666666
2015-01-15,268,1209,333331433,11.273750000000001
2015-01-15,268,1208,412110058,5.245
2015-01-15,268,1207,412110058,2.9315277777777777
2015-01-15,268,1486,416000238,13.004583333333334
2015-01-15,268,1208,412417262,3.7958333333333334
2015-01-15,268,1211,412431349,9.6658333333333335
2015-01-15,268,1211,412432637,0.8915277777777777
2015-01-15,268,1210,412432637,6.00986111111111
2015-01-15,268,1208,412449021,5.4372222222222222
2015-01-15,268,1209,412449021,3.7225
2015-01-15,524,-537,316010000,0.4894444444444444
2015-01-15,524,-538,316010000,1.7469444444444446
2015-01-15,524,-170,227583000,2.7169444444444446
2015-01-15,524,-166,227583000,2.9011111111111108
2015-01-15,524,-163,227583000,2.882222222222222
2015-01-15,524,-168,227583000,2.4315277777777777
2015-01-15,524,-161,227583000,2.3390277777777779
2015-01-15,524,-538,316303000,2.2716666666666665
2015-01-15,524,-539,316303000,0.48902777777777778
2015-01-15,524,41,245836000,0.66055555555555556
2015-01-15,524,39,245836000,0.16652777777777777
2015-01-15,524,40,245836000,0.70236111111111121
2015-01-15,-244,134,224142000,1.2443055555555556
2015-01-15,-244,-114,263821000,2.0480555555555555
2015-01-15,-244,134,224172000,5.41388888888889
2015-01-15,-244,-145,224267000,0.50597222222222216
2015-01-15,-244,-144,224267000,0.55138888888888893
2015-01-15,13,1780,440895000,5.768472222222222
2015-01-15,13,1776,440895000,11.053333333333335
2015-01-15,13,1037,325361000,0.6002777777777778
2015-01-15,13,-1576,365878412,3.8820833333333336
2015-01-15,13,1725,431100850,0.26930555555555558
2015-01-15,269,1210,888000000,3.901388888888889
2015-01-15,269,1211,412433667,2.5209722222222224
2015-01-15,269,1209,412448771,8.4255555555555546
2015-01-15,269,1208,908887555,0.25027777777777777
2015-01-15,269,1209,908887555,0.69236111111111109
2015-01-15,269,1209,800009732,1.6795833333333334
2015-01-15,269,1210,800009732,1.9852777777777777
2015-01-15,269,1210,901408518,2.7794444444444446
2015-01-15,269,1209,901408518,1.835
2015-01-15,269,1208,900001286,1.7248611111111112
2015-01-15,269,1211,412433415,1.7468055555555555
2015-01-15,269,1210,412433415,5.8655555555555559
2015-01-15,269,1210,412433674,0.39277777777777778
2015-01-15,269,1211,412433674,5.2830555555555563
2015-01-15,269,1210,412433676,6.7694444444444448
2015-01-15,269,1204,997752076,5.4326388888888895
2015-01-15,269,1204,412448781,6.55
2015-01-15,269,1208,997753357,13.591666666666667
2015-01-15,269,1202,997753357,1.3208333333333333
2015-01-15,269,1207,997753357,0.24833333333333332
2015-01-15,269,1211,413001486,1.6934722222222223
2015-01-15,269,1212,413001486,0.77972222222222221
2015-01-15,269,1209,412448787,8.3761111111111131
2015-01-15,269,1206,412449816,3.9493055555555552
2015-01-15,269,1209,997753628,0.45069444444444445
2015-01-15,269,1210,412448798,7.3079166666666664
2015-01-15,269,1205,412450079,0.30486111111111114
2015-01-15,269,1205,412449829,6.4645833333333336
2015-01-15,269,1209,413001253,7.215694444444444
2015-01-15,269,1210,412449832,14.855416666666665
2015-01-15,269,1210,412450347,7.9751388888888881
2015-01-15,269,1209,412518188,0.48402777777777772
2015-01-15,269,1210,333302318,12.948472222222223
2015-01-15,269,1210,412433455,3.9076388888888891
2015-01-15,269,1211,412433713,0.82597222222222222
2015-01-15,269,1206,412450098,0.82902777777777781
2015-01-15,269,1212,412433971,0.85319444444444448
2015-01-15,269,1211,412433971,3.906944444444445
2015-01-15,269,1211,412433465,0.58416666666666672
2015-01-15,269,1212,412433465,0.37041666666666667
2015-01-15,269,1205,412414521,0.74097222222222225
2015-01-15,269,1209,900002362,1.3109722222222222
2015-01-15,269,1211,412448829,3.7019444444444445
2015-01-15,269,1205,413001023,4.2156944444444449
2015-01-15,269,1209,412448832,12.86361111111111
2015-01-15,269,1205,412450119,6.8280555555555553
2015-01-15,269,1204,813021772,3.1855555555555553
2015-01-15,269,1206,870000211,7.1536111111111129
2015-01-15,269,1207,870000211,2.7747222222222221
2015-01-15,269,1205,870000211,0.24597222222222223
2015-01-15,269,1205,412566611,0.34319444444444447
2015-01-15,269,1204,412415321,1.1051388888888889
2015-01-15,269,1206,412449632,1.9758333333333336
2015-01-15,269,1205,412005475,9.6727777777777764
2015-01-15,269,1206,870065765,1.5884722222222221
2015-01-15,269,1205,870065765,1.7581944444444444
2015-01-15,269,1202,888223333,4.5222222222222221
2015-01-15,269,1211,412432229,3.5755555555555558
2015-01-15,269,1210,412432229,2.8984722222222219
2015-01-15,269,1213,412441445,9.105833333333333
2015-01-15,269,1207,412416101,1.5765277777777778
2015-01-15,269,1205,412449642,3.6008333333333331
2015-01-15,269,1205,412450157,0.59569444444444442
2015-01-15,269,1206,412450157,1.3206944444444444
2015-01-15,269,1209,412448625,8.9330555555555549
2015-01-15,269,1208,412448626,2.875
2015-01-15,269,1209,412448627,5.2020833333333325
2015-01-15,269,1209,412450429,11.296111111111111
2015-01-15,269,1209,412432766,0.31652777777777774
2015-01-15,269,1210,412432766,2.5440277777777776
2015-01-15,269,1203,801254788,0.21611111111111111
2015-01-15,269,1208,900017285,1.4995833333333335
2015-01-15,269,1209,900030344,0.32944444444444443
2015-01-15,269,1211,800654478,0.49888888888888883
2015-01-15,269,1212,800654478,2.5788888888888892
2015-01-15,269,1209,412448657,7.77625
2015-01-15,269,1206,412450193,1.2123611111111112
2015-01-15,269,1205,412450193,2.3704166666666664
2015-01-15,269,1211,900001171,3.1461111111111109
2015-01-15,269,1209,9020313,6.6880555555555556
2015-01-15,269,1211,412432282,0.94333333333333336
2015-01-15,269,1209,412201114,1.2908333333333335
2015-01-15,269,1208,412201114,6.5279166666666661
2015-01-15,269,1209,412448923,8.80736111111111
2015-01-15,269,1205,900030108,1.9749999999999999
2015-01-15,269,1204,900030108,0.60652777777777778
2015-01-15,269,1212,412419486,4.7061111111111114
2015-01-15,269,1206,900087711,1.5538888888888891
2015-01-15,269,1209,413001119,6.2618055555555552
2015-01-15,269,1210,412432035,2.31
2015-01-15,269,1212,412432035,10.400277777777779
2015-01-15,269,1209,412432035,2.9819444444444443
2015-01-15,269,1209,333381540,5.442222222222223
2015-01-15,269,1206,412449711,1.5001388888888889
2015-01-15,269,1210,414201009,6.2518055555555545
2015-01-15,269,1210,412450481,7.7718055555555541
2015-01-15,269,1205,661235123,2.2376388888888883
2015-01-15,269,1209,412448955,1.6279166666666667
2015-01-15,269,1208,412448955,2.779722222222222
2015-01-15,269,1212,412433344,0.75597222222222227
2015-01-15,269,1212,412433602,0.2573611111111111
2015-01-15,269,1211,412433602,0.31708333333333333
2015-01-15,269,1206,412449738,3.464722222222222
2015-01-15,269,1202,412426450,0.20694444444444443
2015-01-15,269,1211,412433622,5.2663888888888888
2015-01-15,269,1211,412432348,1.5345833333333334
2015-01-15,269,1210,412432348,3.9980555555555553
2015-01-15,269,1212,412431325,0.15472222222222223
2015-01-15,269,1212,412431326,1.7370833333333331
2015-01-15,269,1212,412431327,11.208333333333332
2015-01-15,269,1208,412449247,8.9552777777777788
2015-01-15,269,1212,412432354,0.48222222222222222
2015-01-15,269,1211,412432354,1.2490277777777776
2015-01-15,269,1211,412432104,0.75402777777777774
2015-01-15,269,1208,412417262,7.1781944444444434
2015-01-15,269,1209,412417262,2.6843055555555555
2015-01-15,269,1212,412431349,0.2598611111111111
2015-01-15,269,1211,412431349,1.9247222222222222
2015-01-15,269,1211,412433397,0.68347222222222226
2015-01-15,269,1211,412432637,1.6294444444444445
2015-01-15,269,1210,412432637,2.1744444444444442
2015-01-15,269,1209,412449021,4.864583333333333
2015-01-15,269,1206,412450045,7.719444444444445
2015-01-15,525,-172,227583000,0.94847222222222227
2015-01-15,525,-170,227583000,0.66652777777777783
2015-01-15,525,-167,227583000,0.34861111111111109
2015-01-15,525,-166,227583000,0.34013888888888888
2015-01-15,525,-169,227583000,0.35166666666666668
2015-01-15,525,-173,227583000,1.8493055555555555
2015-01-15,525,-168,227583000,0.35569444444444442
2015-01-15,525,-171,227583000,0.39152777777777781
2015-01-15,781,133,276388000,0.21430555555555555
2015-01-15,781,139,276388000,0.66111111111111109
2015-01-15,781,135,276388000,0.51041666666666663
2015-01-15,781,137,276388000,0.69000000000000006
2015-01-15,781,138,276388000,0.65166666666666662
2015-01-15,781,136,276388000,0.45263888888888887
2015-01-15,781,140,276388000,0.46097222222222223
2015-01-15,781,134,276388000,0.37305555555555558
2015-01-15,-243,134,224142000,0.88097222222222227
2015-01-15,-243,-114,263821000,0.8931944444444444
2015-01-15,-243,-144,224267000,1.0693055555555555
2015-01-15,-243,365,441483000,7.2063888888888892
2015-01-15,-243,-137,263415290,4.6120833333333335
2015-01-15,14,1782,440895000,5.7720833333333337
2015-01-15,14,1781,440895000,0.82916666666666661
2015-01-15,14,-1576,365878412,1.6716666666666669
2015-01-15,14,1725,431100850,0.31805555555555554
2015-01-15,14,1700,538060018,9.31125
2015-01-15,270,1211,900588290,1.3618055555555557
2015-01-15,270,1212,900588290,0.75972222222222219
2015-01-15,270,1210,412433667,1.3627777777777779
2015-01-15,270,1211,412433667,5.7686111111111122
2015-01-15,270,1208,908887555,0.5213888888888889
2015-01-15,270,1209,908887555,1.8440277777777778
2015-01-15,270,1210,800009732,0.93083333333333318
2015-01-15,270,1211,800009732,0.86375
2015-01-15,270,1208,800009732,2.9306944444444443
2015-01-15,270,1211,412433415,16.480555555555554
2015-01-15,270,1205,997752073,7.0565277777777773
2015-01-15,270,1211,412432138,8.1340277777777779
2015-01-15,270,1210,412433674,1.2034722222222223
2015-01-15,270,1211,412433674,3.3422222222222224
2015-01-15,270,1211,800400908,6.2775000000000007
2015-01-15,270,1210,333301516,2.6906944444444445
2015-01-15,270,1211,333301516,3.9841666666666669
2015-01-15,270,1211,900200206,0.38027777777777777
2015-01-15,270,1210,900200206,1.6520833333333333
2015-01-15,270,1211,412432143,3.3615277777777774
2015-01-15,270,1209,412448787,4.7768055555555557
2015-01-15,270,1207,412449816,1.2768055555555557
2015-01-15,270,1209,997753628,3.8588888888888886
2015-01-15,270,1211,900205608,2.0509722222222222
2015-01-15,270,1212,900205608,0.82097222222222221
2015-01-15,270,1211,412433455,1.4465277777777779
2015-01-15,270,1210,412433455,5.9883333333333324
2015-01-15,270,1206,412450095,5.7134722222222214
2015-01-15,270,1207,412450095,0.954861111111111
2015-01-15,270,1211,412433713,9.1091666666666651
2015-01-15,270,1211,412448817,3.847083333333333
2015-01-15,270,1211,412433971,3.2198611111111113
2015-01-15,270,1212,412433971,1.9105555555555553
2015-01-15,270,1212,412432181,1.94875
2015-01-15,270,1211,412432181,1.6361111111111111
2015-01-15,270,1212,412433465,1.1975
2015-01-15,270,1211,412433465,1.3468055555555556
2015-01-15,270,1211,412448829,6.2626388888888886
2015-01-15,270,1212,412432456,3.7831944444444447
2015-01-15,270,1204,813021772,1.6547222222222222
2015-01-15,270,1212,412432208,9.2030555555555562
2015-01-15,270,1208,800156497,1.585
2015-01-15,270,1207,800156497,4.2702777777777774
2015-01-15,270,1206,412449632,4.555
2015-01-15,270,1207,412449632,0.95416666666666672
2015-01-15,270,1211,412432229,4.2870833333333334
2015-01-15,270,1213,412441445,16.91472222222222
2015-01-15,270,1205,412449642,3.2780555555555564
2015-01-15,270,1211,412433008,1.6148611111111113
2015-01-15,270,1211,412449914,7.0268055555555557
2015-01-15,270,1210,412432766,1.0129166666666667
2015-01-15,270,1212,412432766,1.2901388888888889
2015-01-15,270,1211,412432766,2.3108333333333331
2015-01-15,270,1210,412432255,1.0969444444444445
2015-01-15,270,1204,801254788,0.33958333333333335
2015-01-15,270,1203,801254788,1.2666666666666666
2015-01-15,270,1211,800401542,0.98055555555555562
2015-01-15,270,1212,800401542,6.9065277777777787
2015-01-15,270,1212,800654478,9.5490277777777788
2015-01-15,270,1211,800654478,2.1875
2015-01-15,270,1211,900302222,3.2794444444444442
2015-01-15,270,1211,412433554,3.3323611111111111
2015-01-15,270,1211,900001171,5.3951388888888889
2015-01-15,270,1211,412432282,1.2002777777777778
2015-01-15,270,1212,412432282,4.8079166666666673
2015-01-15,270,1211,412449946,4.300416666666667
2015-01-15,270,1207,900030366,4.3095833333333324
2015-01-15,270,1211,412432035,1.7406944444444443
2015-01-15,270,1211,412432036,9.5955555555555563
2015-01-15,270,1211,412433574,0.98291666666666666
2015-01-15,270,1212,412433577,0.78944444444444439
2015-01-15,270,1211,412433577,1.3340277777777778
2015-01-15,270,1204,412449705,4.0744444444444445
2015-01-15,270,1203,412449705,10.604305555555555
2015-01-15,270,1211,412432047,4.6043055555555554
2015-01-15,270,1212,412432048,11.050277777777781
2015-01-15,270,1211,933308090,5.33625
2015-01-15,270,1211,412432058,1.1497222222222223
2015-01-15,270,1212,412432058,6.9530555555555553
2015-01-15,270,1207,455743165,1.129861111111111
2015-01-15,270,1211,412432061,3.675
2015-01-15,270,1212,412432061,2.9248611111111114
2015-01-15,270,1212,412433344,2.5113888888888889
2015-01-15,270,1211,412433344,3.1355555555555559
2015-01-15,270,1212,412433602,2.4966666666666666
2015-01-15,270,1211,412433602,2.9454166666666666
2015-01-15,270,1211,412432068,1.3105555555555557
2015-01-15,270,1210,412432068,1.7768055555555555
2015-01-15,270,1211,412449991,5.0795833333333338
2015-01-15,270,1211,412432073,0.81388888888888888
2015-01-15,270,1212,412432073,0.71847222222222218
2015-01-15,270,1206,412449738,2.1541666666666668
2015-01-15,270,1210,412432084,1.0483333333333333
2015-01-15,270,1211,412433622,7.2683333333333344
2015-01-15,270,1212,412433622,2.38625
2015-01-15,270,1210,412433622,0.69125
2015-01-15,270,1211,412432348,8.49763888888889
2015-01-15,270,1212,412431327,1.481111111111111
2015-01-15,270,1212,412432098,2.4266666666666667
2015-01-15,270,1212,412432354,2.064861111111111
2015-01-15,270,1212,900029925,3.1629166666666668
2015-01-15,270,1211,412432104,2.0538888888888889
2015-01-15,270,1212,412432104,4.5415277777777785
2015-01-15,270,1209,333331433,8.14638888888889
2015-01-15,270,1205,800037356,1.8315277777777776
2015-01-15,270,1212,412431349,2.1330555555555555
2015-01-15,270,1211,412433397,1.3606944444444444
2015-01-15,270,1212,412433397,4.4493055555555561
2015-01-15,270,1211,412433653,0.68486111111111114
2015-01-15,270,1206,412449787,2.682638888888889
2015-01-15,270,1205,412449787,2.0515277777777774
2015-01-15,270,1212,412432637,0.66486111111111112
2015-01-15,270,1211,412432637,1.1631944444444444
2015-01-15,270,1210,412432637,0.46180555555555558
2015-01-15,270,1211,412433405,1.0170833333333333
2015-01-15,270,1206,412450045,9.6668055555555554
2015-01-15,270,1211,412432126,2.3826388888888888
2015-01-15,526,1538,273822210,5.5997222222222227
2015-01-15,526,-119,227377000,5.2840277777777782
2015-01-15,526,55,244750304,21.105277777777783
2015-01-15,526,40,244577000,1.2383333333333333
2015-01-15,526,39,244577000,1.9708333333333332
2015-01-15,526,37,244577000,0.54583333333333339
2015-01-15,526,38,244577000,2.0634722222222219
2015-01-15,782,141,276388000,0.913888888888889
2015-01-15,782,142,276388000,0.44847222222222222
2015-01-15,782,143,276388000,0.6726388888888889
2015-01-15,-498,728,635221000,0.037222222222222226
2015-01-15,-498,731,635221000,7.9052777777777781
2015-01-15,-498,730,635221000,3.2555555555555555
2015-01-15,-242,-113,263821000,1.8615277777777779
2015-01-15,-242,-112,263821000,0.31069444444444444
2015-01-15,-242,-144,224267000,1.1802777777777778
2015-01-15,-242,-136,263415290,0.8536111111111111
2015-01-15,15,-1401,440926000,5.549722222222222
2015-01-15,15,-1576,365878412,0.7352777777777777
2015-01-15,271,1212,900588290,0.5
2015-01-15,271,1211,900588290,7.6229166666666659
2015-01-15,271,1210,412433667,0.77513888888888893
2015-01-15,271,1211,412433667,2.9058333333333333
2015-01-15,271,1211,800009732,9.2884722222222216
2015-01-15,271,1208,800500743,4.8577777777777778
2015-01-15,271,1212,412432138,5.8431944444444444
2015-01-15,271,1211,412432138,4.1644444444444444
2015-01-15,271,1211,412433674,2.8005555555555555
2015-01-15,271,1210,412433674,0.93513888888888874
2015-01-15,271,1211,800400908,16.67375
2015-01-15,271,1211,900200206,11.297777777777778
2015-01-15,271,1210,900200206,1.9791666666666667
2015-01-15,271,1211,412432143,6.5954166666666669
2015-01-15,271,1208,412432144,8.8495833333333334
2015-01-15,271,1211,412432664,0.43763888888888891
2015-01-15,271,1206,900021531,4.6318055555555562
2015-01-15,271,1204,412450081,14.114444444444445
2015-01-15,271,1211,412432163,1.2069444444444444
2015-01-15,271,1212,900205608,10.950416666666667
2015-01-15,271,1211,900205608,1.2961111111111112
2015-01-15,271,1210,412433455,1.3505555555555555
2015-01-15,271,1211,412433455,7.5008333333333326
2015-01-15,271,1211,412433713,3.8533333333333335
2015-01-15,271,1212,412433971,2.2375
2015-01-15,271,1212,412432181,3.6691666666666665
2015-01-15,271,1211,412432181,0.67055555555555557
2015-01-15,271,1212,412433465,3.6029166666666668
2015-01-15,271,1211,412433465,1.8879166666666665
2015-01-15,271,1206,900019771,4.541666666666667
2015-01-15,271,1208,900003900,18.778194444444448
2015-01-15,271,1211,412432456,2.3497222222222223
2015-01-15,271,1212,412432456,5.6
2015-01-15,271,1212,412432208,0.85625
2015-01-15,271,1211,412432208,3.7294444444444448
2015-01-15,271,1211,412432209,4.6855555555555553
2015-01-15,271,1212,412432209,4.7398611111111109
2015-01-15,271,1207,800156497,3.783611111111111
2015-01-15,271,1208,800156497,0.50083333333333335
2015-01-15,271,1206,412449892,5.8827777777777781
2015-01-15,271,1211,412432229,0.6325
2015-01-15,271,1211,412433512,7.3536111111111113
2015-01-15,271,1211,412433008,18.427083333333336
2015-01-15,271,1211,412449914,0.82361111111111107
2015-01-15,271,1211,412432766,3.4208333333333334
2015-01-15,271,1212,412432766,2.8451388888888891
2015-01-15,271,1207,412449154,2.79875
2015-01-15,271,1212,800401542,2.7406944444444448
2015-01-15,271,1211,800401542,9.0425
2015-01-15,271,1210,800654478,0.25875
2015-01-15,271,1212,800654478,1.8245833333333334
2015-01-15,271,1211,800654478,1.8775
2015-01-15,271,1211,900302222,13.698194444444445
2015-01-15,271,1211,412433554,13.774305555555554
2015-01-15,271,1212,412431763,0.48652777777777778
2015-01-15,271,1211,412432282,0.87180555555555561
2015-01-15,271,1208,900030366,13.911111111111111
2015-01-15,271,1212,412432035,2.256388888888889
2015-01-15,271,1211,412432035,1.8251388888888889
2015-01-15,271,1212,412432036,11.917083333333334
2015-01-15,271,1211,412433574,12.274305555555554
2015-01-15,271,1211,412433577,1.4106944444444445
2015-01-15,271,1212,412433577,4.5588888888888892
2015-01-15,271,1212,412433578,9.8347222222222221
2015-01-15,271,1212,412431789,0.15763888888888888
2015-01-15,271,1208,412578989,3.6556944444444444
2015-01-15,271,1212,412431791,2.5886111111111112
2015-01-15,271,1212,412432047,10.661805555555555
2015-01-15,271,1211,412432047,7.6641666666666666
2015-01-15,271,1212,412432048,4.445
2015-01-15,271,1211,412432048,0.81680555555555556
2015-01-15,271,1212,412430257,7.862916666666667
2015-01-15,271,1211,412432058,7.7027777777777775
2015-01-15,271,1212,412432058,3.3979166666666667
2015-01-15,271,1207,455743165,7.7191666666666681
2015-01-15,271,1212,412432061,1.9968055555555555
2015-01-15,271,1211,412432061,6.9945833333333347
2015-01-15,271,1211,412433344,2.7993055555555557
2015-01-15,271,1212,412433344,7.0522222222222233
2015-01-15,271,1212,412433602,3.5934722222222222
2015-01-15,271,1211,412433602,6.01875
2015-01-15,271,1211,412432068,4.57375
2015-01-15,271,1212,412432068,11.553472222222217
2015-01-15,271,1211,412432073,7.946944444444445
2015-01-15,271,1212,412432073,7.2668055555555551
2015-01-15,271,1211,412433356,8.2083333333333339
2015-01-15,271,1210,412433356,1.0120833333333332
2015-01-15,271,1210,412432084,0.37638888888888888
2015-01-15,271,1206,412450007,5.8668055555555556
2015-01-15,271,1211,121000416,18.176666666666666
2015-01-15,271,1213,412432098,4.8218055555555566
2015-01-15,271,1212,412432098,12.274444444444445
2015-01-15,271,1212,900029925,2.3334722222222224
2015-01-15,271,1211,900029925,3.6415277777777777
2015-01-15,271,1211,412432104,2.2027777777777779
2015-01-15,271,1212,412431339,1.2586111111111111
2015-01-15,271,1484,416000238,3.3048611111111112
2015-01-15,271,1210,412433653,0.98055555555555562
2015-01-15,271,1211,412433653,11.686111111111108
2015-01-15,271,1208,8073718,9.8234722222222217
2015-01-15,271,1212,412432637,5.6647222222222213
2015-01-15,271,1211,412432637,1.9020833333333331
2015-01-15,271,1211,412433405,8.1618055555555564
2015-01-15,271,1212,412433405,1.9480555555555559
2015-01-15,271,1211,412432126,8.8205555555555559
2015-01-15,271,1212,412432126,5.0794444444444444
2015-01-15,527,1538,273822210,4.9231944444444444
2015-01-15,527,1547,273813100,4.963055555555556
2015-01-15,527,1538,273829310,3.3866666666666667
2015-01-15,527,1538,273449170,3.7916666666666665
2015-01-15,783,121,276388000,0.22208333333333333
2015-01-15,-497,729,635221000,3.2344444444444451
2015-01-15,-497,726,635221000,0.56513888888888886
2015-01-15,-497,728,635221000,5.2659722222222225
2015-01-15,-497,727,635221000,1.1698611111111112
2015-01-15,-241,-110,263821000,1.5990277777777779
2015-01-15,-241,-112,263821000,0.97208333333333352
2015-01-15,-241,-111,263821000,1.20125
2015-01-15,-241,-109,263821000,4.110555555555556
2015-01-15,-241,-144,224267000,1.9972222222222222
2015-01-15,-241,-136,263415290,1.3156944444444445
2015-01-15,-241,-135,263415290,0.33347222222222217
2015-01-15,16,-1401,440926000,1.5958333333333332
2015-01-15,16,-1402,440926000,11.650833333333335
2015-01-15,16,1412,432411000,4.9805555555555552
2015-01-15,16,1739,440941000,3.7448611111111112
2015-01-15,272,1211,900588290,8.3037499999999991
2015-01-15,272,1211,412433667,1.3981944444444445
2015-01-15,272,1209,800500743,11.217222222222222
2015-01-15,272,1208,800500743,2.1587500000000004
2015-01-15,272,1211,412432138,4.0415277777777785
2015-01-15,272,1206,712301068,6.2465277777777795
2015-01-15,272,1211,412432143,8.5025
2015-01-15,272,1211,412433455,0.77402777777777776
2015-01-15,272,1210,412433713,0.21430555555555558
2015-01-15,272,1211,412433713,1.8081944444444442
2015-01-15,272,1211,412432456,8.7547222222222221
2015-01-15,272,1212,412432209,0.28597222222222224
2015-01-15,272,1211,412432766,1.2969444444444445
2015-01-15,272,1208,412449154,1.2183333333333333
2015-01-15,272,1207,412449154,8.2815277777777787
2015-01-15,272,1205,801254788,2.9319444444444449
2015-01-15,272,1211,800401542,2.4033333333333333
2015-01-15,272,1211,412433554,1.7255555555555555
2015-01-15,272,1211,412433574,1.8075
2015-01-15,272,1208,412578989,0.66597222222222219
2015-01-15,272,1211,412432047,2.9687499999999996
2015-01-15,272,1212,412432047,1.872222222222222
2015-01-15,272,1211,412432048,0.95458333333333334
2015-01-15,272,1211,412432058,2.123472222222222
2015-01-15,272,1207,455743165,0.77930555555555547
2015-01-15,272,1212,412432061,2.4705555555555554
2015-01-15,272,1211,412432061,2.1506944444444445
2015-01-15,272,1210,412433344,1.2659722222222221
2015-01-15,272,1211,412433344,0.91319444444444442
2015-01-15,272,1211,412433602,1.3018055555555557
2015-01-15,272,1212,412432068,1.0319444444444443
2015-01-15,272,1211,412432073,3.046388888888889
2015-01-15,272,1211,412433356,3.9641666666666668
2015-01-15,272,1212,412432098,0.83402777777777781
2015-01-15,272,1211,900029925,1.82625
2015-01-15,272,1485,416000238,4.566527777777778
2015-01-15,272,1210,412433653,0.9901388888888889
2015-01-15,272,1211,412433653,4.3754166666666663
2015-01-15,272,1212,412432637,0.41694444444444445
2015-01-15,272,1211,412432637,0.60125000000000006
2015-01-15,272,1211,412433405,2.8440277777777778
2015-01-15,272,1212,412433405,6.384722222222222
2015-01-15,272,1212,412432126,2.2394444444444446
2015-01-15,272,1211,412432126,2.6144444444444446
2015-01-15,528,1538,273822210,6.0841666666666665
2015-01-15,528,1546,273813100,4.5416666666666661
2015-01-15,528,1547,273813100,4.8786111111111117
2015-01-15,528,1538,273829310,1.5402777777777779
2015-01-15,528,1538,273449170,2.5280555555555555
2015-01-15,528,41,244577000,0.42013888888888884
2015-01-15,784,120,276388000,0.78597222222222218
2015-01-15,784,119,276388000,2.9943055555555556
2015-01-15,784,121,276388000,1.6555555555555554
2015-01-15,-240,-71,224049860,6.4411111111111108
2015-01-15,-240,-73,224049860,1.2433333333333332
2015-01-15,-240,-69,224049860,1.1983333333333333
2015-01-15,-240,-67,224049860,5.4305555555555571
2015-01-15,-240,-72,224049860,1.0723611111111111
2015-01-15,-240,-74,224049860,1.4205555555555558
2015-01-15,-240,-75,224049860,0.67916666666666681
2015-01-15,-240,-68,224049860,1.2731944444444445
2015-01-15,-240,-70,224049860,0.88083333333333336
2015-01-15,-240,-109,263821000,0.7597222222222223
2015-01-15,-240,-146,224267000,5.8986111111111112
2015-01-15,-240,-135,263415290,0.65666666666666662
2015-01-15,17,1787,520243000,3.8294444444444444
2015-01-15,17,1415,432411000,0.16527777777777777
2015-01-15,17,1414,432411000,4.2333333333333334
2015-01-15,17,1739,440941000,4.4219444444444456
2015-01-15,17,1740,440941000,0.98152777777777778
2015-01-15,273,1211,412433667,0.45027777777777778
2015-01-15,273,1215,412450341,5.1452777777777774
2015-01-15,273,1212,412432974,0.5083333333333333
2015-01-15,273,1209,900028789,0.1438888888888889
2015-01-15,273,1211,412432048,0.64083333333333337
2015-01-15,273,1492,416000238,11.890833333333333
2015-01-15,273,1215,412450031,3.485
2015-01-15,529,1538,273822210,4.5508333333333333
2015-01-15,529,-1434,367109910,0.70277777777777772
2015-01-15,529,48,245150000,1.963611111111111
2015-01-15,529,1546,273813100,6.9795833333333324
2015-01-15,529,1539,273829310,6.3768055555555563
2015-01-15,529,1538,273829310,4.5159722222222225
2015-01-15,529,1539,273449170,3.7583333333333333
2015-01-15,-239,-135,263415290,0.82180555555555568
2015-01-15,-239,-136,263415290,1.9870833333333333
2015-01-15,18,1416,432411000,1.4322222222222223
2015-01-15,18,1418,432411000,0.64180555555555552
2015-01-15,18,1417,432411000,1.4247222222222224
2015-01-15,18,1415,432411000,1.1163888888888889
2015-01-15,18,1778,440624000,6.5676388888888892
2015-01-15,18,1775,440624000,11.07625
2015-01-15,18,-1410,440792000,0.23319444444444445
2015-01-15,18,1740,440941000,2.0706944444444444
2015-01-15,18,1457,432845000,3.9926388888888891
2015-01-15,18,1686,538060006,1.9190277777777776
2015-01-15,274,1209,412433925,4.1605555555555558
2015-01-15,274,1208,412433925,5.5344444444444445
2015-01-15,274,1211,413001486,11.539305555555556
2015-01-15,274,1216,412433436,2.3323611111111111
2015-01-15,274,1215,412450341,4.2252777777777775
2015-01-15,274,1210,412432944,0.36208333333333331
2015-01-15,274,1209,412433465,0.31166666666666665
2015-01-15,274,1212,412415298,7.2961111111111112
2015-01-15,274,1217,412416882,1.2898611111111111
2015-01-15,274,1214,412430712,1.1748611111111111
2015-01-15,274,1207,801254788,2.0012499999999998
2015-01-15,274,1213,412433307,8.46125
2015-01-15,274,1208,412431551,17.115555555555556
2015-01-15,274,1215,412433091,0.56708333333333338
2015-01-15,274,1214,200008653,8.4338888888888874
2015-01-15,274,1216,412433105,0.96319444444444446
2015-01-15,274,1217,412433105,0.86569444444444454
2015-01-15,274,1214,412450031,0.3
2015-01-15,274,1215,412450031,1.0348611111111112
2015-01-15,274,1216,412432115,0.096527777777777782
2015-01-15,274,1215,333304569,7.8270833333333325
2015-01-15,530,-1293,316023833,8.31888888888889
2015-01-15,530,-1294,316023833,9.5615277777777781
2015-01-15,530,48,245150000,7.1173611111111121
2015-01-15,530,51,244646000,1.0265277777777777
2015-01-15,530,48,244358000,5.8474999999999993
2015-01-15,530,51,246030000,2.4606944444444445
2015-01-15,530,50,246030000,0.43583333333333335
2015-01-15,530,52,246030000,7.9433333333333334
2015-01-15,530,1539,273829310,4.5697222222222225
2015-01-15,530,1539,273449170,7.1111111111111107
2015-01-15,530,-1293,316012260,11.824305555555556
2015-01-15,530,-1294,316012260,8.1116666666666681
2015-01-15,-238,-136,263415290,0.8240277777777778
2015-01-15,-238,-135,263415290,0.75861111111111112
2015-01-15,19,1750,441084000,1.6194444444444445
2015-01-15,19,1751,441084000,5.5170833333333338
2015-01-15,19,1418,432411000,0.99152777777777779
2015-01-15,19,-1410,440792000,1.5291666666666666
2015-01-15,19,-1409,440792000,5.2091666666666665
2015-01-15,19,1741,440941000,7.7158333333333324
2015-01-15,19,1457,432845000,10.012361111111112
2015-01-15,19,1686,538060006,1.8373611111111112
2015-01-15,19,1687,538060006,3.1791666666666671
2015-01-15,275,1209,400000022,1.0544444444444445
2015-01-15,275,1216,412433436,1.4205555555555556
2015-01-15,275,1217,412433436,3.4063888888888889
2015-01-15,275,1214,412450341,7.9998611111111124
2015-01-15,275,1210,412432944,5.14
2015-01-15,275,1214,200006222,1.6756944444444444
2015-01-15,275,1217,412416882,4.5236111111111112
2015-01-15,275,1215,412449655,2.3672222222222219
2015-01-15,275,1214,412430712,1.8166666666666667
2015-01-15,275,1215,412415355,4.6398611111111112
2015-01-15,275,1216,412415355,7.9844444444444447
2015-01-15,275,1217,412433561,4.9163888888888891
2015-01-15,275,1215,412449946,2.4463888888888885
2015-01-15,275,1215,412450461,8.0493055555555557
2015-01-15,275,1209,412452525,1.4420833333333336
2015-01-15,275,1215,412414649,8.46361111111111
2015-01-15,275,1216,412414649,1.600972222222222
2015-01-15,275,1214,412433091,0.83180555555555569
2015-01-15,275,1216,412418506,2.6158333333333332
2015-01-15,275,1214,412433105,0.8997222222222222
2015-01-15,275,1217,412433105,3.8002777777777776
2015-01-15,275,1216,412433105,1.2583333333333333
2015-01-15,275,1215,412433105,1.1231944444444444
2015-01-15,275,1214,412432088,1.2381944444444446
2015-01-15,275,1216,412432088,4.2793055555555561
2015-01-15,275,1213,412432088,0.49055555555555558
2015-01-15,275,1217,412432088,4.4459722222222222
2015-01-15,275,1214,412450031,13.749583333333332
2015-01-15,275,1214,412432115,0.91291666666666671
2015-01-15,275,1213,412432115,0.72
2015-01-15,275,1217,412419325,6.1327777777777781
2015-01-15,531,53,244586000,0.4301388888888889
2015-01-15,531,-1294,316023833,3.3069444444444445
2015-01-15,531,52,246030000,1.0004166666666667
2015-01-15,531,1540,273449170,3.6193055555555551
2015-01-15,531,-1294,316012260,0.56208333333333338
2015-01-15,-493,1686,512236000,0.93166666666666675
2015-01-15,-493,1687,512236000,0.97666666666666657
2015-01-15,-493,1688,512236000,6.024861111111111
2015-01-15,-237,-204,224342000,5.894166666666667
2015-01-15,-237,-135,263415290,2.6541666666666663
2015-01-15,-237,-136,263415290,0.907638888888889
2015-01-15,20,1754,440704000,4.4819444444444452
2015-01-15,20,1755,440704000,6.7073611111111129
2015-01-15,20,1750,441084000,1.2929166666666667
2015-01-15,20,1749,441084000,2.8781944444444441
2015-01-15,20,-1410,440792000,3.0513888888888885
2015-01-15,20,-1517,431500530,0.88305555555555548
2015-01-15,20,-1516,431500530,3.742777777777778
2015-01-15,276,1212,412430854,4.5084722222222231
2015-01-15,276,1210,400000022,2.6200000000000006
2015-01-15,276,1209,400000022,1.4668055555555557
2015-01-15,276,1217,412488988,5.3168055555555558
2015-01-15,276,1217,412417063,8.4327777777777779
2015-01-15,276,-1149,345904997,6.3283333333333331
2015-01-15,276,1217,412416881,13.017916666666665
2015-01-15,276,1211,412956789,2.7047222222222222
2015-01-15,276,1214,412430712,2.1541666666666668
2015-01-15,276,1217,412433561,1.6401388888888888
2015-01-15,276,1209,412452525,3.3858333333333337
2015-01-15,276,1217,412432063,4.2426388888888891
2015-01-15,276,1217,412418506,8.4902777777777771
2015-01-15,276,1210,412482789,4.6322222222222225
2015-01-15,276,1209,412482789,9.1406944444444438
2015-01-15,276,1217,412419325,3.1843055555555555
2015-01-15,-492,1685,512236000,1.4252777777777779
2015-01-15,-492,1686,512236000,0.3125
2015-01-15,-236,372,432463000,3.7209722222222226
2015-01-15,-236,373,432463000,0.36819444444444444
2015-01-15,-236,368,432463000,4.4666666666666686
2015-01-15,-236,367,432463000,3.045694444444444
2015-01-15,-236,-206,224342000,1.6555555555555554
2015-01-15,-236,-136,263415290,1.0643055555555556
2015-01-15,-236,-135,263415290,1.7305555555555554
2015-01-15,21,1754,440704000,2.1136111111111111
2015-01-15,21,1755,440704000,0.62444444444444436
2015-01-15,21,1759,440584000,0.16541666666666666
2015-01-15,21,1762,440584000,5.5172222222222222
2015-01-15,21,1761,440584000,1.535
2015-01-15,21,1760,440584000,1.9677777777777774
2015-01-15,21,1757,440765000,10.994861111111112
2015-01-15,21,1749,441084000,3.7151388888888888
2015-01-15,21,1752,440623000,11.655972222222221
2015-01-15,21,1577,416222700,5.8715277777777777
2015-01-15,21,-1516,431500530,5.2316666666666682
2015-01-15,21,-1518,431500530,3.5594444444444444
2015-01-15,21,-1517,431500530,0.48194444444444445
2015-01-15,277,1213,412430859,2.4525
2015-01-15,277,1212,412430859,0.25875000000000004
2015-01-15,277,1219,412414741,5.1154166666666665
2015-01-15,277,1220,413757979,2.3990277777777775
2015-01-15,277,1219,412414757,6.6241666666666665
2015-01-15,277,1218,412414757,2.6177777777777775
2015-01-15,277,1219,412430638,3.765
2015-01-15,277,1219,412419392,11.875972222222222
2015-01-15,277,1219,552422474,7.6713888888888881
2015-01-15,277,1216,412416079,0.30819444444444444
2015-01-15,277,1219,412415831,8.175416666666667
2015-01-15,277,1211,412956789,2.9247222222222224
2015-01-15,277,1211,412415889,0.63347222222222221
2015-01-15,277,1219,412411801,8.212361111111111
2015-01-15,277,1212,412450461,1.100138888888889
2015-01-15,277,1218,412414648,5.4240277777777761
2015-01-15,277,1219,412414648,3.7991666666666659
2015-01-15,277,1220,412432063,1.655
2015-01-15,277,1219,412488900,8.3045833333333334
2015-01-15,277,1212,412430788,4.1559722222222222
2015-01-15,277,1219,412414675,11.825277777777778
2015-01-15,277,1219,412414676,21.759305555555557
2015-01-15,277,1211,412430806,14.158333333333337
2015-01-15,277,1213,412430807,1.4986111111111111
2015-01-15,277,1219,412441309,10.618194444444445
2015-01-15,277,1213,412430816,2.6591666666666667
2015-01-15,277,1212,412430831,5.5733333333333333
2015-01-15,277,1210,412430833,2.9588888888888891
2015-01-15,277,1212,412430839,3.9045833333333326
2015-01-15,277,1217,412410871,4.3997222222222225
2015-01-15,277,1213,412430841,2.6055555555555556
2015-01-15,533,53,245248000,8.60736111111111
2015-01-15,533,52,246623000,6.491944444444445
2015-01-15,533,-1668,367565680,4.5375
2015-01-15,533,-1667,367565680,2.6252777777777778
2015-01-15,533,-1666,367565680,2.2538888888888886
2015-01-15,533,54,244644000,4.7726388888888884
2015-01-15,533,53,244718000,5.7606944444444457
2015-01-15,-491,1687,512236000,1.7670833333333333
2015-01-15,-491,1685,512236000,0.90847222222222213
2015-01-15,-235,1515,503125800,0.32930555555555557
2015-01-15,-235,373,432463000,0.43875
2015-01-15,-235,368,432463000,0.40402777777777776
2015-01-15,-235,369,432463000,0.76944444444444438
2015-01-15,-235,370,432463000,0.34986111111111107
2015-01-15,-235,372,432463000,3.3070833333333329
2015-01-15,-235,-206,224342000,1.2665277777777777
2015-01-15,-235,-136,263415290,0.74444444444444446
2015-01-15,-235,-135,263415290,1.1877777777777776
2015-01-15,22,1754,440704000,1.7204166666666669
2015-01-15,22,1759,440584000,5.3905555555555553
2015-01-15,22,1757,440765000,12.43125
2015-01-15,22,1749,441084000,4.2343055555555553
2015-01-15,22,-1410,440792000,3.1540277777777774
2015-01-15,22,-1413,440792000,2.2329166666666667
2015-01-15,22,-1412,440792000,2.1776388888888891
2015-01-15,22,-1411,440792000,1.6677777777777778
2015-01-15,22,1576,416222700,1.0219444444444443
2015-01-15,22,1575,416222700,10.658333333333333
2015-01-15,22,1577,416222700,0.37569444444444444
2015-01-15,22,-1518,431500530,0.13333333333333333
2015-01-15,22,-1517,431500530,1.5237499999999997
2015-01-15,278,1214,412416009,1.8641666666666667
2015-01-15,278,1213,412430859,1.0466666666666669
2015-01-15,278,1219,412414757,10.316805555555556
2015-01-15,278,1218,412450096,22.2025
2015-01-15,278,1218,200006453,3.1168055555555556
2015-01-15,278,1219,412414783,7.3590277777777784
2015-01-15,278,1223,412433219,0.67138888888888881
2015-01-15,278,1219,412417098,2.5373611111111112
2015-01-15,278,1218,412418635,3.7023611111111112
2015-01-15,278,1217,412416079,0.23444444444444446
2015-01-15,278,1220,412416348,5.2270833333333329
2015-01-15,278,1216,412413026,12.600694444444445
2015-01-15,278,1217,412413026,5.41888888888889
2015-01-15,278,1218,412417131,12.300972222222223
2015-01-15,278,1219,412412529,10.257361111111111
2015-01-15,278,1218,412442741,3.1294444444444447
2015-01-15,278,1219,412415609,19.657361111111111
2015-01-15,278,1219,412419465,11.307777777777778
2015-01-15,278,1218,412433559,0.60972222222222228
2015-01-15,278,1219,412411803,7.1719444444444438
2015-01-15,278,1222,412419759,10.787777777777777
2015-01-15,278,1218,412414648,8.30402777777778
2015-01-15,278,1219,412414648,2.285
2015-01-15,278,1220,412432063,1.5509722222222222
2015-01-15,278,1212,412430791,3.8601388888888888
2015-01-15,278,1220,412002000,6.7486111111111109
2015-01-15,278,1219,413080017,8.6244444444444444
2015-01-15,278,1212,412430813,11.658194444444444
2015-01-15,278,1213,412430813,1.7333333333333334
2015-01-15,278,1219,412416479,0.67972222222222223
2015-01-15,278,1213,412430816,11.291944444444445
2015-01-15,278,1212,412431584,3.5708333333333342
2015-01-15,278,1213,412431584,3.6068055555555558
2015-01-15,278,1223,412432106,0.93361111111111117
2015-01-15,278,1220,412416235,0.61777777777777776
2015-01-15,278,1222,412419063,11.790277777777778
2015-01-15,278,1211,412430839,9.755
2015-01-15,278,1217,412410871,5.1404166666666669
2015-01-15,278,1216,412410871,12.238055555555555
2015-01-15,278,1213,412430841,0.41569444444444442
2015-01-15,278,1219,413577211,6.9669444444444446
2015-01-15,534,58,219271000,2.0375
2015-01-15,534,57,219271000,2.0420833333333337
2015-01-15,534,56,205532000,1.4322222222222223
2015-01-15,534,57,205532000,2.8705555555555549
2015-01-15,-490,1687,512236000,5.5872222222222225
2015-01-15,-234,1516,503125800,0.475
2015-01-15,-234,-205,224342000,1.4015277777777779
2015-01-15,-234,-204,224342000,1.4955555555555557
2015-01-15,-234,-206,224342000,0.26611111111111113
2015-01-15,-234,-203,224342000,0.98499999999999988
2015-01-15,23,1754,440704000,2.9604166666666667
2015-01-15,23,1766,440809000,5.7745833333333332
2015-01-15,23,1758,440584000,3.1284722222222223
2015-01-15,23,1759,440584000,1.11125
2015-01-15,23,1754,440623000,6.5906944444444449
2015-01-15,23,1753,440623000,5.8019444444444446
2015-01-15,279,1214,412416009,2.5273611111111109
2015-01-15,279,1213,412416009,2.9995833333333333
2015-01-15,279,1219,412432147,0.32305555555555554
2015-01-15,279,1225,412433429,0.74097222222222225
2015-01-15,279,1219,412432919,0.60819444444444448
2015-01-15,279,1217,200006453,0.38333333333333336
2015-01-15,279,1218,200006453,5.0715277777777779
2015-01-15,279,1217,412449857,4.69625
2015-01-15,279,1218,412449857,1.108888888888889
2015-01-15,279,1218,412449858,4.149861111111111
2015-01-15,279,1217,412449858,2.07125
2015-01-15,279,1223,412433219,1.994861111111111
2015-01-15,279,1219,552422474,3.4262499999999996
2015-01-15,279,1219,412417098,7.0681944444444449
2015-01-15,279,1218,412418635,2.9641666666666664
2015-01-15,279,1220,412416348,11.688888888888886
2015-01-15,279,1220,412412529,2.63
2015-01-15,279,1219,412412529,2.0748611111111113
2015-01-15,279,1217,412442741,1.5502777777777776
2015-01-15,279,1218,412442741,5.3461111111111119
2015-01-15,279,1219,412419465,6.6315277777777784
2015-01-15,279,1217,412415374,2.4331944444444447
2015-01-15,279,1218,412415374,2.8754166666666667
2015-01-15,279,1218,412450447,4.8006944444444448
2015-01-15,279,1217,412450447,2.2998611111111114
2015-01-15,279,1222,412432784,0.40013888888888888
2015-01-15,279,1219,412433561,0.43319444444444444
2015-01-15,279,1220,412433309,7.2843055555555551
2015-01-15,279,1221,412433309,1.9905555555555554
2015-01-15,279,1222,412433309,2.3337499999999998
2015-01-15,279,1220,412854447,0.29083333333333333
2015-01-15,279,1220,412108467,9.5634722222222219
2015-01-15,279,1219,412432057,1.1743055555555557
2015-01-15,279,1218,423445444,4.11125
2015-01-15,279,1219,412416964,1.5923611111111113
2015-01-15,279,1224,412417222,2.3177777777777777
2015-01-15,279,1220,412002000,0.945138888888889
2015-01-15,279,1219,413080017,10.732777777777779
2015-01-15,279,1225,412432091,0.57347222222222227
2015-01-15,279,1218,412416479,2.275
2015-01-15,279,1219,412416479,1.0372222222222223
2015-01-15,279,1225,412432101,0.22222222222222221
2015-01-15,279,1211,412433893,4.08
2015-01-15,279,1223,412432106,1.3581944444444445
2015-01-15,279,1220,412418033,4.7094444444444443
2015-01-15,279,1224,412416511,5.3456944444444439
2015-01-15,535,-115,227275010,9.0833333333333339
2015-01-15,535,-117,227275010,8.77375
2015-01-15,535,60,245341000,0.41083333333333333
2015-01-15,535,59,245341000,1.637361111111111
2015-01-15,535,57,245341000,1.0369444444444444
2015-01-15,535,56,245341000,0.40166666666666667
2015-01-15,535,58,245341000,1.223611111111111
2015-01-15,535,58,219271000,3.972083333333333
2015-01-15,535,57,219271000,7.8134722222222228
2015-01-15,535,57,205532000,4.5305555555555559
2015-01-15,535,58,205532000,0.2013888888888889
2015-01-15,535,55,205532000,4.2019444444444449
2015-01-15,535,56,205532000,8.2268055555555577
2015-01-15,-489,1672,325277000,3.4676388888888887
2015-01-15,-489,1673,325277000,0.35805555555555557
2015-01-15,-489,1668,512411000,0.83194444444444449
2015-01-15,-489,1669,512411000,5.2472222222222227
2015-01-15,-489,1670,512411000,3.6831944444444442
2015-01-15,-489,1673,272323000,0.51888888888888884
2015-01-15,-489,1672,272323000,4.0611111111111109
2015-01-15,-233,-203,224342000,3.5347222222222223
2015-01-15,-233,-202,224342000,2.8569444444444447
2015-01-15,24,1766,440809000,6.6075
2015-01-15,24,1765,440809000,5.78861111111111
2015-01-15,24,1794,440935000,0.71902777777777782
2015-01-15,24,1796,440935000,6.5219444444444452
2015-01-15,24,1795,440935000,1.2805555555555554
2015-01-15,24,1793,440935000,3.8358333333333334
2015-01-15,24,1756,440987000,4.431805555555556
2015-01-15,280,1225,412433429,1.9093055555555554
2015-01-15,280,1225,412433685,0.71027777777777779
2015-01-15,280,1224,412419116,5.5088888888888885
2015-01-15,280,1224,412419376,8.7619444444444436
2015-01-15,280,1218,200006453,9.3512500000000021
2015-01-15,280,1223,412418618,2.0740277777777774
2015-01-15,280,1220,200005695,12.229583333333334
2015-01-15,280,1218,412449857,8.4811111111111117
2015-01-15,280,1218,412449858,9.6501388888888915
2015-01-15,280,1223,412433219,1.5877777777777777
2015-01-15,280,1225,412435012,4.1419444444444444
2015-01-15,280,1223,412438097,3.538472222222222
2015-01-15,280,1225,412435796,3.3329166666666667
2015-01-15,280,1224,412417115,6.9654166666666661
2015-01-15,280,1223,412419421,6.3211111111111107
2015-01-15,280,1223,412416102,4.9733333333333327
2015-01-15,280,1224,412416618,2.7313888888888886
2015-01-15,280,1216,412417133,2.1479166666666667
2015-01-15,280,1224,412416878,7.9702777777777776
2015-01-15,280,1220,412412529,5.3065277777777782
2015-01-15,280,1218,412442741,9.0248611111111146
2015-01-15,280,1223,200003962,3.9315277777777782
2015-01-15,280,1223,412414331,2.9440277777777775
2015-01-15,280,1222,412414331,0.35791666666666666
2015-01-15,280,1224,412419196,13.257638888888888
2015-01-15,280,1223,412416896,3.2802777777777776
2015-01-15,280,1224,412418692,12.599861111111114
2015-01-15,280,1217,412042117,0.19597222222222221
2015-01-15,280,1216,412042117,1.3881944444444443
2015-01-15,280,1219,412419465,3.0662499999999997
2015-01-15,280,1218,412450447,7.2247222222222209
2015-01-15,280,1222,412432784,11.520694444444443
2015-01-15,280,1223,412432784,1.278888888888889
2015-01-15,280,1224,412417427,13.164166666666667
2015-01-15,280,1223,412433557,0.84958333333333336
2015-01-15,280,1222,412433557,0.67486111111111113
2015-01-15,280,1222,412433309,1.3544444444444443
2015-01-15,280,1223,412433309,0.97916666666666652
2015-01-15,280,1221,412418724,0.14291666666666666
2015-01-15,280,1219,412416172,2.0738888888888889
2015-01-15,280,1219,412108467,0.34833333333333338
2015-01-15,280,1220,412108467,0.3175
2015-01-15,280,1223,412432063,2.4740277777777777
2015-01-15,280,1222,412432063,2.9506944444444443
2015-01-15,280,1218,423445444,11.465416666666666
2015-01-15,280,1224,412417222,12.295138888888889
2015-01-15,280,1223,412418508,5.00875
2015-01-15,280,1225,412435157,9.2068055555555546
2015-01-15,280,1224,412432091,1.175
2015-01-15,280,1225,412432091,0.37569444444444444
2015-01-15,280,1218,412416479,1.2833333333333332
2015-01-15,280,1225,412432101,1.9043055555555557
2015-01-15,280,1223,412432106,1.9088888888888889
2015-01-15,280,1222,412433391,6.745972222222222
2015-01-15,280,1222,412416244,2.7526388888888889
2015-01-15,280,1219,413577211,1.401388888888889
2015-01-15,280,1220,413577211,1.4540277777777777
2015-01-15,280,1223,412416511,3.5875000000000004
2015-01-15,-488,1674,325277000,1.6526388888888885
2015-01-15,-488,1673,325277000,0.91250000000000009
2015-01-15,-488,1672,512411000,1.4233333333333333
2015-01-15,-488,1674,512411000,1.5587499999999999
2015-01-15,-488,1671,512411000,1.5475000000000003
2015-01-15,-488,1673,512411000,0.6843055555555555
2015-01-15,-488,1670,512411000,0.49611111111111111
2015-01-15,-488,1673,272323000,0.69277777777777771
2015-01-15,-488,1674,272323000,0.93208333333333337
2015-01-15,-232,375,431602690,10.40388888888889
2015-01-15,-232,372,431602690,1.037638888888889
2015-01-15,-232,373,431602690,0.49166666666666664
2015-01-15,-232,374,431602690,6.8541666666666679
2015-01-15,-232,371,431602690,0.72513888888888889
2015-01-15,25,1765,440809000,5.2509722222222219
2015-01-15,25,1794,440935000,1.7615277777777776
2015-01-15,25,1756,440987000,1.6597222222222219
2015-01-15,25,1755,440504000,6.3591666666666677
2015-01-15,25,1756,440504000,1.899861111111111
2015-01-15,25,1757,440055000,1.773611111111111
2015-01-15,281,1225,413412098,0.33291666666666664
2015-01-15,281,1223,412418309,4.5370833333333334
2015-01-15,281,1223,200005381,0.62861111111111112
2015-01-15,281,1224,200005381,10.501249999999999
2015-01-15,281,1223,412417039,4.1502777777777773
2015-01-15,281,1224,412417041,1.0911111111111111
2015-01-15,281,1225,412433429,0.88
2015-01-15,281,1225,412433685,2.2277777777777779
2015-01-15,281,1224,412433685,0.23777777777777778
2015-01-15,281,1223,412419352,5.0912500000000005
2015-01-15,281,1223,412416286,5.364583333333333
2015-01-15,281,1224,412416542,10.843055555555557
2015-01-15,281,1216,900268583,4.6365277777777782
2015-01-15,281,1219,412413992,5.7266666666666666
2015-01-15,281,1224,412419116,10.518194444444443
2015-01-15,281,1223,412416812,8.13486111111111
2015-01-15,281,1224,412419376,11.363611111111108
2015-01-15,281,1211,412434226,0.30055555555555558
2015-01-15,281,1223,412416053,4.2144444444444442
2015-01-15,281,1223,412418614,5.8181944444444449
2015-01-15,281,1224,412417591,2.46125
2015-01-15,281,1223,412417591,5.4826388888888893
2015-01-15,281,1218,412416057,1.316527777777778
2015-01-15,281,1216,412416057,0.56263888888888891
2015-01-15,281,1223,412418875,1.6504166666666666
2015-01-15,281,1223,412433219,0.52194444444444443
2015-01-15,281,1225,412435012,2.3956944444444446
2015-01-15,281,1223,412418638,5.1736111111111107
2015-01-15,281,1223,412419407,5.2084722222222224
2015-01-15,281,1223,412438097,2.1590277777777778
2015-01-15,281,1225,412435796,1.7919444444444443
2015-01-15,281,1211,412434262,0.2
2015-01-15,281,1221,412415064,22.257361111111113
2015-01-15,281,1218,412417368,1.1176388888888888
2015-01-15,281,1224,412417115,11.575
2015-01-15,281,1224,412419421,5.1829166666666655
2015-01-15,281,1223,412419421,4.3291666666666666
2015-01-15,281,1223,412418144,7.3519444444444444
2015-01-15,281,1223,412416864,0.57486111111111116
2015-01-15,281,1223,412418916,1.0951388888888891
2015-01-15,281,1224,412418916,3.4437499999999996
2015-01-15,281,1223,412416102,4.3793055555555558
2015-01-15,281,1222,412415081,15.798749999999998
2015-01-15,281,1224,412416618,12.317916666666669
2015-01-15,281,1224,412416878,13.71597222222222
2015-01-15,281,1223,412413044,0.13347222222222221
2015-01-15,281,1222,412415095,17.557083333333335
2015-01-15,281,1223,200003962,2.0552777777777775
2015-01-15,281,1223,412414331,7.4511111111111115
2015-01-15,281,1224,412419196,7.881388888888889
2015-01-15,281,1221,412419453,13.905555555555555
2015-01-15,281,1223,412416894,4.7631944444444452
2015-01-15,281,1223,412419712,4.0980555555555549
2015-01-15,281,1224,412418692,9.5156944444444456
2015-01-15,281,1215,412678790,1.4033333333333333
2015-01-15,281,1214,412678790,3.5830555555555557
2015-01-15,281,1223,412432784,1.7787499999999998
2015-01-15,281,1224,412417427,7.8786111111111108
2015-01-15,281,1223,412433557,1.9641666666666666
2015-01-15,281,1223,412417431,3.3168055555555558
2015-01-15,281,1223,412433309,1.3576388888888891
2015-01-15,281,1216,412438942,0.26666666666666672
2015-01-15,281,1225,412435619,11.88111111111111
2015-01-15,281,1224,412417705,5.3956944444444446
2015-01-15,281,1223,412417705,3.04625
2015-01-15,281,1223,412419754,4.5329166666666669
2015-01-15,281,1223,412417706,7.1593055555555551
2015-01-15,281,1224,412417706,4.46986111111111
2015-01-15,281,1216,412438703,0.38652777777777775
2015-01-15,281,1224,412433584,0.24111111111111111
2015-01-15,281,1224,412417459,0.36652777777777779
2015-01-15,281,1221,412416438,12.990555555555554
2015-01-15,281,1223,412417718,5.0747222222222224
2015-01-15,281,1223,412418999,1.100138888888889
2015-01-15,281,1224,412432312,5.1254166666666663
2015-01-15,281,1223,412417722,4.6170833333333334
2015-01-15,281,1223,412432063,6.1013888888888888
2015-01-15,281,1223,200007615,5.5123611111111117
2015-01-15,281,1228,412418241,0.37402777777777779
2015-01-15,281,1224,412417222,2.0413888888888891
2015-01-15,281,1223,412411847,3.4586111111111109
2015-01-15,281,1223,412411848,10.093611111111112
2015-01-15,281,1223,412418508,2.375
2015-01-15,281,1219,412668877,1.0533333333333335
2015-01-15,281,1224,412417744,2.0625
2015-01-15,281,1223,412417744,1.1591666666666667
2015-01-15,281,1224,412418772,3.1333333333333333
2015-01-15,281,1225,412435157,2.3836111111111111
2015-01-15,281,1223,412419034,5.0075
2015-01-15,281,1224,412432091,0.62097222222222226
2015-01-15,281,1225,412432101,1.111388888888889
2015-01-15,281,1223,412418021,8.2026388888888881
2015-01-15,281,1225,412416742,0.80611111111111111
2015-01-15,281,1223,412417513,4.1430555555555557
2015-01-15,281,1221,200005866,16.384861111111114
2015-01-15,281,1223,412416747,4.3744444444444444
2015-01-15,281,1224,412417773,1.6427777777777779
2015-01-15,281,1223,412433391,4.5552777777777784
2015-01-15,281,1223,412422388,19.960694444444449
2015-01-15,281,1223,412417781,4.9840277777777784
2015-01-15,281,1223,200000247,10.384027777777778
2015-01-15,-231,370,431602690,1.9748611111111112
2015-01-15,-231,371,431602690,0.86236111111111113
2015-01-15,-231,-122,224084640,0.624861111111111
2015-01-15,-231,-120,224084640,2.2581944444444444
2015-01-15,-231,-121,224084640,0.93736111111111109
2015-01-15,26,1794,440935000,4.1905555555555551
2015-01-15,26,1757,440987000,1.3656944444444443
2015-01-15,26,1756,440987000,0.44555555555555554
2015-01-15,26,1755,440504000,5.67888888888889
2015-01-15,26,1756,440504000,1.1755555555555555
2015-01-15,26,1757,440055000,0.56652777777777774
2015-01-15,26,1758,440055000,0.8405555555555555
2015-01-15,26,1038,533190643,9.37125
2015-01-15,26,1039,533190643,1.2054166666666666
2015-01-15,282,1219,412413953,8.0244444444444429
2015-01-15,282,1219,412413954,9.50138888888889
2015-01-15,282,1223,412418052,7.3994444444444447
2015-01-15,282,1221,412418309,0.21041666666666667
2015-01-15,282,1223,412418309,8.4916666666666671
2015-01-15,282,1224,200005381,4.403888888888889
2015-01-15,282,1223,200005381,6.0056944444444449
2015-01-15,282,1219,412410118,2.3187499999999996
2015-01-15,282,1217,121000711,7.3455555555555554
2015-01-15,282,1219,412413965,8.7708333333333339
2015-01-15,282,1223,412417039,8.4515277777777769
2015-01-15,282,1223,423210000,4.2173611111111118
2015-01-15,282,1224,412416273,6.4505555555555549
2015-01-15,282,1224,412417041,3.2004166666666665
2015-01-15,282,1219,412432147,0.62902777777777774
2015-01-15,282,1223,412419352,6.8198611111111118
2015-01-15,282,1216,412435996,0.22819444444444445
2015-01-15,282,1215,412435996,0.32208333333333333
2015-01-15,282,1223,412416286,6.7595833333333335
2015-01-15,282,1224,412416542,5.5304166666666665
2015-01-15,282,1223,412416542,5.2580555555555559
2015-01-15,282,1223,423220000,4.6229166666666668
2015-01-15,282,1224,412416546,1.1005555555555555
2015-01-15,282,1223,412416546,13.440694444444444
2015-01-15,282,1215,412421413,0.60708333333333342
2015-01-15,282,1219,412413992,3.4004166666666662
2015-01-15,282,1224,412419116,4.3731944444444437
2015-01-15,282,1223,412416812,2.721111111111111
2015-01-15,282,1224,412419376,1.3456944444444445
2015-01-15,282,1211,412434226,3.3243055555555556
2015-01-15,282,1223,412416053,7.4418055555555567
2015-01-15,282,1222,412418614,0.28374999999999995
2015-01-15,282,1223,412418614,8.9270833333333339
2015-01-15,282,1223,412417591,2.907083333333333
2015-01-15,282,1223,412418618,5.4002777777777773
2015-01-15,282,1223,412418875,6.23875
2015-01-15,282,1223,412417855,15.684027777777779
2015-01-15,282,1217,412418625,4.5302777777777772
2015-01-15,282,1225,412435012,1.9997222222222222
2015-01-15,282,1223,412418638,8.5780555555555544
2015-01-15,282,1215,412439118,0.38861111111111113
2015-01-15,282,1223,412419407,8.3994444444444447
2015-01-15,282,1223,412438097,2.0648611111111115
2015-01-15,282,1223,412416849,14.815972222222221
2015-01-15,282,1225,412435796,2.5734722222222222
2015-01-15,282,1211,412434262,3.0672222222222225
2015-01-15,282,1224,412417115,3.5006944444444446
2015-01-15,282,1224,412419421,1.0169444444444444
2015-01-15,282,1223,412419421,4.0819444444444439
2015-01-15,282,1223,412417373,4.9075
2015-01-15,282,1225,412435806,1.0591666666666666
2015-01-15,282,1223,412418144,13.882222222222223
2015-01-15,282,1223,412416864,8.4683333333333337
2015-01-15,282,1221,412410465,7.793333333333333
2015-01-15,282,1223,412418916,2.9981944444444446
2015-01-15,282,1224,412418916,3.7783333333333333
2015-01-15,282,1223,412416869,14.549444444444445
2015-01-15,282,1223,412416102,2.1423611111111112
2015-01-15,282,1222,412415081,5.5234722222222228
2015-01-15,282,1224,412416618,3.0033333333333339
2015-01-15,282,1223,412413044,7.9061111111111106
2015-01-15,282,1217,200008821,4.2344444444444447
2015-01-15,282,1222,412415095,4.7438888888888888
2015-01-15,282,1223,200003962,2.0677777777777777
2015-01-15,282,1223,412414331,5.4286111111111115
2015-01-15,282,1223,412419712,3.3512500000000003
2015-01-15,282,1224,412419712,4.7518055555555554
2015-01-15,282,1223,412418183,14.674305555555556
2015-01-15,282,1224,412418442,3.841388888888889
2015-01-15,282,1216,900016785,2.6447222222222222
2015-01-15,282,1216,412438675,2.5834722222222219
2015-01-15,282,1215,412438675,1.5476388888888888
2015-01-15,282,1223,412417683,3.3836111111111116
2015-01-15,282,1224,412417683,6.4233333333333329
2015-01-15,282,1223,412433557,1.3047222222222223
2015-01-15,282,1219,412433559,0.55055555555555558
2015-01-15,282,1223,412417431,3.1744444444444442
2015-01-15,282,1220,412433309,0.77916666666666656
2015-01-15,282,1218,412418722,0.51847222222222222
2015-01-15,282,1223,412418722,12.689583333333333
2015-01-15,282,1221,412418722,3.233888888888889
2015-01-15,282,1216,111203746,0.3684722222222222
2015-01-15,282,1217,111203746,0.6497222222222222
2015-01-15,282,1225,412435619,2.8038888888888889
2015-01-15,282,1224,412418473,9.24527777777778
2015-01-15,282,1223,412417705,2.0576388888888886
2015-01-15,282,1223,412417706,7.43
2015-01-15,282,1219,412432303,0.69930555555555562
2015-01-15,282,1221,412416438,6.2323611111111115
2015-01-15,282,1223,412418999,11.165833333333333
2015-01-15,282,1223,425856696,6.7011111111111115
2015-01-15,282,1224,412432312,1.5159722222222223
2015-01-15,282,1223,412432312,0.14333333333333331
2015-01-15,282,1225,412432569,1.4019444444444444
2015-01-15,282,1223,412432063,0.26708333333333334
2015-01-15,282,1223,200007615,12.631388888888889
2015-01-15,282,1228,412418241,3.1744444444444442
2015-01-15,282,1223,412411847,5.9880555555555564
2015-01-15,282,1223,412411848,4.83875
2015-01-15,282,1224,200007627,3.8134722222222224
2015-01-15,282,1223,412418508,1.475138888888889
2015-01-15,282,1224,412417228,3.2670833333333333
2015-01-15,282,1223,412413133,8.72236111111111
2015-01-15,282,1224,412417744,4.57375
2015-01-15,282,1223,412417744,2.202638888888889
2015-01-15,282,1227,412432081,0.93805555555555553
2015-01-15,282,1219,412413394,8.5330555555555545
2015-01-15,282,1215,412438485,0.24666666666666667
2015-01-15,282,1223,412419552,16.340555555555557
2015-01-15,282,1219,412432096,0.50472222222222229
2015-01-15,282,1223,412416481,3.8672222222222219
2015-01-15,282,1219,412418532,0.60833333333333328
2015-01-15,282,1220,412418532,1.3298611111111112
2015-01-15,282,1221,412418532,1.0313888888888889
2015-01-15,282,1222,412418532,12.236944444444443
2015-01-15,282,1215,412422884,0.40888888888888886
2015-01-15,282,1223,412418021,5.8880555555555558
2015-01-15,282,1221,412123111,8.7723611111111115
2015-01-15,282,1223,412417513,10.673888888888889
2015-01-15,282,1221,200005866,3.5679166666666666
2015-01-15,282,1223,412416747,9.8411111111111129
2015-01-15,282,1224,412417773,4.7415277777777778
2015-01-15,282,1223,412417781,8.0356944444444451
2015-01-15,282,1222,412415222,21.38069444444444
2015-01-15,282,1223,200000247,3.0452777777777778
2015-01-15,282,1223,412413175,5.7845833333333339
2015-01-15,282,1225,412432377,1.52875
2015-01-15,538,55,232006050,0.64874999999999994
2015-01-15,-230,373,431703660,9.51361111111111
2015-01-15,-230,372,431703660,1.3581944444444445
2015-01-15,-230,-964,224051350,1.4152777777777779
2015-01-15,-230,-120,224084640,1.0790277777777777
2015-01-15,-230,-122,224084640,0.71791666666666665
2015-01-15,27,-1600,412331032,0.0875
2015-01-15,27,-1599,412331032,6.2205555555555554
2015-01-15,27,-1534,441812000,5.8120833333333337
2015-01-15,27,1755,440987000,0.61916666666666664
2015-01-15,27,1757,440987000,6.3759722222222219
2015-01-15,27,1756,440987000,3.7690277777777785
2015-01-15,27,1755,440504000,4.8240277777777782
2015-01-15,27,1758,440055000,1.6875000000000002
2015-01-15,283,1219,412411651,0.790138888888889
2015-01-15,283,1217,121000711,1.0381944444444444
2015-01-15,283,1222,412417039,1.0920833333333333
2015-01-15,283,1221,412413968,12.885555555555557
2015-01-15,283,1227,412432913,0.5755555555555556
2015-01-15,283,1226,412432913,6.5848611111111106
2015-01-15,283,1224,412416273,1.3183333333333334
2015-01-15,283,1217,412432919,0.1522222222222222
2015-01-15,283,1223,412419352,2.0472222222222225
2015-01-15,283,1226,412412447,7.4330555555555549
2015-01-15,283,1220,412412974,0.54152777777777772
2015-01-15,283,1221,412412974,0.41569444444444442
2015-01-15,283,1220,412413234,1.3929166666666668
2015-01-15,283,1221,412413234,11.466805555555554
2015-01-15,283,1223,412418614,0.42402777777777778
2015-01-15,283,1217,200006463,6.5956944444444456
2015-01-15,283,1217,412418625,1.3566666666666665
2015-01-15,283,1225,412435012,1.6336111111111111
2015-01-15,283,1223,412418638,0.24194444444444443
2015-01-15,283,1223,412419407,0.525
2015-01-15,283,1223,412438097,1.2625
2015-01-15,283,1225,412435796,1.0840277777777778
2015-01-15,283,1225,412435806,9.5690277777777766
2015-01-15,283,1223,412416864,3.399027777777778
2015-01-15,283,1223,412418916,1.1380555555555554
2015-01-15,283,1223,412413044,1.6518055555555557
2015-01-15,283,1217,200008821,4.077638888888889
2015-01-15,283,1223,200003962,0.55875000000000008
2015-01-15,283,1225,412433293,0.41708333333333336
2015-01-15,283,1219,412417429,0.36805555555555558
2015-01-15,283,1220,412417429,5.3898611111111121
2015-01-15,283,1223,412433564,2.2533333333333339
2015-01-15,283,1221,412413089,11.889027777777775
2015-01-15,283,1216,111203746,0.40986111111111112
2015-01-15,283,1225,412435619,2.0415277777777776
2015-01-15,283,1223,412417706,0.65027777777777773
2015-01-15,283,1224,412418995,8.9213888888888881
2015-01-15,283,1223,412418999,3.5933333333333333
2015-01-15,283,1223,425856696,0.99138888888888888
2015-01-15,283,1223,412432312,0.10291666666666666
2015-01-15,283,1225,412432569,3.6876388888888885
2015-01-15,283,1226,412432569,5.0825
2015-01-15,283,1226,412432063,0.47069444444444442
2015-01-15,283,1228,412418241,6.0836111111111109
2015-01-15,283,1227,412433352,0.4458333333333333
2015-01-15,283,1226,412433352,0.36291666666666667
2015-01-15,283,1223,412418508,0.37388888888888888
2015-01-15,283,1223,412413133,2.1243055555555554
2015-01-15,283,1223,412417744,1.1838888888888888
2015-01-15,283,1226,412432081,1.1484722222222223
2015-01-15,283,1225,412435157,2.3319444444444444
2015-01-15,283,1223,412418021,1.3881944444444443
2015-01-15,283,1223,412417781,1.0329166666666667
2015-01-15,283,1221,412413942,11.004722222222224
2015-01-15,283,1223,412413175,1.7184722222222222
2015-01-15,283,1225,412432377,1.3533333333333335
2015-01-15,283,1227,412432377,3.2127777777777777
2015-01-15,283,1226,412432377,1.9069444444444446
2015-01-15,539,58,234879000,0.55291666666666672
2015-01-15,539,57,234879000,0.42513888888888884
2015-01-15,539,67,245310000,1.2441666666666666
2015-01-15,539,48,245263000,0.21138888888888888
2015-01-15,539,55,232006050,0.92347222222222225
2015-01-15,539,56,232006050,0.74569444444444444
2015-01-15,539,58,232006050,0.46638888888888891
2015-01-15,539,57,232006050,0.51861111111111113
2015-01-15,-229,370,431703660,0.90916666666666668
2015-01-15,-229,371,431703660,0.76666666666666672
2015-01-15,-229,369,431703660,8.1608333333333327
2015-01-15,-229,373,431703660,1.1168055555555554
2015-01-15,-229,372,431703660,0.66652777777777783
2015-01-15,-229,-963,224051350,4.8554166666666667
2015-01-15,-229,-965,224051350,1.0001388888888889
2015-01-15,-229,-964,224051350,0.20833333333333334
2015-01-15,-229,-122,224084640,0.711388888888889
2015-01-15,-229,-120,224084640,1.17875
2015-01-15,-229,-244,224545000,1.4374999999999998
2015-01-15,-229,-243,224545000,2.4238888888888894
2015-01-15,-229,-242,224545000,3.5068055555555557
2015-01-15,-229,-245,224545000,2.04875
2015-01-15,28,1758,440055000,0.71680555555555547
2015-01-15,28,1759,440055000,5.7569444444444446
2015-01-15,284,1227,412437762,11.026944444444444
2015-01-15,284,1221,412413968,2.8451388888888891
2015-01-15,284,1226,412432913,6.8840277777777779
2015-01-15,284,1226,412412447,0.675138888888889
2015-01-15,284,1223,412413987,2.254027777777778
2015-01-15,284,1227,412418096,0.51375
2015-01-15,284,1221,412413234,2.4658333333333333
2015-01-15,284,1219,412412999,4.0001388888888885
2015-01-15,284,1227,412456789,1.6540277777777779
2015-01-15,284,1225,412435806,1.0748611111111113
2015-01-15,284,1217,412411767,2.0152777777777779
2015-01-15,284,1219,412411771,0.50055555555555564
2015-01-15,284,1217,412411775,3.5324999999999998
2015-01-15,284,1217,412411776,1.84125
2015-01-15,284,1217,412411781,1.1340277777777779
2015-01-15,284,1217,412411784,6.9275
2015-01-15,284,1226,412433293,2.2672222222222222
2015-01-15,284,1225,412433293,7.0090277777777779
2015-01-15,284,1227,412842128,19.798472222222223
2015-01-15,284,1221,412413089,1.8293055555555557
2015-01-15,284,1219,412412844,0.3825
2015-01-15,284,1218,412411827,2.632222222222222
2015-01-15,284,1219,412412853,1.2459722222222223
2015-01-15,284,1219,412412856,0.27416666666666667
2015-01-15,284,1226,412432569,0.69486111111111115
2015-01-15,284,1225,412432569,0.47791666666666666
2015-01-15,284,1226,412432063,0.305
2015-01-15,284,1219,412412894,3.8000000000000003
2015-01-15,284,1219,412411618,2.4352777777777774
2015-01-15,284,1228,412435428,0.32527777777777778
2015-01-15,284,1219,412412906,2.4209722222222219
2015-01-15,284,1216,412543211,1.0669444444444445
2015-01-15,284,1221,412413942,3.2543055555555549
2015-01-15,284,1225,412432377,3.2726388888888884
2015-01-15,540,-63,235012112,2.5604166666666663
2015-01-15,540,57,234879000,1.1930555555555555
2015-01-15,540,-60,235076636,1.632638888888889
2015-01-15,540,67,245310000,5.9820833333333336
2015-01-15,540,65,245310000,0.20555555555555555
2015-01-15,540,66,245310000,1.0901388888888888
2015-01-15,540,-63,250000213,3.6847222222222222
2015-01-15,540,111,211312240,2.734861111111111
2015-01-15,540,110,211312240,1.0672222222222221
2015-01-15,540,-1666,367474080,13.770972222222222
2015-01-15,540,-1665,367474080,1.5858333333333334
2015-01-15,540,58,232006050,0.50805555555555559
2015-01-15,540,57,232006050,2.0919444444444446
2015-01-15,540,55,235025319,0.65444444444444438
2015-01-15,540,110,211243240,11.474444444444444
2015-01-15,540,55,235021304,1.265
2015-01-15,540,56,235021304,0.44680555555555557
2015-01-15,-228,-964,224051350,1.0348611111111108
2015-01-15,-228,-963,224051350,0.93069444444444449
2015-01-15,-228,-120,224084640,0.16402777777777777
2015-01-15,-228,-119,224084640,0.73319444444444448
2015-01-15,-228,-245,224545000,1.7191666666666667
2015-01-15,-228,370,431798000,1.2969444444444445
2015-01-15,-228,371,431798000,3.9697222222222224
2015-01-15,-228,369,431798000,2.7566666666666668
2015-01-15,29,-1596,412331031,1.6051388888888884
2015-01-15,29,-1595,412331031,5.0190277777777794
2015-01-15,29,-1597,412331031,1.3031944444444443
2015-01-15,29,1668,412371182,3.737222222222222
2015-01-15,285,1227,412437762,2.2654166666666669
2015-01-15,285,1216,412765982,0.70861111111111108
2015-01-15,285,1223,412413987,7.3894444444444431
2015-01-15,285,1227,412418095,1.2173611111111111
2015-01-15,285,1227,412418096,2.6056944444444441
2015-01-15,285,1221,412000048,5.5883333333333329
2015-01-15,285,1222,412000048,4.497638888888889
2015-01-15,285,1216,412000050,1.7168055555555557
2015-01-15,285,1222,200005947,0.84291666666666665
2015-01-15,285,1220,413002299,0.25777777777777777
2015-01-15,285,1774,416003647,6.4916666666666671
2015-01-15,285,1228,412416332,12.86736111111111
2015-01-15,285,1227,412456789,0.99694444444444441
2015-01-15,285,1217,412411775,2.634722222222222
2015-01-15,285,1217,412411776,2.5997222222222218
2015-01-15,285,1217,412411781,14.105416666666667
2015-01-15,285,1222,412416646,0.28013888888888888
2015-01-15,285,1227,412418459,5.4373611111111106
2015-01-15,285,1223,412413119,3.4790277777777776
2015-01-15,285,1216,412543211,8.6930555555555582
2015-01-15,541,59,234879000,0.77347222222222223
2015-01-15,541,57,234879000,1.067361111111111
2015-01-15,541,65,245310000,0.32819444444444446
2015-01-15,541,111,211312240,1.6818055555555553
2015-01-15,541,110,211312240,1.72
2015-01-15,541,112,211312240,14.798611111111112
2015-01-15,541,1549,273849210,1.5205555555555557
2015-01-15,541,1550,273849210,3.6054166666666667
2015-01-15,541,1556,273849210,2.8263888888888893
2015-01-15,541,57,232006050,1.5583333333333333
2015-01-15,541,1550,273829810,13.433055555555557
2015-01-15,541,56,235021304,2.214722222222222
2015-01-15,-227,-226,224380000,5.9302777777777775
2015-01-15,-227,-963,224051350,1.3375000000000001
2015-01-15,-227,-119,224084640,0.85583333333333345
2015-01-15,-227,-113,224049630,1.1966666666666665
2015-01-15,-227,-112,224049630,1.0201388888888889
2015-01-15,-227,-114,224049630,1.4475
2015-01-15,-227,-245,224545000,2.5818055555555555
2015-01-15,-227,369,431798000,1.0333333333333334
2015-01-15,-227,375,431798000,6.6445833333333333
2015-01-15,-227,368,431798000,0.72930555555555565
2015-01-15,-227,373,431798000,0.49458333333333332
2015-01-15,-227,372,431798000,0.39583333333333326
2015-01-15,30,-1616,412331027,3.8730555555555557
2015-01-15,30,-1682,412695580,9.2094444444444434
2015-01-15,30,-1598,413011000,0.82861111111111119
2015-01-15,286,1224,412417831,0.13444444444444445
2015-01-15,286,1217,412413227,0.5476388888888889
2015-01-15,286,1218,412413227,8.2919444444444448
2015-01-15,286,1227,412418096,3.3347222222222221
2015-01-15,286,1224,200005947,0.55861111111111106
2015-01-15,286,1775,416003647,2.7033333333333331
2015-01-15,286,1220,412413006,10.072500000000002
2015-01-15,286,1223,412413119,5.8530555555555557
2015-01-15,286,1223,412411332,6.4508333333333328
2015-01-15,286,1357,416001225,11.59986111111111
2015-01-15,286,1223,412413129,3.6680555555555552
2015-01-15,286,1224,412413129,2.3179166666666666
2015-01-15,286,1220,412413926,10.470416666666665
2015-01-15,286,1219,412413429,1.5534722222222221
2015-01-15,542,65,245738000,1.3704166666666668
2015-01-15,542,60,234879000,1.5505555555555555
2015-01-15,542,1556,273849210,2.0522222222222224
2015-01-15,542,1557,273849210,6.4634722222222223
2015-01-15,542,1,235000480,0.20722222222222222
2015-01-15,542,-2,235006150,2.0948611111111113
2015-01-15,542,-3,235006150,0.60625
2015-01-15,542,118,219799000,14.042500000000002
2015-01-15,-482,1685,272323000,1.5793055555555555
2015-01-15,-482,1683,512003817,2.3562499999999997
2015-01-15,-482,1684,512003817,3.6681944444444445
2015-01-15,-226,-963,224051350,1.0454166666666667
2015-01-15,-226,1529,503647900,0.37013888888888891
2015-01-15,-226,1530,503647900,2.0738888888888889
2015-01-15,-226,-119,224084640,0.90958333333333341
2015-01-15,-226,-146,224578000,5.9437500000000005
2015-01-15,-226,1648,540003800,3.2111111111111108
2015-01-15,-226,-115,224049630,1.4151388888888887
2015-01-15,-226,-113,224049630,1.9841666666666669
2015-01-15,-226,-245,224545000,5.8623611111111114
2015-01-15,-226,369,431798000,0.32361111111111107
2015-01-15,-226,371,431798000,0.55999999999999994
2015-01-15,-226,372,431798000,0.60777777777777775
2015-01-15,-226,370,431798000,0.3586111111111111
2015-01-15,-226,373,431798000,0.21263888888888888
2015-01-15,31,-1613,412331027,3.782777777777778
2015-01-15,31,-1611,412331027,5.9136111111111118
2015-01-15,31,-1612,412331027,1.474861111111111
2015-01-15,31,-1685,412695580,3.8043055555555556
2015-01-15,31,-1684,412695580,0.716388888888889
2015-01-15,31,-1597,413011000,0.803611111111111
2015-01-15,287,1776,416003647,2.2826388888888887
2015-01-15,287,1357,416001225,0.22069444444444444
2015-01-15,287,1224,412413129,3.7641666666666671
2015-01-15,287,1220,412413926,0.79986111111111113
2015-01-15,287,1223,412418537,1.3883333333333332
2015-01-15,543,65,245738000,0.81527777777777777
2015-01-15,543,58,244381000,1.5138888888888888
2015-01-15,543,1614,273457250,10.875
2015-01-15,543,57,244399000,10.383888888888889
2015-01-15,543,58,232006050,1.4580555555555557
2015-01-15,543,110,211243240,0.45375
2015-01-15,543,58,235021304,1.3761111111111111
2015-01-15,-481,732,635218000,0.72013888888888888
2015-01-15,-481,1685,272323000,2.8818055555555553
2015-01-15,-481,1686,272323000,1.6179166666666664
2015-01-15,-481,1685,512003817,3.7498611111111115
2015-01-15,-225,-228,224380000,2.0020833333333332
2015-01-15,-225,-963,224051350,1.1406944444444442
2015-01-15,-225,1530,503647900,2.2280555555555557
2015-01-15,-225,-119,224084640,1.5391666666666666
2015-01-15,-225,1647,540003800,1.1099999999999999
2015-01-15,-225,1646,540003800,0.68847222222222215
2015-01-15,-225,-115,224049630,0.67347222222222225
2015-01-15,-225,-116,224049630,2.1151388888888891
2015-01-15,-225,1639,540002300,3.412777777777777
2015-01-15,32,-1684,412695580,1.6484722222222223
2015-01-15,32,-1680,412420197,6.9556944444444451
2015-01-15,32,-1469,441251000,5.8230555555555554
2015-01-15,32,-1468,441251000,12.986388888888889
2015-01-15,32,1455,416002768,12.423611111111112
2015-01-15,32,1665,412371182,14.514027777777777
2015-01-15,288,1222,412410897,0.75097222222222215
2015-01-15,288,1222,412449578,3.9095833333333334
2015-01-15,288,1777,416003647,0.52888888888888885
2015-01-15,288,1222,412412481,1.158611111111111
2015-01-15,288,1222,412413257,6.9712499999999995
2015-01-15,288,1222,412410698,2.4258333333333337
2015-01-15,288,1222,412412515,2.4906944444444443
2015-01-15,288,1222,421342052,6.3626388888888883
2015-01-15,288,1218,412411001,0.26694444444444443
2015-01-15,288,1216,410000002,1.4747222222222223
2015-01-15,288,1730,576890000,0.83749999999999991
2015-01-15,288,-900,367126440,15.788611111111111
2015-01-15,288,-901,367126440,5.7319444444444443
2015-01-15,288,1222,412413869,3.5408333333333335
2015-01-15,288,1220,412413926,0.24652777777777779
2015-01-15,544,65,245738000,0.80152777777777784
2015-01-15,544,71,235001620,0.41916666666666669
2015-01-15,544,72,235001620,2.3113888888888892
2015-01-15,544,135,211400000,2.7800000000000002
2015-01-15,544,58,244381000,1.5175
2015-01-15,544,193,261007210,0.20277777777777778
2015-01-15,544,192,261007210,2.7001388888888886
2015-01-15,544,191,261007210,0.81819444444444445
2015-01-15,544,137,211314800,0.81500000000000006
2015-01-15,544,193,261014160,0.97833333333333328
2015-01-15,544,191,261014160,1.4027777777777779
2015-01-15,544,190,261014160,0.53708333333333336
2015-01-15,544,192,261014160,3.8594444444444438
2015-01-15,544,57,244399000,0.57763888888888892
2015-01-15,544,114,211271330,12.626527777777778
2015-01-15,544,137,211317720,0.80972222222222223
2015-01-15,544,110,211243240,0.20930555555555555
2015-01-15,800,171,258535000,3.8859722222222222
2015-01-15,-480,732,635218000,6.7727777777777769
2015-01-15,-480,733,635218000,3.6620833333333338
2015-01-15,-224,-224,224380000,0.35916666666666663
2015-01-15,-224,-228,224380000,0.99472222222222217
2015-01-15,-224,-962,224051350,3.7972222222222221
2015-01-15,-224,-963,224051350,0.61375
2015-01-15,-224,1530,503647900,10.303333333333333
2015-01-15,-224,-119,224084640,2.0002777777777778
2015-01-15,-224,-145,224578000,1.7913888888888889
2015-01-15,-224,1646,540003800,0.67666666666666664
2015-01-15,-224,1645,540003800,3.2097222222222217
2015-01-15,-224,-116,224049630,1.3615277777777777
2015-01-15,-224,-113,224049630,5.9320833333333338
2015-01-15,-224,1638,540002300,0.72805555555555557
2015-01-15,-224,1639,540002300,0.54847222222222225
2015-01-15,-224,1630,540002300,0.81541666666666657
2015-01-15,33,1711,416240900,18.866805555555558
2015-01-15,33,-1684,412695580,1.5570833333333336
2015-01-15,33,-1681,412420197,12.795555555555556
2015-01-15,33,-1528,431101320,0.54402777777777778
2015-01-15,33,-1527,431101320,5.7638888888888893
2015-01-15,33,-1412,440641000,0.36069444444444443
2015-01-15,33,-1407,440641000,4.3937500000000007
2015-01-15,33,-1410,440641000,2.943888888888889
2015-01-15,33,-1411,440641000,0.8026388888888889
2015-01-15,33,-1414,440641000,5.1179166666666669
2015-01-15,33,-1413,440641000,0.73180555555555549
2015-01-15,33,1669,412371181,14.503611111111107
2015-01-15,289,1222,412854785,1.216388888888889
2015-01-15,289,1219,412301348,1.6448611111111111
2015-01-15,289,1218,900658520,0.52055555555555544
2015-01-15,289,1222,412412772,1.6330555555555555
2015-01-15,289,1730,576890000,2.9595833333333332
2015-01-15,289,1219,998513056,0.30166666666666669
2015-01-15,289,1222,412413897,2.1304166666666666
2015-01-15,289,-1629,416099800,0.678611111111111
2015-01-15,289,1222,412413423,0.68319444444444444
2015-01-15,289,1222,412413177,1.1247222222222222
2015-01-15,545,72,235001620,2.274861111111111
2015-01-15,545,71,235001620,4.8522222222222222
2015-01-15,545,64,245876000,0.20944444444444443
2015-01-15,545,65,245876000,0.31416666666666665
2015-01-15,545,-83,244583000,0.22763888888888889
2015-01-15,545,-84,244583000,19.308333333333334
2015-01-15,545,-85,244583000,0.89361111111111113
2015-01-15,545,-9,232006240,3.399861111111111
2015-01-15,545,-8,232006240,5.4669444444444446
2015-01-15,545,-7,232006240,5.6806944444444465
2015-01-15,545,137,211314800,1.6902777777777778
2015-01-15,545,187,261018490,1.0866666666666669
2015-01-15,545,192,261014160,0.66569444444444448
2015-01-15,545,-6,233805000,0.90569444444444436
2015-01-15,545,-8,233805000,5.8330555555555552
2015-01-15,545,-7,233805000,5.359861111111111
2015-01-15,545,137,211317720,1.8219444444444446
2015-01-15,801,169,258535000,1.5598611111111111
2015-01-15,801,171,258535000,1.5666666666666667
2015-01-15,-479,734,635218000,5.853194444444445
2015-01-15,-479,736,635218000,0.076527777777777778
2015-01-15,-479,735,635218000,3.5922222222222229
2015-01-15,-223,-225,224380000,0.83930555555555553
2015-01-15,-223,-226,224380000,0.695277777777778
2015-01-15,-223,-224,224380000,0.22138888888888889
2015-01-15,-223,-228,224380000,1.4504166666666665
2015-01-15,-223,-962,224051350,0.80819444444444455
2015-01-15,-223,-963,224051350,0.7318055555555556
2015-01-15,-223,-959,224366000,5.2070833333333333
2015-01-15,-223,-145,224578000,1.5386111111111109
2015-01-15,-223,-115,224049630,1.0802777777777777
2015-01-15,-223,1638,540002300,3.6609722222222225
2015-01-15,-223,1629,540002300,1.403888888888889
2015-01-15,-223,1628,540002300,1.5415277777777776
2015-01-15,34,-1685,412695580,3.7551388888888888
2015-01-15,34,-1684,412695580,0.80749999999999988
2015-01-15,34,-1680,412270001,1.5215277777777778
2015-01-15,34,-1681,412270001,2.7904166666666663
2015-01-15,34,-1682,412270001,3.2294444444444448
2015-01-15,34,-1407,440641000,2.1608333333333332
2015-01-15,34,-1408,440641000,0.098472222222222211
2015-01-15,290,1218,412301348,1.8425
2015-01-15,290,1223,411080006,9.9088888888888889
2015-01-15,290,1218,900658520,2.09375
2015-01-15,290,1217,900658520,0.20694444444444443
2015-01-15,290,1218,998510185,1.5374999999999999
2015-01-15,290,1771,576635000,6.2813888888888885
2015-01-15,290,-1604,416111500,6.768472222222222
2015-01-15,290,1729,576890000,2.2640277777777778
2015-01-15,290,1223,412413079,7.7905555555555548
2015-01-15,290,1218,998513056,2.8712500000000003
2015-01-15,290,-1629,416099800,1.0079166666666668
2015-01-15,290,-1630,416099800,0.91277777777777791
2015-01-15,546,136,211390480,2.1570833333333335
2015-01-15,546,137,211390480,4.1415277777777781
2015-01-15,546,135,211390480,0.43847222222222226
2015-01-15,546,71,235001620,2.9926388888888882
2015-01-15,546,70,235001620,5.8033333333333328
2015-01-15,546,64,245876000,0.8272222222222223
2015-01-15,546,63,245876000,0.42888888888888888
2015-01-15,546,136,211315750,1.0725
2015-01-15,546,137,211315750,5.4719444444444445
2015-01-15,546,187,261006910,0.61777777777777776
2015-01-15,546,188,261006910,1.4529166666666669
2015-01-15,546,188,261007950,1.2416666666666667
2015-01-15,546,-8,232006240,0.82041666666666668
2015-01-15,546,-9,232006240,2.8748611111111111
2015-01-15,546,187,261010020,0.20069444444444445
2015-01-15,546,135,211314800,1.5916666666666666
2015-01-15,546,136,211314800,3.0862499999999997
2015-01-15,546,187,261020810,0.22513888888888889
2015-01-15,546,188,261020810,0.7334722222222223
2015-01-15,546,-1652,367358360,8.9152777777777761
2015-01-15,546,-1653,367358360,9.08763888888889
2015-01-15,546,188,261020570,1.8620833333333331
2015-01-15,546,-1653,368313000,0.67902777777777779
2015-01-15,546,188,261020840,1.4293055555555556
2015-01-15,546,187,261020840,0.2038888888888889
2015-01-15,546,188,261006770,0.8306944444444444
2015-01-15,546,-8,233805000,9.8761111111111113
2015-01-15,546,135,211317720,1.6531944444444444
2015-01-15,546,136,211317720,2.8516666666666666
2015-01-15,802,167,258535000,1.5334722222222221
2015-01-15,802,168,258535000,1.5418055555555554
2015-01-15,802,168,231107000,1.5418055555555554
2015-01-15,802,169,231107000,1.5418055555555554
2015-01-15,-478,736,635218000,0.42222222222222217
2015-01-15,-478,735,635218000,0.33013888888888887
2015-01-15,-222,-227,224380000,1.6056944444444445
2015-01-15,-222,-228,224380000,2.03375
2015-01-15,-222,-226,224380000,0.3354166666666667
2015-01-15,-222,-233,224752000,0.19972222222222222
2015-01-15,-222,-234,224752000,4.0618055555555559
2015-01-15,-222,-235,224752000,0.29972222222222222
2015-01-15,-222,-962,224051350,1.5859722222222219
2015-01-15,-222,-120,224084640,5.9365277777777781
2015-01-15,-222,-146,224578000,0.082916666666666666
2015-01-15,-222,-145,224578000,1.7593055555555557
2015-01-15,-222,1636,540003800,1.3402777777777777
2015-01-15,-222,1637,540003800,3.2337499999999997
2015-01-15,-222,1635,540003800,1.5481944444444444
2015-01-15,-222,-115,224049630,1.0513888888888889
2015-01-15,35,-1588,441536000,7.3577777777777778
2015-01-15,35,-1680,412270001,1.7891666666666666
2015-01-15,35,-1683,412270001,2.963888888888889
2015-01-15,35,-1682,412270001,0.53083333333333338
2015-01-15,35,1711,538060008,3.8751388888888885
2015-01-15,35,-1408,440641000,5.254722222222223
2015-01-15,291,-1605,416111500,7.0476388888888888
2015-01-15,291,1729,576890000,1.4654166666666668
2015-01-15,291,1221,412436671,0.3502777777777778
2015-01-15,291,-1630,416099800,1.875
2015-01-15,291,-1599,416779000,3.8727777777777774
2015-01-15,291,-1600,416779000,0.71402777777777782
2015-01-15,547,137,219424000,1.9286111111111108
2015-01-15,547,102,219001604,0.98888888888888882
2015-01-15,547,63,245876000,0.21986111111111112
2015-01-15,547,148,219796000,6.4409722222222214
2015-01-15,547,63,235005740,0.84152777777777765
2015-01-15,547,188,261006910,0.62125
2015-01-15,547,187,261006910,6.2263888888888888
2015-01-15,547,148,219012671,3.4293055555555556
2015-01-15,547,149,219012671,2.92375
2015-01-15,547,103,219000897,0.683888888888889
2015-01-15,547,102,219000897,0.72333333333333338
2015-01-15,547,187,261007950,5.7495833333333328
2015-01-15,547,188,261007950,0.40527777777777779
2015-01-15,547,187,261011540,2.0458333333333334
2015-01-15,547,187,261010020,2.079305555555556
2015-01-15,547,188,261010020,1.0222222222222221
2015-01-15,547,187,261020810,4.961666666666666
2015-01-15,547,101,219005583,0.36638888888888888
2015-01-15,547,-1652,367358360,2.902222222222222
2015-01-15,547,187,261020570,2.6334722222222222
2015-01-15,547,-1652,368313000,10.04125
2015-01-15,547,-1653,368313000,0.987638888888889
2015-01-15,547,187,261020840,8.9656944444444449
2015-01-15,547,188,261020840,0.94083333333333341
2015-01-15,547,186,261020840,0.62638888888888888
2015-01-15,547,187,261006770,3.512777777777778
2015-01-15,547,188,261006770,1.2251388888888888
2015-01-15,547,-1651,367506420,11.741527777777778
2015-01-15,547,-1652,367506420,3.0834722222222219
2015-01-15,547,147,230987510,12.365833333333333
2015-01-15,803,166,258535000,1.525
2015-01-15,803,165,258535000,1.5555555555555556
2015-01-15,803,166,231107000,1.5441666666666667
2015-01-15,-221,-227,224380000,0.36097222222222225
2015-01-15,-221,-228,224380000,2.6665277777777781
2015-01-15,-221,-235,224752000,1.3956944444444446
2015-01-15,-221,-237,224752000,1.3819444444444444
2015-01-15,-221,-236,224752000,1.4288888888888889
2015-01-15,-221,-233,224752000,1.2455555555555555
2015-01-15,-221,-238,224752000,0.69458333333333333
2015-01-15,-221,-962,224051350,1.3983333333333334
2015-01-15,-221,-146,224578000,1.1654166666666668
2015-01-15,-221,-115,224049630,0.25458333333333333
2015-01-15,-221,-126,224076000,1.2854166666666667
2015-01-15,36,-1588,441536000,10.884722222222221
2015-01-15,36,474,441097000,7.4301388888888882
2015-01-15,36,-1590,440648000,11.665000000000001
2015-01-15,36,-1588,412695620,16.97152777777778
2015-01-15,36,-1565,416010900,1.5059722222222223
2015-01-15,36,-1564,416010900,1.3925
2015-01-15,36,-1563,416010900,1.5462500000000001
2015-01-15,36,-1562,416010900,4.131388888888889
2015-01-15,36,-1680,412270001,2.5794444444444444
2015-01-15,36,-1587,440919000,6.0875
2015-01-15,36,-1676,412270057,1.4333333333333331
2015-01-15,36,-1677,412270057,1.1693055555555554
2015-01-15,36,-1678,412270057,0.61111111111111116
2015-01-15,36,-1679,412270057,2.9695833333333335
2015-01-15,36,-1675,412270057,2.2704166666666663
2015-01-15,292,1729,576890000,2.0686111111111112
2015-01-15,292,1221,412425119,1.5138888888888888
2015-01-15,292,-1630,416099800,1.4458333333333333
2015-01-15,292,-1593,576726000,0.67875
2015-01-15,292,-1592,576726000,0.87222222222222223
2015-01-15,292,-1600,416779000,2.0568055555555556
2015-01-15,548,137,219424000,4.8251388888888895
2015-01-15,548,138,219424000,0.52083333333333337
2015-01-15,548,101,219001604,2.8602777777777777
2015-01-15,548,102,219001604,1.7209722222222219
2015-01-15,548,147,219796000,0.9475
2015-01-15,548,148,219796000,1.6934722222222223
2015-01-15,548,149,219012671,0.81125
2015-01-15,548,102,219000897,3.1347222222222224
2015-01-15,548,101,219000897,1.3093055555555555
2015-01-15,548,186,261011540,1.7434722222222221
2015-01-15,548,187,261011540,3.6091666666666664
2015-01-15,548,186,261010020,1.4288888888888889
2015-01-15,548,187,261010020,1.0272222222222223
2015-01-15,548,185,261012090,0.40097222222222217
2015-01-15,548,187,261012090,1.9263888888888889
2015-01-15,548,186,261012090,1.1347222222222224
2015-01-15,548,102,219005583,0.81416666666666671
2015-01-15,548,100,219005583,0.2088888888888889
2015-01-15,548,101,219005583,3.4965277777777777
2015-01-15,548,187,261020570,1.2361111111111112
2015-01-15,548,186,261020570,1.2711111111111111
2015-01-15,548,-1651,368313000,2.8706944444444442
2015-01-15,548,-1652,368313000,2.4272222222222219
2015-01-15,548,187,261020840,1.016388888888889
2015-01-15,548,136,219015103,0.86805555555555558
2015-01-15,548,135,219015103,0.615
2015-01-15,548,137,219015103,1.96
2015-01-15,548,138,219015103,5.5794444444444444
2015-01-15,548,136,266348000,2.669027777777778
2015-01-15,548,137,266348000,1.7140277777777779
2015-01-15,548,134,266348000,7.4836111111111112
2015-01-15,548,135,266348000,4.5243055555555554
2015-01-15,548,1471,273352930,5.3379166666666666
2015-01-15,548,1478,273352930,12.433333333333334
2015-01-15,548,143,230987510,14.961944444444445
2015-01-15,548,138,220043000,0.4725
2015-01-15,548,136,220043000,0.42333333333333334
2015-01-15,548,137,220043000,1.1129166666666666
2015-01-15,804,165,258535000,6.2373611111111114
2015-01-15,-220,-238,224752000,2.8623611111111114
2015-01-15,-220,-962,224051350,0.66444444444444439
2015-01-15,-220,-960,224366000,2.2401388888888891
2015-01-15,-220,363,431725000,0.58888888888888891
2015-01-15,-220,-146,224578000,1.2384722222222222
2015-01-15,-220,-125,224076000,1.6430555555555553
2015-01-15,-220,-126,224076000,1.2129166666666666
2015-01-15,-220,-124,224076000,4.5795833333333338
2015-01-15,37,-1589,440648000,6.6141666666666667
2015-01-15,37,-1672,412283999,1.5611111111111111
2015-01-15,37,-1676,412283999,3.0084722222222222
2015-01-15,37,-1673,412283999,3.6198611111111108
2015-01-15,37,-1680,412270001,3.0231944444444445
2015-01-15,37,-1587,440919000,10.296388888888888
2015-01-15,37,1715,538060008,0.19805555555555554
2015-01-15,37,1716,538060008,1.8319444444444444
2015-01-15,37,-1676,412270057,2.8154166666666667
2015-01-15,37,-1675,412270057,1.0111111111111111
2015-01-15,37,-1582,416306430,6.632083333333334
2015-01-15,37,-1581,416306430,0.7369444444444444
2015-01-15,293,-1624,416039500,1.1463888888888889
2015-01-15,293,1220,412438105,12.004305555555556
2015-01-15,293,-1604,576848000,5.9251388888888883
2015-01-15,293,1729,576890000,1.0758333333333334
2015-01-15,293,-1631,416099800,2.3874999999999997
2015-01-15,293,-1630,416099800,0.39569444444444446
2015-01-15,293,-1593,576726000,1.7444444444444445
2015-01-15,293,-1596,576726000,1.6636111111111112
2015-01-15,293,-1595,576726000,1.7208333333333334
2015-01-15,293,-1602,416779000,9.9102777777777771
2015-01-15,549,101,219001604,3.2422222222222223
2015-01-15,549,102,219001604,0.49708333333333332
2015-01-15,549,100,219001604,0.23097222222222225
2015-01-15,549,-1650,303426100,0.38319444444444439
2015-01-15,549,102,219000897,0.56097222222222221
2015-01-15,549,101,219000897,1.8715277777777779
2015-01-15,549,-1648,367008590,1.0356944444444443
2015-01-15,549,-1649,367008590,7.245972222222222
2015-01-15,549,-1650,367008590,0.69875
2015-01-15,549,186,261011540,1.0769444444444445
2015-01-15,549,186,261010020,0.62958333333333338
2015-01-15,549,186,261012090,1.441111111111111
2015-01-15,549,185,261012090,0.20625
2015-01-15,549,101,219005583,1.9665277777777774
2015-01-15,549,100,219005583,2.0545833333333334
2015-01-15,549,185,261020570,0.20305555555555554
2015-01-15,549,186,261020570,1.6480555555555556
2015-01-15,549,-1649,367026600,5.8034722222222221
2015-01-15,549,-1655,367147230,1.0844444444444445
2015-01-15,549,-1654,367147230,3.4226388888888892
2015-01-15,549,1466,273352930,6.2995833333333326
2015-01-15,-731,1778,665111117,3.9538888888888892
2015-01-15,-731,1779,665111117,3.0545833333333334
2015-01-15,-731,1772,665111117,3.8375
2015-01-15,-731,1771,665111117,11.60361111111111
2015-01-15,-219,-969,224166160,4.8830555555555559
2015-01-15,-219,-960,224366000,1.6070833333333334
2015-01-15,-219,-958,224366000,4.6169444444444441
2015-01-15,-219,364,431725000,4.7958333333333334
2015-01-15,-219,-145,224578000,1.8123611111111111
2015-01-15,-219,-146,224578000,1.6202777777777775
2015-01-15,-219,-126,224076000,1.0044444444444445
2015-01-15,38,-1671,412283999,2.9498611111111113
2015-01-15,38,-1672,412283999,1.9430555555555553
2015-01-15,38,-1673,412283999,1.5344444444444445
2015-01-15,38,-1674,412283999,3.2305555555555556
2015-01-15,38,-1670,412283999,3.3263888888888884
2015-01-15,294,-1625,416039500,1.4570833333333333
2015-01-15,294,1728,576890000,3.7993055555555553
2015-01-15,294,1226,412411314,4.0254166666666666
2015-01-15,294,-1612,416717000,0.51874999999999993
2015-01-15,294,-1632,416099800,1.9375
2015-01-15,294,-1597,576726000,0.98041666666666649
2015-01-15,294,-1598,576726000,1.3505555555555555
2015-01-15,550,100,219001604,0.86652777777777779
2015-01-15,550,-1649,303426100,1.4579166666666665
2015-01-15,550,-1650,303426100,1.5588888888888888
2015-01-15,550,-1646,366909240,0.13361111111111112
2015-01-15,550,100,219000897,0.27333333333333332
2015-01-15,550,-1648,367008590,0.18875
2015-01-15,550,-1649,367008590,9.5354166666666664
2015-01-15,550,184,261011540,0.20375
2015-01-15,550,100,219005583,1.2409722222222224
2015-01-15,550,-1649,367026600,6.0115277777777765
2015-01-15,550,-1648,367026600,1.4163888888888889
2015-01-15,550,-1656,367147230,4.2518055555555563
2015-01-15,550,-1653,367147230,2.0859722222222223
2015-01-15,550,-1655,367147230,2.3747222222222222
2015-01-15,-218,-969,224166160,1.412638888888889
2015-01-15,-218,-236,224752000,5.9708333333333332
2015-01-15,-218,-958,224366000,0.35138888888888886
2015-01-15,-218,-960,224366000,1.2220833333333334
2015-01-15,-218,-957,224366000,0.18902777777777779
2015-01-15,-218,365,431725000,1.2656944444444442
2015-01-15,-218,-145,224578000,2.6952777777777777
2015-01-15,-218,-126,224076000,0.17916666666666667
2015-01-15,-218,-127,224076000,1.378611111111111
2015-01-15,39,-1705,413270430,2.7662500000000003
2015-01-15,39,-1672,412270057,2.7830555555555558
2015-01-15,295,-1612,576608000,1.4015277777777779
2015-01-15,295,1222,412423195,7.4302777777777784
2015-01-15,295,1228,200002378,3.1397222222222223
2015-01-15,295,-1625,416039500,1.1408333333333334
2015-01-15,295,-1626,416039500,1.060138888888889
2015-01-15,295,1229,412413296,8.1865277777777781
2015-01-15,295,1228,412448927,3.199583333333333
2015-01-15,295,-1613,416717000,2.1055555555555556
2015-01-15,295,-1612,416717000,0.48833333333333329
2015-01-15,295,-1632,416099800,1.3168055555555556
2015-01-15,295,1227,412413147,16.760694444444447
2015-01-15,295,1222,412422891,6.509722222222222
2015-01-15,295,-1599,576726000,1.6063888888888889
2015-01-15,295,-1600,576726000,8.4805555555555561
2015-01-15,551,-1649,303426100,0.6712499999999999
2015-01-15,551,-1646,366909240,8.8848611111111122
2015-01-15,551,-1645,366909240,4.478472222222222
2015-01-15,551,-1604,367454060,9.7165277777777774
2015-01-15,551,-1648,367026600,2.9347222222222218
2015-01-15,-729,1766,440755000,1.5375
2015-01-15,-729,1768,440755000,3.9055555555555554
2015-01-15,-729,1763,440755000,1.5856944444444445
2015-01-15,-729,1765,440755000,3.9555555555555557
2015-01-15,-217,-969,224166160,1.1604166666666667
2015-01-15,-217,-957,224366000,0.84583333333333355
2015-01-15,-217,-960,224366000,1.1351388888888889
2015-01-15,-217,362,431725000,5.6463888888888878
2015-01-15,-217,-128,224076000,1.277638888888889
2015-01-15,-217,-127,224076000,1.2019444444444445
2015-01-15,40,-42,228128000,6.3336111111111109
2015-01-15,40,-41,228128000,4.8640277777777783
2015-01-15,40,-42,227550000,3.3666666666666671
2015-01-15,40,-1705,413270430,0.54875000000000007
2015-01-15,296,-1625,576736000,6.2593055555555557
2015-01-15,296,-1613,576608000,1.5325
2015-01-15,296,-1614,576608000,1.0958333333333334
2015-01-15,296,1222,412423195,7.8561111111111117
2015-01-15,296,1227,412449081,9.1706944444444431
2015-01-15,296,1232,412422473,3.5902777777777777
2015-01-15,296,1227,200002378,8.7458333333333336
2015-01-15,296,-1627,416039500,1.6638888888888892
2015-01-15,296,-1626,416039500,1.7794444444444444
2015-01-15,296,1228,412413296,3.986388888888889
2015-01-15,296,1228,412443003,2.7225
2015-01-15,296,1728,576890000,5.4904166666666665
2015-01-15,296,-1618,416717000,1.8483333333333336
2015-01-15,296,-1616,416717000,1.859861111111111
2015-01-15,296,-1615,416717000,2.5405555555555552
2015-01-15,296,-1632,416099800,7.3294444444444444
2015-01-15,552,-1638,367460660,2.97375
2015-01-15,552,-1645,366909240,3.2483333333333335
2015-01-15,552,-1642,303546000,1.5805555555555555
2015-01-15,552,-1644,303546000,9.8094444444444431
2015-01-15,552,-1643,303546000,2.935972222222222
2015-01-15,552,-1643,367509670,4.4261111111111111
2015-01-15,552,-1642,367509670,1.0175
2015-01-15,-728,1763,440755000,1.4818055555555556
2015-01-15,-216,-969,224166160,1.3131944444444443
2015-01-15,-216,1648,540005000,2.3248611111111113
2015-01-15,-216,-959,224366000,3.9180555555555556
2015-01-15,-216,-957,224366000,0.23888888888888893
2015-01-15,-216,-958,224366000,1.0205555555555557
2015-01-15,-216,-128,224076000,3.1251388888888889
2015-01-15,41,-1705,413270430,2.9475
2015-01-15,41,-1492,416631000,12.43986111111111
2015-01-15,41,-1491,416631000,5.2731944444444441
2015-01-15,297,-1628,576736000,11.63625
2015-01-15,297,-1614,576608000,0.49888888888888888
2015-01-15,297,-1615,576608000,1.2755555555555553
2015-01-15,297,-1617,576608000,1.3411111111111114
2015-01-15,297,-1616,576608000,1.0050000000000001
2015-01-15,297,1231,412439348,4.0411111111111113
2015-01-15,297,-384,224101950,5.9179166666666667
2015-01-15,297,1232,412422473,3.8804166666666671
2015-01-15,297,-1627,416039500,0.97347222222222229
2015-01-15,297,-1607,576678000,2.2847222222222223
2015-01-15,297,-1606,576678000,4.1043055555555554
2015-01-15,297,-1608,576848000,12.19875
2015-01-15,297,1228,412450482,2.7315277777777776
2015-01-15,297,1231,412439231,2.1791666666666667
2015-01-15,297,-1623,576877000,10.104305555555555
2015-01-15,297,-1620,416717000,8.263472222222223
2015-01-15,297,-1619,416717000,1.5519444444444446
2015-01-15,297,1222,412422617,1.3497222222222223
2015-01-15,297,1223,412422617,4.5498611111111114
2015-01-15,297,1220,412423392,3.1715277777777779
2015-01-15,553,-1638,367460660,5.3013888888888889
2015-01-15,553,1469,273896300,2.6072222222222221
2015-01-15,553,-1642,303546000,1.5583333333333331
2015-01-15,553,1469,273875100,1.5643055555555554
2015-01-15,553,-1642,367509670,3.0347222222222223
2015-01-15,553,-1643,367509670,9.6279166666666676
2015-01-15,553,1470,273810610,1.5623611111111111
2015-01-15,553,1468,273359300,10.119305555555556
2015-01-15,553,-1606,366287850,0.68319444444444433
2015-01-15,809,173,258576000,3.9084722222222226
2015-01-15,-727,1761,440755000,1.11125
2015-01-15,-727,1765,440755000,0.37513888888888886
2015-01-15,-727,1766,440755000,1.4993055555555554
2015-01-15,-727,1764,440755000,0.68236111111111108
2015-01-15,-727,1762,440755000,4.3820833333333331
2015-01-15,-471,-609,412329687,1.5277777777777777
2015-01-15,-471,-609,412329694,0.36
2015-01-15,-215,-969,224166160,0.37847222222222221
2015-01-15,-215,-970,224166160,1.034861111111111
2015-01-15,-215,1648,540005000,4.43513888888889
2015-01-15,-215,-127,224076000,0.6627777777777778
2015-01-15,-215,-128,224076000,0.77444444444444449
2015-01-15,42,1676,431487000,1.755138888888889
2015-01-15,42,1675,431487000,4.1126388888888892
2015-01-15,42,-1593,440954000,0.77833333333333332
2015-01-15,42,-1795,440620000,16.935
2015-01-15,42,-1793,440620000,5.759722222222222
2015-01-15,42,-1794,440620000,1.2706944444444443
2015-01-15,42,-1560,440780000,0.81958333333333333
2015-01-15,42,-1559,440780000,11.136388888888888
2015-01-15,42,1546,432971000,5.059444444444444
2015-01-15,298,-1618,576608000,1.1199999999999999
2015-01-15,298,-1619,576608000,8.6940277777777784
2015-01-15,298,1228,412421383,4.2470833333333333
2015-01-15,298,1226,412438794,0.2713888888888889
2015-01-15,298,1225,412438794,0.31680555555555556
2015-01-15,298,1230,412423179,3.84375
2015-01-15,298,1228,413004555,2.5912499999999996
2015-01-15,298,1222,413323020,3.6269444444444447
2015-01-15,298,1226,412421912,0.29527777777777775
2015-01-15,298,1228,412422682,7.4061111111111106
2015-01-15,298,-1643,576596000,21.920833333333334
2015-01-15,298,1229,412004128,2.8144444444444443
2015-01-15,298,1228,412422689,2.7638888888888888
2015-01-15,298,1228,412422691,4.6831944444444442
2015-01-15,298,1231,412439334,2.1961111111111107
2015-01-15,298,1230,412439334,3.4244444444444442
2015-01-15,298,1228,412438831,0.2623611111111111
2015-01-15,298,1232,412421425,3.5701388888888888
2015-01-15,298,1230,412439348,0.88236111111111115
2015-01-15,298,1231,412439348,1.0002777777777778
2015-01-15,298,1224,200009783,0.21722222222222223
2015-01-15,298,-387,224101950,5.9240277777777779
2015-01-15,298,-388,224101950,0.32541666666666669
2015-01-15,298,1228,412438595,0.39680555555555563
2015-01-15,298,1228,412420679,1.9231944444444444
2015-01-15,298,1228,412438858,1.2991666666666666
2015-01-15,298,-1628,416039500,8.6344444444444441
2015-01-15,298,1231,412438868,0.53277777777777779
2015-01-15,298,1229,412448852,1.9709722222222223
2015-01-15,298,1232,412422997,3.17625
2015-01-15,298,1229,410068571,4.64138888888889
2015-01-15,298,1224,412421998,0.7825
2015-01-15,298,1225,412421998,0.30819444444444444
2015-01-15,298,-1610,576678000,9.0931944444444444
2015-01-15,298,-1609,576678000,3.4977777777777774
2015-01-15,298,1228,412438642,0.68458333333333332
2015-01-15,298,1228,412422519,3.4922222222222219
2015-01-15,298,1228,412443003,3.6194444444444449
2015-01-15,298,1228,412435852,0.80902777777777779
2015-01-15,298,1228,412438925,0.45499999999999996
2015-01-15,298,1225,412422041,1.5902777777777777
2015-01-15,298,1224,412422041,0.54541666666666666
2015-01-15,298,1228,412420007,9.5622222222222213
2015-01-15,298,1225,412422061,0.845
2015-01-15,298,1229,412449198,2.3597222222222225
2015-01-15,298,1228,412450482,2.1384722222222226
2015-01-15,298,1228,412438452,0.2375
2015-01-15,298,1231,412439231,2.7333333333333334
2015-01-15,298,1231,412438478,5.5631944444444441
2015-01-15,298,1228,412438481,0.60833333333333328
2015-01-15,298,1230,412439275,3.8270833333333334
2015-01-15,298,1231,412439275,2.4452777777777777
2015-01-15,298,1228,412438772,0.25819444444444445
2015-01-15,298,-1588,576843000,0.16263888888888889
2015-01-15,298,-1587,576843000,0.76236111111111127
2015-01-15,298,-1590,576843000,10.100138888888889
2015-01-15,298,1221,412754940,0.73986111111111119
2015-01-15,554,1470,273878100,6.299722222222222
2015-01-15,554,1469,273878100,6.1131944444444439
2015-01-15,554,106,219006824,0.52916666666666667
2015-01-15,554,1470,273896300,3.9251388888888892
2015-01-15,554,1470,273437810,7.16125
2015-01-15,554,1469,273821310,4.556805555555556
2015-01-15,554,1470,273821310,1.5666666666666667
2015-01-15,554,1470,273875100,6.3081944444444451
2015-01-15,554,1469,273875100,4.5805555555555557
2015-01-15,554,1469,273896100,5.5398611111111116
2015-01-15,554,-1643,367509670,2.7269444444444448
2015-01-15,554,1470,273810610,10.125833333333333
2015-01-15,554,1471,273810610,1.5375
2015-01-15,554,1471,273359300,1.8002777777777776
2015-01-15,554,1470,273873400,4.7873611111111112
2015-01-15,554,-1667,367197950,0.32638888888888884
2015-01-15,810,175,258576000,1.5405555555555557
2015-01-15,810,176,258576000,1.5416666666666665
2015-01-15,-726,1762,440755000,0.8634722222222222
2015-01-15,-726,1765,440755000,0.76416666666666666
2015-01-15,-726,1763,440755000,0.30847222222222226
2015-01-15,-470,-608,440191000,3.4680555555555554
2015-01-15,-470,-607,441309000,5.1158333333333328
2015-01-15,-470,-608,441309000,5.7569444444444446
2015-01-15,-470,-608,441050000,5.297361111111111
2015-01-15,-470,-609,412329684,1.7731944444444445
2015-01-15,-470,-608,412329684,1.1816666666666666
2015-01-15,-470,-609,412329687,1.4272222222222222
2015-01-15,-470,-608,412329687,5.74625
2015-01-15,-470,-609,412329692,0.93374999999999986
2015-01-15,-470,-607,412329692,0.6530555555555555
2015-01-15,-470,-608,412329692,7.182777777777777
2015-01-15,-470,-608,412329694,1.0491666666666668
2015-01-15,-470,-609,412329694,5.7911111111111113
2015-01-15,-214,-970,224166160,1.1988888888888891
2015-01-15,-214,-208,224016000,1.7608333333333333
2015-01-15,-214,-206,224016000,0.42902777777777779
2015-01-15,-214,-207,224016000,5.4897222222222224
2015-01-15,-214,-126,224076000,0.94430555555555529
2015-01-15,-214,-125,224076000,0.36541666666666672
2015-01-15,-214,-127,224076000,0.28041666666666665
2015-01-15,43,1676,431487000,2.0106944444444443
2015-01-15,43,1675,431487000,3.4026388888888888
2015-01-15,43,-12,627144000,2.8711111111111109
2015-01-15,43,-14,627144000,4.2761111111111108
2015-01-15,43,-13,627144000,4.7269444444444444
2015-01-15,43,-1599,441072000,11.925277777777776
2015-01-15,43,-1594,440954000,5.7915277777777776
2015-01-15,43,-1593,440954000,0.81694444444444436
2015-01-15,43,-17,627170000,6.3515277777777781
2015-01-15,299,1228,412439299,0.9538888888888889
2015-01-15,299,1228,412438789,1.9736111111111114
2015-01-15,299,1228,412421383,7.885
2015-01-15,299,1225,412438794,1.8419444444444444
2015-01-15,299,1228,413004555,1.1466666666666665
2015-01-15,299,1221,413323020,0.090694444444444453
2015-01-15,299,1229,412439061,0.58819444444444446
2015-01-15,299,1228,412439061,3.6399999999999997
2015-01-15,299,1226,412421912,2.7723611111111115
2015-01-15,299,1228,412422682,6.31125
2015-01-15,299,1228,412439068,4.1043055555555563
2015-01-15,299,1229,412439068,0.26652777777777781
2015-01-15,299,1228,412439324,4.2343055555555562
2015-01-15,299,1228,412438815,3.3969444444444448
2015-01-15,299,1229,412004128,0.67777777777777781
2015-01-15,299,1228,412422689,6.165972222222222
2015-01-15,299,1228,412422691,5.1595833333333339
2015-01-15,299,1228,412438824,2.0006944444444441
2015-01-15,299,1228,412438831,4.6270833333333332
2015-01-15,299,-901,367413040,4.0913888888888881
2015-01-15,299,1228,412438581,5.72625
2015-01-15,299,1228,412438838,4.0379166666666668
2015-01-15,299,1226,412438842,1.2404166666666665
2015-01-15,299,1232,412423739,2.8688888888888888
2015-01-15,299,1228,412438587,1.007638888888889
2015-01-15,299,-389,224101950,3.1534722222222218
2015-01-15,299,-392,224101950,5.1847222222222218
2015-01-15,299,-388,224101950,0.50458333333333338
2015-01-15,299,1228,412438595,2.7033333333333331
2015-01-15,299,1228,412439363,0.51347222222222222
2015-01-15,299,1228,412439108,4.3504166666666668
2015-01-15,299,1229,412439109,0.27097222222222223
2015-01-15,299,1228,412420679,8.0297222222222224
2015-01-15,299,1228,412438858,3.6798611111111104
2015-01-15,299,1228,412439371,5.750694444444445
2015-01-15,299,1229,412438605,0.44555555555555548
2015-01-15,299,1228,412439373,1.3094444444444444
2015-01-15,299,1229,412448852,0.92152777777777783
2015-01-15,299,1232,412422997,2.5979166666666669
2015-01-15,299,1230,412438616,1.1405555555555555
2015-01-15,299,1228,412438875,0.71222222222222231
2015-01-15,299,1228,412438876,5.0912500000000005
2015-01-15,299,1228,412439388,0.56694444444444447
2015-01-15,299,1229,412439391,0.58180555555555558
2015-01-15,299,1228,412439391,3.7280555555555557
2015-01-15,299,1233,412422245,8.4022222222222229
2015-01-15,299,1228,412438889,1.6697222222222221
2015-01-15,299,1226,412439408,0.2540277777777778
2015-01-15,299,1228,412438641,0.78430555555555559
2015-01-15,299,1228,412438642,4.3070833333333338
2015-01-15,299,1228,412438643,1.9501388888888889
2015-01-15,299,1228,412438645,4.0980555555555558
2015-01-15,299,1231,412438902,0.80472222222222223
2015-01-15,299,1230,412438902,1.3297222222222222
2015-01-15,299,1228,412422519,8.5427777777777774
2015-01-15,299,1228,412443003,1.2213888888888889
2015-01-15,299,1228,412438917,2.4670833333333331
2015-01-15,299,1228,412435852,2.3316666666666661
2015-01-15,299,1229,412435852,2.1294444444444443
2015-01-15,299,1228,412438925,4.5775
2015-01-15,299,1228,412438931,1.9330555555555557
2015-01-15,299,1229,412438679,0.845
2015-01-15,299,1230,412439449,1.1311111111111112
2015-01-15,299,1230,412439205,1.8766666666666665
2015-01-15,299,1231,412439205,0.51555555555555554
2015-01-15,299,1228,412420007,7.6441666666666652
2015-01-15,299,1227,412413097,6.8055555555555554
2015-01-15,299,1228,412413097,5.4054166666666674
2015-01-15,299,1228,412413867,5.495
2015-01-15,299,1229,412449198,0.28375
2015-01-15,299,1228,412450482,1.2487499999999998
2015-01-15,299,1228,412438452,2.0523611111111113
2015-01-15,299,1228,412438711,4.6463888888888887
2015-01-15,299,1232,412400057,5.3994444444444447
2015-01-15,299,1231,412439231,1.7194444444444446
2015-01-15,299,1222,900208327,0.95791666666666675
2015-01-15,299,1231,413446350,1.3669444444444445
2015-01-15,299,1228,412438481,3.4418055555555553
2015-01-15,299,1228,412438496,2.2754166666666666
2015-01-15,299,1228,412438497,1.4383333333333335
2015-01-15,299,1230,412438754,1.5001388888888889
2015-01-15,299,1230,200010728,1.5613888888888887
2015-01-15,299,1229,440112106,0.2877777777777778
2015-01-15,299,1232,412420593,1.3398611111111109
2015-01-15,299,1224,412438771,0.1373611111111111
2015-01-15,299,1228,412438772,4.4
2015-01-15,299,-1586,576843000,2.7794444444444451
2015-01-15,299,-1587,576843000,0.24569444444444444
2015-01-15,299,-1588,576843000,1.4916666666666667
2015-01-15,299,-1582,576843000,2.912638888888889
2015-01-15,299,1222,412754940,0.59888888888888892
2015-01-15,299,1221,412754940,0.22902777777777777
2015-01-15,555,1470,273878100,10.87638888888889
2015-01-15,555,1470,273896300,11.276805555555555
2015-01-15,555,1470,273437810,1.5001388888888889
2015-01-15,555,1470,273821310,10.818194444444446
2015-01-15,555,1469,273896100,2.0481944444444444
2015-01-15,555,1470,273896100,3.8069444444444445
2015-01-15,555,1470,273810610,4.1668055555555554
2015-01-15,555,-1605,366287850,1.412638888888889
2015-01-15,555,-1604,366287850,0.5706944444444445
2015-01-15,555,1470,273873400,3.3641666666666667
2015-01-15,555,-1666,367197950,11.397916666666665
2015-01-15,555,-1667,367197950,6.2327777777777769
2015-01-15,811,176,331036000,3.899861111111111
2015-01-15,811,196,331036000,1.55125
2015-01-15,811,188,331036000,1.5430555555555556
2015-01-15,811,192,331036000,1.5472222222222223
2015-01-15,811,198,258576000,1.5527777777777778
2015-01-15,811,194,258576000,1.5529166666666667
2015-01-15,811,180,258576000,1.5431944444444445
2015-01-15,811,177,258576000,1.54
2015-01-15,-469,-608,440191000,7.0690277777777775
2015-01-15,-469,-609,412420459,10.443888888888889
2015-01-15,-469,-647,701006450,3.4522222222222219
2015-01-15,-469,-646,701006450,0.77208333333333345
2015-01-15,-469,-648,701006450,1.8909722222222223
2015-01-15,-469,-607,441051000,17.263333333333335
2015-01-15,-469,-607,441050000,3.4326388888888886
2015-01-15,-469,-608,412329684,3.3038888888888893
2015-01-15,-469,-608,412329685,0.74319444444444449
2015-01-15,-469,-608,412329686,0.33902777777777782
2015-01-15,-469,-607,412329686,0.33763888888888888
2015-01-15,-469,-608,412329687,1.4793055555555554
2015-01-15,-469,-607,412329687,0.88041666666666663
2015-01-15,-469,-608,441303000,10.53875
2015-01-15,-469,-607,412329689,2.9197222222222221
2015-01-15,-469,-608,412329692,2.91375
2015-01-15,-469,-607,412329694,4.2415277777777787
2015-01-15,-469,-608,412329694,5.2726388888888884
2015-01-15,-469,-609,440684000,12.437222222222223
2015-01-15,-469,-608,441142000,9.56138888888889
2015-01-15,-213,-970,224166160,0.88041666666666685
2015-01-15,-213,-206,224016000,0.23902777777777778
2015-01-15,-213,-209,224016000,1.0305555555555557
2015-01-15,-213,-207,224016000,1.92
2015-01-15,-213,-967,224313000,0.18180555555555555
2015-01-15,-213,-968,224313000,1.4697222222222224
2015-01-15,-213,-125,224076000,0.47486111111111107
2015-01-15,-213,-217,224609000,0.1652777777777778
2015-01-15,-213,-218,224609000,0.27763888888888888
2015-01-15,44,-11,627120000,0.61263888888888884
2015-01-15,44,-1599,441072000,5.7858333333333336
2015-01-15,44,-18,627172000,7.5826388888888889
2015-01-15,44,-19,627172000,11.789305555555556
2015-01-15,44,-11,627160000,5.3294444444444444
2015-01-15,44,-10,627160000,2.744305555555556
2015-01-15,300,1229,412439041,0.26263888888888887
2015-01-15,300,1228,412439299,1.162638888888889
2015-01-15,300,1229,412439299,1.7965277777777777
2015-01-15,300,1228,412438789,2.5495833333333331
2015-01-15,300,1228,412421383,1.0363888888888888
2015-01-15,300,1229,412438793,1.3029166666666667
2015-01-15,300,1229,412439061,1.3091666666666666
2015-01-15,300,1228,412439061,1.7683333333333331
2015-01-15,300,1229,412439319,3.6284722222222228
2015-01-15,300,1230,412413463,1.2834722222222223
2015-01-15,300,1229,412413463,3.4084722222222221
2015-01-15,300,1228,412422682,1.8526388888888887
2015-01-15,300,1228,412439068,1.3776388888888891
2015-01-15,300,1229,412439068,0.27486111111111111
2015-01-15,300,1228,412439324,2.3575
2015-01-15,300,1229,412438813,1.9666666666666668
2015-01-15,300,1228,412439069,8.882777777777779
2015-01-15,300,1228,412438815,4.2213888888888889
2015-01-15,300,1228,412439071,0.28125
2015-01-15,300,1228,412422689,2.1101388888888888
2015-01-15,300,1228,412422691,2.7755555555555551
2015-01-15,300,1229,412438823,3.2170833333333335
2015-01-15,300,1228,412439086,1.8486111111111112
2015-01-15,300,1229,412439086,1.8398611111111114
2015-01-15,300,1229,412439342,6.483194444444444
2015-01-15,300,1228,412438831,1.556111111111111
2015-01-15,300,1229,412439343,1.1731944444444444
2015-01-15,300,1229,412438832,1.9172222222222222
2015-01-15,300,1229,412439346,1.6336111111111111
2015-01-15,300,1228,412438581,1.5925
2015-01-15,300,1229,412438838,1.6691666666666667
2015-01-15,300,1228,412438838,1.77375
2015-01-15,300,1228,412422713,1.8856944444444448
2015-01-15,300,1226,412439353,1.3040277777777778
2015-01-15,300,1229,412439353,1.3623611111111109
2015-01-15,300,1229,412439354,2.6726388888888888
2015-01-15,300,1232,412423739,0.75388888888888883
2015-01-15,300,1228,412438587,4.3880555555555549
2015-01-15,300,1228,412438595,3.8302777777777783
2015-01-15,300,1228,412439363,1.8211111111111111
2015-01-15,300,1228,412439108,1.8827777777777777
2015-01-15,300,1228,412439109,2.1793055555555552
2015-01-15,300,1229,412439109,2.1479166666666667
2015-01-15,300,1228,412420679,0.54138888888888892
2015-01-15,300,1226,412439367,1.4152777777777779
2015-01-15,300,1229,412439367,1.915972222222222
2015-01-15,300,1229,412438858,1.3756944444444446
2015-01-15,300,1228,412438858,1.1795833333333332
2015-01-15,300,1229,412439371,2.2986111111111112
2015-01-15,300,1229,412439372,1.4412500000000001
2015-01-15,300,1228,412439372,2.6855555555555553
2015-01-15,300,1228,412438605,1.8794444444444443
2015-01-15,300,1229,412438605,1.6641666666666666
2015-01-15,300,1228,412439373,1.5951388888888887
2015-01-15,300,1229,412439373,0.68083333333333329
2015-01-15,300,1229,412438608,1.767638888888889
2015-01-15,300,1228,412438608,0.25402777777777774
2015-01-15,300,1229,412410704,9.3144444444444456
2015-01-15,300,1228,412439378,1.9131944444444444
2015-01-15,300,1229,412438611,1.9788888888888887
2015-01-15,300,1228,412438611,0.25430555555555556
2015-01-15,300,1229,412439379,1.287361111111111
2015-01-15,300,1232,412422997,2.5513888888888889
2015-01-15,300,1231,412438616,2.5756944444444443
2015-01-15,300,1229,412413017,6.9281944444444434
2015-01-15,300,1228,412423258,11.072083333333332
2015-01-15,300,1228,412438875,1.6758333333333333
2015-01-15,300,1229,412438875,0.66250000000000009
2015-01-15,300,1228,412438876,5.7008333333333336
2015-01-15,300,1229,412438876,1.6087500000000001
2015-01-15,300,1229,412439388,1.0440277777777776
2015-01-15,300,1228,412439388,2.5805555555555553
2015-01-15,300,1228,412439391,0.32166666666666666
2015-01-15,300,1229,412439391,1.8672222222222223
2015-01-15,300,1229,412439392,0.82430555555555562
2015-01-15,300,1232,412422241,11.145416666666666
2015-01-15,300,1228,412438889,0.77111111111111108
2015-01-15,300,1229,412438889,2.0494444444444442
2015-01-15,300,1229,412439407,0.28347222222222224
2015-01-15,300,1228,412439407,1.314861111111111
2015-01-15,300,1226,412439408,1.4997222222222224
2015-01-15,300,1229,412439408,1.5419444444444446
2015-01-15,300,-1537,416242800,12.437361111111112
2015-01-15,300,-1536,416242800,5.9333333333333327
2015-01-15,300,1228,412438641,1.2247222222222225
2015-01-15,300,1228,412438642,1.9819444444444445
2015-01-15,300,1229,412438643,1.2648611111111112
2015-01-15,300,1228,412438643,0.93902777777777779
2015-01-15,300,1228,412438645,3.381388888888889
2015-01-15,300,1229,412438645,1.2702777777777778
2015-01-15,300,1231,412438902,1.9094444444444443
2015-01-15,300,1228,412422519,4.9413888888888886
2015-01-15,300,1228,412423287,1.7656944444444445
2015-01-15,300,1229,412439415,2.4590277777777776
2015-01-15,300,1228,412438906,2.1209722222222225
2015-01-15,300,1229,412439418,0.85402777777777772
2015-01-15,300,1229,412439419,1.0079166666666666
2015-01-15,300,1226,412439419,1.8743055555555554
2015-01-15,300,1229,412438652,2.4054166666666665
2015-01-15,300,1229,412438909,0.794861111111111
2015-01-15,300,1228,412423294,1.3615277777777779
2015-01-15,300,1229,412438656,1.406527777777778
2015-01-15,300,1228,412423554,3.0133333333333332
2015-01-15,300,1229,412438661,2.5834722222222224
2015-01-15,300,1229,412438917,2.8987499999999997
2015-01-15,300,1229,412438918,0.82777777777777772
2015-01-15,300,1229,412438663,3.8243055555555556
2015-01-15,300,1228,412435852,0.98888888888888882
2015-01-15,300,1229,412435852,1.287222222222222
2015-01-15,300,1229,412438925,0.78555555555555556
2015-01-15,300,1228,412438925,3.1793055555555556
2015-01-15,300,1231,412423566,2.2055555555555557
2015-01-15,300,1232,412423566,5.4288888888888893
2015-01-15,300,1229,412438926,2.6825
2015-01-15,300,1229,412438929,1.0613888888888889
2015-01-15,300,1228,412439186,0.8325
2015-01-15,300,1229,412439186,0.828888888888889
2015-01-15,300,1228,412421523,0.765
2015-01-15,300,1228,412438931,2.0845833333333337
2015-01-15,300,1226,412438931,1.4255555555555555
2015-01-15,300,1229,412439187,1.5761111111111112
2015-01-15,300,1228,412438933,8.4572222222222226
2015-01-15,300,1229,412439189,1.6594444444444445
2015-01-15,300,1228,412438679,0.48555555555555557
2015-01-15,300,1229,412438679,2.8118055555555554
2015-01-15,300,1229,412438935,2.2258333333333331
2015-01-15,300,1231,412439449,2.0668055555555553
2015-01-15,300,1229,412438939,1.8765277777777778
2015-01-15,300,1228,412438939,1.8133333333333332
2015-01-15,300,1231,412439205,2.0745833333333334
2015-01-15,300,1231,412420006,7.8680555555555545
2015-01-15,300,1231,412422566,2.1897222222222221
2015-01-15,300,1228,412420007,1.3986111111111112
2015-01-15,300,1228,412432039,0.5225
2015-01-15,300,1229,412438953,3.4587500000000007
2015-01-15,300,1228,412438953,1.6361111111111111
2015-01-15,300,1228,412413097,4.152222222222222
2015-01-15,300,1227,412413097,0.53333333333333333
2015-01-15,300,1229,412366507,2.3570833333333332
2015-01-15,300,1228,412413867,4.8838888888888885
2015-01-15,300,1227,412413867,6.2531944444444454
2015-01-15,300,1228,412438452,2.6265277777777776
2015-01-15,300,1228,412366519,1.0266666666666666
2015-01-15,300,1228,412438711,2.0523611111111113
2015-01-15,300,1232,412400057,2.2440277777777777
2015-01-15,300,1229,412438719,0.80902777777777768
2015-01-15,300,1231,412439231,1.3854166666666667
2015-01-15,300,1228,412423105,2.3940277777777776
2015-01-15,300,1228,412438728,3.8331944444444446
2015-01-15,300,1231,413446350,0.88847222222222222
2015-01-15,300,1228,412438481,3.035
2015-01-15,300,1229,412438481,0.54666666666666663
2015-01-15,300,1228,412438737,0.29180555555555554
2015-01-15,300,1229,412438737,0.26680555555555552
2015-01-15,300,1229,412438482,1.8199999999999998
2015-01-15,300,1228,412439251,0.32569444444444445
2015-01-15,300,1229,412439251,0.79597222222222208
2015-01-15,300,1228,412439253,3.4993055555555559
2015-01-15,300,1228,412438743,0.34611111111111115
2015-01-15,300,1229,412438743,1.338888888888889
2015-01-15,300,1229,412438489,0.86694444444444452
2015-01-15,300,1229,412438494,3.4759722222222225
2015-01-15,300,1229,412438496,3.4668055555555557
2015-01-15,300,1228,412438497,1.3120833333333333
2015-01-15,300,1229,412438497,1.5455555555555553
2015-01-15,300,1231,412438754,2
2015-01-15,300,1230,200010728,1.0886111111111112
2015-01-15,300,1231,200010728,1.09375
2015-01-15,300,1228,412438508,1.0890277777777777
2015-01-15,300,1229,412438508,1.1893055555555556
2015-01-15,300,1229,412438767,2.2994444444444446
2015-01-15,300,1232,412420593,4.04111111111111
2015-01-15,300,1231,412420593,5.0709722222222213
2015-01-15,300,1229,412438771,1.6863888888888889
2015-01-15,300,1227,412438771,0.4826388888888889
2015-01-15,300,1225,412438771,0.24583333333333332
2015-01-15,300,1226,412438771,0.17902777777777776
2015-01-15,300,1229,412439283,2.7834722222222221
2015-01-15,300,1228,412439283,0.65125
2015-01-15,300,1228,412438772,1.8997222222222223
2015-01-15,556,-1637,366208000,0.80027777777777764
2015-01-15,556,-1636,366208000,0.88416666666666655
2015-01-15,556,1484,273892610,3.0738888888888889
2015-01-15,556,1488,273847910,0.80152777777777773
2015-01-15,556,1470,273896300,3.1043055555555554
2015-01-15,556,1470,273437810,3.2361111111111112
2015-01-15,556,1473,273437810,10.044444444444443
2015-01-15,556,1470,273821310,7.8834722222222222
2015-01-15,556,-1588,367137170,5.7069444444444448
2015-01-15,556,-1589,367137170,6.6404166666666677
2015-01-15,556,-1587,367137170,2.755
2015-01-15,556,-1590,367137170,2.8668055555555556
2015-01-15,556,1470,273896100,1.5301388888888887
2015-01-15,556,1469,273896100,1.5863888888888888
2015-01-15,556,1486,273447080,1.0513888888888889
2015-01-15,556,1470,273810610,4.5513888888888889
2015-01-15,556,1470,273359300,6.09
2015-01-15,556,-1601,366245060,7.8569444444444443
2015-01-15,556,1469,273873400,1.5402777777777779
2015-01-15,556,1470,273873400,2.0426388888888889
2015-01-15,812,181,331036000,1.5527777777777778
2015-01-15,812,185,331036000,1.5472222222222223
2015-01-15,812,177,331036000,1.5388888888888888
2015-01-15,812,257,231053000,1.5375
2015-01-15,812,254,231053000,3.1223611111111111
2015-01-15,-468,-607,440256000,5.5926388888888887
2015-01-15,-468,-609,412679190,12.007361111111113
2015-01-15,-468,-607,441309000,4.3990277777777775
2015-01-15,-468,-607,440818000,3.1075000000000004
2015-01-15,-468,-606,224369000,2.6390277777777778
2015-01-15,-468,-607,224369000,2.3516666666666666
2015-01-15,-468,-647,701006450,7.2041666666666675
2015-01-15,-468,-648,701006450,6.9401388888888889
2015-01-15,-468,-646,701006450,1.5902777777777779
2015-01-15,-468,-607,441050000,5.2974999999999994
2015-01-15,-468,-608,441410000,6.80375
2015-01-15,-468,-607,412329684,6.2155555555555555
2015-01-15,-468,-606,412329684,2.2527777777777778
2015-01-15,-468,-607,412329686,2.1006944444444446
2015-01-15,-468,-607,412329687,1.7293055555555554
2015-01-15,-468,-607,412329689,5.3525
2015-01-15,-468,-606,412329689,2.0084722222222222
2015-01-15,-468,-607,412329692,2.3479166666666664
2015-01-15,-468,-607,412329694,3.6969444444444441
2015-01-15,-468,-606,412329694,0.65708333333333335
2015-01-15,-468,-607,440811000,7.7751388888888888
2015-01-15,-468,-608,440811000,3.0370833333333334
2015-01-15,-468,-609,412331001,21.371944444444445
2015-01-15,-468,-609,412424703,16.917083333333334
2015-01-15,-212,-971,224166160,2.6447222222222222
2015-01-15,-212,-970,224166160,7.5320833333333344
2015-01-15,-212,-207,224016000,2.04
2015-01-15,-212,-209,224016000,0.89333333333333331
2015-01-15,-212,1644,540005000,0.33055555555555555
2015-01-15,-212,-969,224313000,1.9584722222222224
2015-01-15,-212,-968,224313000,3.1581944444444443
2015-01-15,-212,-967,224313000,1.0626388888888889
2015-01-15,-212,-217,224609000,0.94333333333333336
2015-01-15,-212,1629,540011500,3.8013888888888889
2015-01-15,45,-11,627120000,7.5984722222222221
2015-01-15,45,-10,627160000,12.119583333333333
2015-01-15,45,1544,432971000,1.0295833333333335
2015-01-15,301,1229,412439041,0.51097222222222216
2015-01-15,301,1231,422654211,20.578055555555558
2015-01-15,301,1229,412439299,2.9955555555555557
2015-01-15,301,1228,412438789,0.25916666666666666
2015-01-15,301,1229,412413959,1.15375
2015-01-15,301,1229,412438793,2.6563888888888889
2015-01-15,301,1216,412130569,3.1173611111111108
2015-01-15,301,1217,412130569,0.69583333333333341
2015-01-15,301,1229,320603662,2.7977777777777777
2015-01-15,301,1227,320603662,1.0344444444444445
2015-01-15,301,1228,320603662,5.3904166666666669
2015-01-15,301,1228,412439061,0.46277777777777784
2015-01-15,301,1228,412439319,0.89569444444444446
2015-01-15,301,1229,412439319,4.5725
2015-01-15,301,1230,412413463,10.050833333333333
2015-01-15,301,1229,412413463,3.704444444444444
2015-01-15,301,1224,412413978,1.641111111111111
2015-01-15,301,1228,412438813,2.5431944444444445
2015-01-15,301,1229,412438813,5.6486111111111112
2015-01-15,301,1229,412439069,6.3077777777777779
2015-01-15,301,1228,412438815,0.53666666666666663
2015-01-15,301,1228,412439071,4.8562499999999993
2015-01-15,301,1229,412439071,7.8679166666666669
2015-01-15,301,1229,412418858,4.8484722222222221
2015-01-15,301,1228,412418858,5.0423611111111111
2015-01-15,301,1227,412422188,9.3512500000000021
2015-01-15,301,1229,412439086,1.6483333333333334
2015-01-15,301,1228,412439086,1.0740277777777778
2015-01-15,301,1229,412439342,7.3336111111111109
2015-01-15,301,1228,412438831,0.27097222222222223
2015-01-15,301,1230,412438831,0.17541666666666667
2015-01-15,301,1229,412439343,1.6354166666666665
2015-01-15,301,1228,412438832,0.51666666666666661
2015-01-15,301,1229,412438832,0.75388888888888883
2015-01-15,301,1229,412439346,3.1012500000000003
2015-01-15,301,1228,412438581,0.85777777777777775
2015-01-15,301,1228,412438838,0.2747222222222222
2015-01-15,301,1229,412438838,0.49972222222222229
2015-01-15,301,1229,412439353,3.5613888888888892
2015-01-15,301,1230,412439353,0.49569444444444444
2015-01-15,301,1229,412439354,1.6688888888888891
2015-01-15,301,1228,412439354,1.4329166666666666
2015-01-15,301,1232,412423739,2.6141666666666667
2015-01-15,301,1228,412438587,0.28722222222222221
2015-01-15,301,1230,412438587,1.1297222222222223
2015-01-15,301,1231,412422979,8.1108333333333338
2015-01-15,301,1228,412438595,0.37944444444444447
2015-01-15,301,1228,412439363,1.5319444444444443
2015-01-15,301,1229,412439363,0.79708333333333348
2015-01-15,301,1228,412439109,0.51222222222222213
2015-01-15,301,1229,412439109,2.304583333333333
2015-01-15,301,1223,412424518,1.0327777777777776
2015-01-15,301,1225,412424518,18.148611111111116
2015-01-15,301,1224,412424518,0.49916666666666665
2015-01-15,301,1223,412424519,0.28736111111111112
2015-01-15,301,1229,412439367,3.4666666666666668
2015-01-15,301,1230,412438858,0.712361111111111
2015-01-15,301,1230,412439372,0.8825
2015-01-15,301,1229,412439372,1.2901388888888889
2015-01-15,301,1229,412438605,1.9569444444444446
2015-01-15,301,1228,412438605,0.77347222222222212
2015-01-15,301,1229,412439373,1.5794444444444444
2015-01-15,301,1230,412424016,4.2438888888888888
2015-01-15,301,1229,412438608,0.5081944444444445
2015-01-15,301,1228,412438608,0.25819444444444445
2015-01-15,301,1229,412410704,12.183472222222223
2015-01-15,301,1229,412439378,7.4066666666666645
2015-01-15,301,1228,412439378,6.4018055555555557
2015-01-15,301,1228,412438611,0.25416666666666665
2015-01-15,301,1229,412438611,0.78305555555555562
2015-01-15,301,1229,412439379,2.4933333333333332
2015-01-15,301,1231,412439379,0.53763888888888889
2015-01-15,301,1229,412438868,0.24541666666666667
2015-01-15,301,1231,412422997,0.62847222222222221
2015-01-15,301,1232,412422997,1.5363888888888888
2015-01-15,301,1228,412439381,0.2631944444444444
2015-01-15,301,1229,412439381,1.2484722222222222
2015-01-15,301,1229,412423767,7.9594444444444425
2015-01-15,301,1227,412423767,2.6731944444444444
2015-01-15,301,1231,412438616,1.3827777777777777
2015-01-15,301,1230,412413017,3.9338888888888883
2015-01-15,301,1229,412413017,10.558888888888889
2015-01-15,301,1228,412423258,3.6137499999999996
2015-01-15,301,1228,412438875,1.3418055555555557
2015-01-15,301,1229,412438875,0.51958333333333329
2015-01-15,301,1229,412439388,0.50152777777777779
2015-01-15,301,1229,412439391,0.23152777777777778
2015-01-15,301,1229,412439392,5.1733333333333329
2015-01-15,301,1232,412422241,0.84541666666666659
2015-01-15,301,1229,412438888,3.8433333333333328
2015-01-15,301,-275,224241000,0.34833333333333333
2015-01-15,301,-276,224241000,4.4845833333333331
2015-01-15,301,1229,412438889,1.3666666666666667
2015-01-15,301,1226,412421485,3.7998611111111114
2015-01-15,301,1228,412439407,5.8515277777777772
2015-01-15,301,1229,412439407,2.622638888888889
2015-01-15,301,1230,412439408,0.33347222222222223
2015-01-15,301,1229,412439408,2.6075000000000004
2015-01-15,301,1226,412439408,0.52916666666666667
2015-01-15,301,1228,412438642,2.025
2015-01-15,301,1229,412438643,2.378333333333333
2015-01-15,301,1230,412438899,0.24083333333333334
2015-01-15,301,1226,412423796,0.8158333333333333
2015-01-15,301,1228,412438645,1.4880555555555557
2015-01-15,301,1229,412438645,0.52444444444444449
2015-01-15,301,1231,412438902,1.4177777777777778
2015-01-15,301,1230,412438902,0.95513888888888887
2015-01-15,301,1228,412422519,1.8025
2015-01-15,301,1228,412423287,0.47444444444444445
2015-01-15,301,1228,412439415,10.000277777777779
2015-01-15,301,1229,412439415,1.5079166666666666
2015-01-15,301,1228,412438906,0.54125
2015-01-15,301,1230,412438906,0.33416666666666667
2015-01-15,301,1228,412439418,2.1691666666666665
2015-01-15,301,1229,412439418,5.6773611111111109
2015-01-15,301,1228,412423291,0.54125
2015-01-15,301,1227,412423291,1.1316666666666668
2015-01-15,301,1226,412439419,0.74958333333333327
2015-01-15,301,1229,412439419,3.9426388888888888
2015-01-15,301,1230,412439419,0.925
2015-01-15,301,1228,412423292,0.2747222222222222
2015-01-15,301,1229,412438652,2.0320833333333335
2015-01-15,301,1230,412438652,0.79513888888888884
2015-01-15,301,1228,412423293,3.3390277777777775
2015-01-15,301,1229,412438653,0.27486111111111111
2015-01-15,301,1228,412438653,1.3719444444444444
2015-01-15,301,1229,412438909,2.652222222222222
2015-01-15,301,1230,412438909,2.9520833333333334
2015-01-15,301,1228,412423294,0.803888888888889
2015-01-15,301,1228,412423295,0.73722222222222222
2015-01-15,301,1228,412423296,10.897500000000004
2015-01-15,301,1229,412438656,1.7825
2015-01-15,301,1228,412423553,17.697777777777787
2015-01-15,301,1228,412438657,0.53013888888888883
2015-01-15,301,1228,412423554,4.8208333333333329
2015-01-15,301,1229,412438661,0.90777777777777779
2015-01-15,301,1229,412438918,0.52930555555555558
2015-01-15,301,1229,412438663,4.5165277777777781
2015-01-15,301,1217,412370571,4.3411111111111111
2015-01-15,301,1215,412370571,0.95930555555555563
2015-01-15,301,1228,412435852,0.26222222222222225
2015-01-15,301,1229,412438925,0.58180555555555546
2015-01-15,301,1228,412438925,0.22805555555555557
2015-01-15,301,1232,412423566,2.8736111111111118
2015-01-15,301,1231,412423566,2.9730555555555558
2015-01-15,301,1228,412438926,4.7166666666666668
2015-01-15,301,1229,412438926,1.5745833333333334
2015-01-15,301,1228,412438929,1.4222222222222221
2015-01-15,301,1229,412438929,0.46972222222222226
2015-01-15,301,1230,412438674,0.74291666666666667
2015-01-15,301,1228,412438674,0.91666666666666663
2015-01-15,301,1228,412439186,0.54958333333333331
2015-01-15,301,1230,412439186,3.1138888888888889
2015-01-15,301,1229,412439187,3.1155555555555559
2015-01-15,301,1230,412438676,0.21638888888888888
2015-01-15,301,1228,412438676,0.14805555555555555
2015-01-15,301,1230,412439189,0.85347222222222219
2015-01-15,301,1229,412439189,2.3947222222222226
2015-01-15,301,1229,412438679,0.7977777777777777
2015-01-15,301,1230,412438679,1.6684722222222224
2015-01-15,301,1227,412438935,0.255
2015-01-15,301,1229,412438935,3.481527777777778
2015-01-15,301,1231,412439449,1.6331944444444444
2015-01-15,301,1230,412439449,0.275
2015-01-15,301,1228,412438939,0.72138888888888886
2015-01-15,301,1229,412438939,2.808472222222222
2015-01-15,301,1227,412438178,0.53333333333333321
2015-01-15,301,1228,412438178,8.3993055555555554
2015-01-15,301,1231,412439204,0.66736111111111107
2015-01-15,301,1230,412439204,1.9998611111111111
2015-01-15,301,1229,412439204,1.7831944444444445
2015-01-15,301,1228,412439204,1.3661111111111111
2015-01-15,301,1231,412439205,1.6956944444444442
2015-01-15,301,1230,412439205,0.72777777777777775
2015-01-15,301,1231,412420006,3.6636111111111109
2015-01-15,301,1231,412422566,4.1708333333333334
2015-01-15,301,1228,412432039,4.3183333333333342
2015-01-15,301,1228,412438953,1.1776388888888889
2015-01-15,301,1229,412438953,1.1243055555555554
2015-01-15,301,1230,412438953,1.1529166666666668
2015-01-15,301,1229,412366507,1.441527777777778
2015-01-15,301,1227,456932526,0.75027777777777782
2015-01-15,301,1228,456932526,8.4381944444444432
2015-01-15,301,1230,412439219,1.3422222222222224
2015-01-15,301,1229,412439219,1.7043055555555557
2015-01-15,301,1228,412438452,0.54972222222222222
2015-01-15,301,1230,412438709,0.55347222222222214
2015-01-15,301,1229,412438709,3.8572222222222221
2015-01-15,301,1229,412366519,4.1352777777777776
2015-01-15,301,1228,412366519,5.6454166666666659
2015-01-15,301,1228,412438711,0.26180555555555557
2015-01-15,301,1230,412438711,0.39680555555555552
2015-01-15,301,1232,412400057,3.1719444444444442
2015-01-15,301,1230,412438718,0.69138888888888883
2015-01-15,301,1230,412438719,2.9426388888888892
2015-01-15,301,1229,412438719,3.0995833333333334
2015-01-15,301,1229,412439233,2.2843055555555556
2015-01-15,301,1228,412438728,2.2084722222222224
2015-01-15,301,1230,412438728,6.9316666666666666
2015-01-15,301,1223,412413128,2.42375
2015-01-15,301,1230,412439243,0.56194444444444447
2015-01-15,301,1231,413446350,1.4308333333333334
2015-01-15,301,1230,413446350,0.35916666666666669
2015-01-15,301,1230,412438481,1.0975000000000001
2015-01-15,301,1228,412438737,10.356527777777778
2015-01-15,301,1229,412438737,4.48361111111111
2015-01-15,301,1229,412438482,6.6166666666666671
2015-01-15,301,1230,412438482,0.9850000000000001
2015-01-15,301,1229,412439251,2.6209722222222225
2015-01-15,301,1228,412439251,9.3673611111111086
2015-01-15,301,1230,412438484,0.30055555555555558
2015-01-15,301,1228,412438484,4.0231944444444441
2015-01-15,301,1228,412439253,1.9913888888888889
2015-01-15,301,1229,412438743,1.3041666666666667
2015-01-15,301,1228,412438743,0.56597222222222232
2015-01-15,301,1229,412438489,0.76777777777777778
2015-01-15,301,1228,412438745,1.2248611111111112
2015-01-15,301,1229,412438745,0.85791666666666677
2015-01-15,301,1230,412438747,0.50958333333333339
2015-01-15,301,1229,412438494,3.9726388888888891
2015-01-15,301,1227,412438494,1.0663888888888891
2015-01-15,301,1228,412438494,0.91722222222222216
2015-01-15,301,1229,412438496,0.92569444444444438
2015-01-15,301,1230,412438497,2.8491666666666666
2015-01-15,301,1229,412438497,1.0833333333333335
2015-01-15,301,1231,412438754,1.0833333333333333
2015-01-15,301,1230,412438754,0.27513888888888888
2015-01-15,301,1229,412438758,0.8881944444444444
2015-01-15,301,1230,200010728,0.37944444444444442
2015-01-15,301,1231,200010728,1.602222222222222
2015-01-15,301,1229,412438508,2.8422222222222224
2015-01-15,301,1228,412438508,3.8455555555555554
2015-01-15,301,1229,412438767,2.7065277777777776
2015-01-15,301,1228,412438767,0.63375
2015-01-15,301,1231,412420593,3.4388888888888887
2015-01-15,301,1229,412438771,3.1679166666666667
2015-01-15,301,1228,412439283,1.4083333333333332
2015-01-15,301,1229,412439283,0.89041666666666663
2015-01-15,301,1230,412438772,0.69166666666666665
2015-01-15,301,1228,412438772,0.42527777777777775
2015-01-15,301,1227,412423417,0.58347222222222217
2015-01-15,301,1228,412423417,0.51569444444444446
2015-01-15,301,1228,412423418,1.3319444444444444
2015-01-15,301,1229,412423418,15.258611111111112
2015-01-15,557,-1635,366208000,0.53569444444444447
2015-01-15,557,-1636,366208000,6.3145833333333332
2015-01-15,557,1485,273892610,12.325694444444443
2015-01-15,557,1484,273892610,1.5527777777777776
2015-01-15,557,-1631,367411730,2.0140277777777782
2015-01-15,557,-1630,367411730,2.8275
2015-01-15,557,-1632,367411730,3.8233333333333333
2015-01-15,557,-1629,367411730,0.69305555555555554
2015-01-15,557,1490,273429800,9.9137499999999985
2015-01-15,557,1489,273429800,6.9765277777777781
2015-01-15,557,1487,273429800,0.35222222222222221
2015-01-15,557,1486,273429800,1.5513888888888889
2015-01-15,557,1488,273429800,5.7061111111111114
2015-01-15,557,-1672,367170350,2.1293055555555558
2015-01-15,557,1488,273240400,4.0555555555555554
2015-01-15,557,1490,273240400,1.2847222222222221
2015-01-15,557,1487,273240400,1.2558333333333334
2015-01-15,557,1489,273240400,1.6768055555555557
2015-01-15,557,1487,273847910,1.547361111111111
2015-01-15,557,-1589,367137170,0.53180555555555564
2015-01-15,557,1469,273896100,1.5406944444444444
2015-01-15,557,1470,273896100,5.5341666666666667
2015-01-15,557,1491,273447080,3.5772222222222223
2015-01-15,557,1488,273447080,1.5858333333333334
2015-01-15,557,1490,273447080,1.5343055555555556
2015-01-15,557,1484,273447080,1.1181944444444445
2015-01-15,557,1487,273447080,3.0165277777777777
2015-01-15,557,1489,273447080,4.9269444444444446
2015-01-15,557,1485,273447080,0.96527777777777779
2015-01-15,557,1483,273447080,6.0986111111111114
2015-01-15,557,1470,273873400,6.1388888888888893
2015-01-15,813,251,331070000,0.76930555555555558
2015-01-15,813,249,331070000,1.5409722222222222
2015-01-15,813,231,331070000,0.85513888888888889
2015-01-15,813,251,231053000,3.1913888888888886
2015-01-15,813,255,231053000,1.5470833333333334
2015-01-15,813,253,231053000,3.9084722222222217
2015-01-15,813,252,231053000,4.6651388888888894
2015-01-15,813,250,231053000,1.5418055555555554
2015-01-15,-467,-606,440256000,6.8125
2015-01-15,-467,-608,440117000,10.849722222222223
2015-01-15,-467,-606,440191000,1.5276388888888888
2015-01-15,-467,-607,440191000,4.465416666666667
2015-01-15,-467,-606,441309000,5.7288888888888891
2015-01-15,-467,-607,440818000,6.3490277777777777
2015-01-15,-467,-607,441298000,11.32875
2015-01-15,-467,-650,701006427,4.4805555555555552
2015-01-15,-467,-606,224369000,8.15013888888889
2015-01-15,-467,1668,512419000,0.2113888888888889
2015-01-15,-467,-605,412329684,1.6472222222222224
2015-01-15,-467,-606,412329684,4.1788888888888893
2015-01-15,-467,-606,412329686,2.3163888888888886
2015-01-15,-467,-607,412329686,0.63111111111111107
2015-01-15,-467,-606,412329687,3.3152777777777782
2015-01-15,-467,-607,412329687,0.23736111111111108
2015-01-15,-467,-604,412270039,6.6193055555555542
2015-01-15,-467,-606,412270039,1.4109722222222221
2015-01-15,-467,-605,412270039,2.5625
2015-01-15,-467,-606,412329689,1.3270833333333334
2015-01-15,-467,-607,412329689,0.17194444444444446
2015-01-15,-467,-605,412329692,1.0540277777777778
2015-01-15,-467,-606,412329692,4.325277777777778
2015-01-15,-467,-606,412329693,2.9252777777777776
2015-01-15,-467,1674,512004085,0.16652777777777777
2015-01-15,-467,1675,512004085,0.97916666666666674
2015-01-15,-211,-207,224016000,0.18888888888888888
2015-01-15,-211,-209,224016000,1.0333333333333334
2015-01-15,-211,-967,224313000,1.172361111111111
2015-01-15,-211,-968,224313000,0.99694444444444441
2015-01-15,-211,-217,224609000,2.6929166666666666
2015-01-15,-211,1627,540011500,4.7705555555555552
2015-01-15,46,-1598,440992000,2.0402777777777779
2015-01-15,46,-1597,440992000,1.6536111111111109
2015-01-15,46,-1595,440992000,4.0297222222222224
2015-01-15,46,-1596,440992000,1.4265277777777776
2015-01-15,46,-1762,440787000,6.31375
2015-01-15,46,-1677,412420197,4.137777777777778
2015-01-15,46,-9,627120000,6.6390277777777778
2015-01-15,46,-1594,440770000,6.3359722222222219
2015-01-15,46,-1595,440770000,1.5665277777777777
2015-01-15,46,1544,432971000,1.7140277777777775
2015-01-15,302,1230,412420354,1.6393055555555553
2015-01-15,302,1230,412439299,2.8956944444444446
2015-01-15,302,1229,412410884,6.4177777777777774
2015-01-15,302,1229,412438789,2.8547222222222222
2015-01-15,302,1230,412438789,1.9443055555555557
2015-01-15,302,1229,412413959,7.2827777777777767
2015-01-15,302,1229,412438793,0.27069444444444446
2015-01-15,302,1216,412439822,2.9272222222222219
2015-01-15,302,1230,412439061,5.5898611111111105
2015-01-15,302,1223,412413978,3.002361111111111
2015-01-15,302,1224,412413978,4.2734722222222228
2015-01-15,302,1230,412439068,0.91236111111111118
2015-01-15,302,1229,412439069,6.9008333333333329
2015-01-15,302,1230,412438815,5.0452777777777786
2015-01-15,302,1228,412439071,1.5875000000000001
2015-01-15,302,1229,412439071,5.0143055555555556
2015-01-15,302,1228,412439333,5.26513888888889
2015-01-15,302,1229,412439333,0.78347222222222224
2015-01-15,302,1230,412438823,6.5168055555555551
2015-01-15,302,1228,412418858,0.57708333333333339
2015-01-15,302,1229,412418858,3.8381944444444445
2015-01-15,302,1229,412439086,0.26222222222222225
2015-01-15,302,1230,412439086,5.1097222222222225
2015-01-15,302,1229,412439342,1.6511111111111112
2015-01-15,302,1230,412438831,2.5159722222222225
2015-01-15,302,1230,412439343,1.8744444444444444
2015-01-15,302,1230,412438832,1.5452777777777778
2015-01-15,302,1230,412439346,11.192083333333334
2015-01-15,302,1229,412439346,3.2473611111111111
2015-01-15,302,1230,412438581,6.6418055555555551
2015-01-15,302,1229,412439353,0.1423611111111111
2015-01-15,302,1230,412439353,1.5455555555555556
2015-01-15,302,1228,412439354,2.46625
2015-01-15,302,1230,412438587,2.1025
2015-01-15,302,1230,412438595,4.5448611111111115
2015-01-15,302,1230,412439363,5.4715277777777782
2015-01-15,302,1230,412439108,7.2326388888888893
2015-01-15,302,1230,412439109,5.3463888888888889
2015-01-15,302,1229,412439109,0.53236111111111106
2015-01-15,302,1232,412421446,0.14222222222222222
2015-01-15,302,1230,412439367,2.041666666666667
2015-01-15,302,1228,412436041,2.7093055555555554
2015-01-15,302,1230,412438858,1.6294444444444443
2015-01-15,302,1230,412439371,8.5573611111111116
2015-01-15,302,1231,412422988,1.111388888888889
2015-01-15,302,1230,412439372,4.8163888888888886
2015-01-15,302,1229,412438605,0.25875
2015-01-15,302,1230,412439373,4.6304166666666662
2015-01-15,302,1230,412424016,1.4961111111111112
2015-01-15,302,1230,412438608,0.5379166666666666
2015-01-15,302,1228,412439378,1.7506944444444441
2015-01-15,302,1229,412439378,0.52055555555555555
2015-01-15,302,1230,412438611,4.063194444444445
2015-01-15,302,1230,412438867,3.395833333333333
2015-01-15,302,1231,412439379,2.0493055555555557
2015-01-15,302,1230,412439379,4.8206944444444444
2015-01-15,302,1229,412439379,1.0486111111111112
2015-01-15,302,1225,400005459,1.9584722222222222
2015-01-15,302,1224,400005459,5.8370833333333341
2015-01-15,302,1228,412438868,1.2906944444444444
2015-01-15,302,1229,412438868,0.27486111111111111
2015-01-15,302,1231,412422997,1.6276388888888889
2015-01-15,302,1230,412422997,0.74097222222222214
2015-01-15,302,1229,412439381,0.5377777777777778
2015-01-15,302,1230,412439381,5.3561111111111117
2015-01-15,302,1228,412439381,1.4470833333333335
2015-01-15,302,1221,900417111,4.3861111111111111
2015-01-15,302,1230,412438616,2.1440277777777776
2015-01-15,302,1230,412438875,1.7287500000000002
2015-01-15,302,1230,412439388,2.9552777777777774
2015-01-15,302,1230,412439391,1.2987499999999998
2015-01-15,302,1229,412439392,1.8659722222222221
2015-01-15,302,1230,412439392,3.1244444444444444
2015-01-15,302,1228,412438888,1.1659722222222222
2015-01-15,302,1229,412438888,5.3516666666666666
2015-01-15,302,1230,412438889,1.8004166666666666
2015-01-15,302,1229,412439407,0.51375
2015-01-15,302,1228,412439407,2.5730555555555559
2015-01-15,302,1230,412439408,1.5454166666666667
2015-01-15,302,1229,412439408,0.25402777777777774
2015-01-15,302,1230,412438641,4.5716666666666663
2015-01-15,302,1230,412438643,4.7727777777777769
2015-01-15,302,1230,412438899,1.5583333333333333
2015-01-15,302,1226,412423796,9.2820833333333326
2015-01-15,302,1230,412423029,3.1848611111111111
2015-01-15,302,1229,412423029,0.42069444444444443
2015-01-15,302,1230,412438902,1.8752777777777778
2015-01-15,302,1228,412439415,1.8322222222222222
2015-01-15,302,1229,412439415,1.3077777777777777
2015-01-15,302,1230,412438906,1.8490277777777779
2015-01-15,302,1229,412439418,4.7054166666666664
2015-01-15,302,1228,412423291,0.53708333333333336
2015-01-15,302,1230,412439419,1.5338888888888886
2015-01-15,302,1228,412423292,0.54138888888888892
2015-01-15,302,1229,412438652,0.52875
2015-01-15,302,1230,412438652,4.7206944444444447
2015-01-15,302,1228,412438653,5.1113888888888894
2015-01-15,302,1230,412438909,1.7108333333333334
2015-01-15,302,1228,412423294,0.24555555555555553
2015-01-15,302,1228,412438657,3.0680555555555555
2015-01-15,302,1229,412438661,1.076111111111111
2015-01-15,302,1230,412438661,3.1093055555555553
2015-01-15,302,1228,412438661,1.4072222222222224
2015-01-15,302,1230,412438917,4.4083333333333332
2015-01-15,302,1230,412438918,1.1077777777777778
2015-01-15,302,1230,412438663,2.9436111111111112
2015-01-15,302,1217,412370571,1.5725
2015-01-15,302,1230,412435852,5.0980555555555558
2015-01-15,302,1230,412438925,4.2611111111111111
2015-01-15,302,1231,412423566,1.4219444444444445
2015-01-15,302,1232,412423566,0.42736111111111108
2015-01-15,302,1230,412438926,3.0255555555555556
2015-01-15,302,1228,412438926,2.7536111111111108
2015-01-15,302,1230,412438929,0.26444444444444443
2015-01-15,302,1228,412438929,1.24125
2015-01-15,302,1228,412438674,1.1544444444444444
2015-01-15,302,1230,412438674,4.3041666666666663
2015-01-15,302,1230,412439186,1.9145833333333335
2015-01-15,302,1230,412438676,2.9
2015-01-15,302,1229,412439189,0.30819444444444444
2015-01-15,302,1230,412439189,6.4783333333333326
2015-01-15,302,1230,412438679,3.5477777777777777
2015-01-15,302,1228,412438935,0.38833333333333336
2015-01-15,302,1229,412438935,0.59083333333333332
2015-01-15,302,1230,412439449,2.0398611111111116
2015-01-15,302,1230,412438939,1.0843055555555556
2015-01-15,302,1229,412438939,0.5854166666666667
2015-01-15,302,1230,412439204,0.49152777777777779
2015-01-15,302,1231,412439204,1.1929166666666666
2015-01-15,302,1230,412439205,1.6833333333333333
2015-01-15,302,1231,412420006,0.34555555555555556
2015-01-15,302,1228,412432039,4.4515277777777778
2015-01-15,302,1230,412366507,9.3826388888888879
2015-01-15,302,1229,412366507,3.7513888888888891
2015-01-15,302,1230,412439219,12.89916666666667
2015-01-15,302,1229,412439219,0.41805555555555557
2015-01-15,302,1230,412438452,4.484861111111111
2015-01-15,302,1229,412438709,3.300416666666667
2015-01-15,302,1228,412438709,0.52013888888888893
2015-01-15,302,1230,412438709,3.5251388888888888
2015-01-15,302,1228,412439221,4.28125
2015-01-15,302,1228,412366519,0.64819444444444441
2015-01-15,302,1229,412366519,3.3405555555555555
2015-01-15,302,1230,412438711,3.0329166666666669
2015-01-15,302,1232,412400057,0.52444444444444449
2015-01-15,302,1230,412400057,0.90777777777777779
2015-01-15,302,1231,412400057,0.55805555555555553
2015-01-15,302,1230,412438718,5.5349999999999993
2015-01-15,302,1230,412438719,1.2791666666666668
2015-01-15,302,1229,412439233,1.9747222222222223
2015-01-15,302,1230,412439233,2.3827777777777777
2015-01-15,302,1228,412439233,0.93291666666666673
2015-01-15,302,1229,412439239,0.25388888888888889
2015-01-15,302,1230,412438728,3.0005555555555552
2015-01-15,302,1223,412413128,0.80819444444444444
2015-01-15,302,1228,412438729,5.26111111111111
2015-01-15,302,1230,412439243,1.5779166666666669
2015-01-15,302,1230,412438481,2.48875
2015-01-15,302,1229,412438737,1.51375
2015-01-15,302,1228,412438737,2.61875
2015-01-15,302,1229,412438482,0.30138888888888887
2015-01-15,302,1230,412438482,3.4836111111111112
2015-01-15,302,1229,412439251,0.23736111111111113
2015-01-15,302,1228,412439251,2.5540277777777782
2015-01-15,302,1228,412438484,3.1951388888888892
2015-01-15,302,1230,412438484,2.8619444444444442
2015-01-15,302,1230,412439253,4.5919444444444446
2015-01-15,302,1229,412439253,2.0251388888888888
2015-01-15,302,1230,412438743,1.2920833333333333
2015-01-15,302,1228,412438745,2.087361111111111
2015-01-15,302,1230,412438747,4.2458333333333327
2015-01-15,302,1229,412422365,2.3345833333333332
2015-01-15,302,1228,412422365,11.710694444444446
2015-01-15,302,1230,412438494,6.125694444444445
2015-01-15,302,1229,412438496,1.733611111111111
2015-01-15,302,1230,412438496,4.7837499999999995
2015-01-15,302,1228,412438752,1.9205555555555556
2015-01-15,302,1229,412438497,0.81777777777777771
2015-01-15,302,1230,412438497,1.8015277777777776
2015-01-15,302,1230,412438754,1.429027777777778
2015-01-15,302,1230,412438758,4.2887499999999994
2015-01-15,302,1230,200010728,1.7790277777777777
2015-01-15,302,1228,412438762,2.4405555555555551
2015-01-15,302,1228,412438508,1.4776388888888887
2015-01-15,302,1230,412438508,2.963888888888889
2015-01-15,302,1229,412439278,2.8329166666666667
2015-01-15,302,1228,412439278,3.5769444444444445
2015-01-15,302,1229,412438767,1.326111111111111
2015-01-15,302,1231,412420593,0.65736111111111106
2015-01-15,302,1230,412439283,1.8820833333333336
2015-01-15,302,1229,412439283,2.1093055555555558
2015-01-15,302,1230,412438772,4.2881944444444446
2015-01-15,302,1229,412438772,0.35875
2015-01-15,302,1228,412423417,1.9525000000000003
2015-01-15,302,1229,412423418,0.23722222222222222
2015-01-15,302,1226,412438779,0.44986111111111116
2015-01-15,558,1485,273892610,1.5901388888888888
2015-01-15,558,1486,273892100,10.857083333333334
2015-01-15,558,1485,273892100,4.8084722222222229
2015-01-15,558,-1680,367892000,1.2716666666666667
2015-01-15,558,-1679,367892000,3.8591666666666664
2015-01-15,558,-1681,367892000,1.6538888888888887
2015-01-15,558,-1672,367170350,4.9352777777777792
2015-01-15,558,-1673,367170350,0.80222222222222228
2015-01-15,558,1485,273240400,6.3526388888888885
2015-01-15,558,1541,273846610,3.3768055555555554
2015-01-15,558,1542,273846610,3.7666666666666666
2015-01-15,558,1485,273561700,3.80375
2015-01-15,558,1488,273447080,2.0611111111111109
2015-01-15,558,1486,273829100,2.3947222222222222
2015-01-15,558,1471,273873400,4.5847222222222221
2015-01-15,814,236,331070000,1.5433333333333332
2015-01-15,814,247,231053000,1.5402777777777779
2015-01-15,-466,-603,440256000,5.2905555555555557
2015-01-15,-466,-604,412331017,5.284583333333333
2015-01-15,-466,-605,440191000,5.2801388888888887
2015-01-15,-466,-606,412420382,6.3858333333333341
2015-01-15,-466,-609,224820000,0.81430555555555562
2015-01-15,-466,-606,412420912,4.527916666666667
2015-01-15,-466,-605,412420912,3.0095833333333331
2015-01-15,-466,-610,441565000,7.4383333333333326
2015-01-15,-466,-607,412420432,24.66875
2015-01-15,-466,-606,441330000,9.4641666666666673
2015-01-15,-466,-650,701006427,12.097083333333334
2015-01-15,-466,-606,441007000,2.657777777777778
2015-01-15,-466,-605,441007000,1.9468055555555557
2015-01-15,-466,1667,512419000,4.4509722222222221
2015-01-15,-466,1668,512419000,3.7173611111111109
2015-01-15,-466,-605,412329686,4.9279166666666665
2015-01-15,-466,-606,412329686,0.77777777777777779
2015-01-15,-466,-605,412329687,1.2113888888888888
2015-01-15,-466,-606,412329687,0.16527777777777777
2015-01-15,-466,-606,412270039,0.34722222222222221
2015-01-15,-466,-604,412270039,1.0265277777777779
2015-01-15,-466,-605,412270039,0.99416666666666664
2015-01-15,-466,-606,412329689,0.42305555555555557
2015-01-15,-466,-605,412329689,0.97680555555555559
2015-01-15,-466,-605,412329692,2.38875
2015-01-15,-466,-605,412329693,1.1677777777777778
2015-01-15,-466,-606,412329693,5.8595833333333331
2015-01-15,-466,1675,512004085,1.1706944444444445
2015-01-15,-466,1674,512004085,3.2962499999999997
2015-01-15,-466,-607,412424702,16.912222222222223
2015-01-15,-210,-1226,412420915,5.7490277777777772
2015-01-15,-210,-208,224016000,0.39055555555555554
2015-01-15,-210,-209,224016000,0.91625000000000012
2015-01-15,-210,-207,224016000,0.99194444444444452
2015-01-15,-210,-968,224313000,0.92361111111111116
2015-01-15,-210,-967,224313000,1.7680555555555553
2015-01-15,-210,-222,224609000,0.862638888888889
2015-01-15,-210,-220,224609000,0.36652777777777779
2015-01-15,-210,-221,224609000,0.73708333333333331
2015-01-15,-210,-223,224609000,6.990555555555555
2015-01-15,47,-1596,440522000,17.508194444444442
2015-01-15,47,-1666,412420892,2.0084722222222222
2015-01-15,47,-1670,412420892,3.6376388888888886
2015-01-15,47,-1667,412420892,3.9506944444444438
2015-01-15,47,-1671,412420892,6.1884722222222219
2015-01-15,47,-10,627817000,9.8584722222222219
2015-01-15,47,-1763,440787000,0.99569444444444444
2015-01-15,47,1572,111191622,5.5084722222222222
2015-01-15,47,-8,627143000,12.089861111111112
2015-01-15,47,-1676,412420197,1.0987500000000001
2015-01-15,47,-10,627120000,4.81013888888889
2015-01-15,47,1543,432971000,3.6870833333333337
2015-01-15,303,1230,412420354,2.6251388888888889
2015-01-15,303,1230,412439299,0.26236111111111116
2015-01-15,303,1229,412410884,9.1426388888888876
2015-01-15,303,1229,412413959,12.864166666666669
2015-01-15,303,1230,412439061,0.83
2015-01-15,303,1224,412413978,1.7954166666666667
2015-01-15,303,1223,412413978,9.8534722222222229
2015-01-15,303,1230,412438815,0.32875
2015-01-15,303,1229,412439071,0.29055555555555557
2015-01-15,303,1228,412439071,0.1875
2015-01-15,303,1230,412439333,4.529583333333334
2015-01-15,303,1228,412439333,4.4555555555555557
2015-01-15,303,1229,412439333,1.0387499999999998
2015-01-15,303,1229,412418858,1.7090277777777778
2015-01-15,303,1230,412439086,1.528472222222222
2015-01-15,303,1230,412439343,1.3579166666666667
2015-01-15,303,1230,412439346,1.5368055555555555
2015-01-15,303,1230,412439353,2.4002777777777777
2015-01-15,303,1231,412423739,2.1056944444444445
2015-01-15,303,1230,412423739,1.1497222222222223
2015-01-15,303,1230,412438587,1.4484722222222222
2015-01-15,303,1230,412438595,1.1358333333333333
2015-01-15,303,1230,412439363,3.2233333333333327
2015-01-15,303,1230,412439109,2.3329166666666667
2015-01-15,303,1230,412439367,2.4756944444444446
2015-01-15,303,1229,412438858,3.822916666666667
2015-01-15,303,1231,412422988,3.1558333333333333
2015-01-15,303,1230,412439372,2.5502777777777776
2015-01-15,303,1230,412439373,5.3479166666666664
2015-01-15,303,1229,412424016,11.16236111111111
2015-01-15,303,1230,412438608,0.79583333333333328
2015-01-15,303,1230,412438611,0.66652777777777772
2015-01-15,303,1230,412438867,0.75847222222222221
2015-01-15,303,1230,412439379,2.3213888888888889
2015-01-15,303,1231,412422997,2.3144444444444443
2015-01-15,303,1229,412439381,0.78375
2015-01-15,303,1230,412439381,4.69125
2015-01-15,303,1230,412438616,1.2977777777777777
2015-01-15,303,1230,412438875,0.69166666666666665
2015-01-15,303,1230,412439388,1.7448611111111112
2015-01-15,303,1230,412439392,0.35430555555555554
2015-01-15,303,1230,412439408,1.3163888888888891
2015-01-15,303,1230,412438899,1.3119444444444446
2015-01-15,303,1230,412439415,3.8393055555555553
2015-01-15,303,1230,412423288,2.9976388888888885
2015-01-15,303,1230,412439419,1.9080555555555554
2015-01-15,303,1230,412438652,2.8263888888888888
2015-01-15,303,1230,412438909,1.4536111111111112
2015-01-15,303,1230,412438656,3.8802777777777777
2015-01-15,303,1229,412438656,0.84097222222222223
2015-01-15,303,1229,412438917,2.0598611111111111
2015-01-15,303,1230,412438663,0.30805555555555553
2015-01-15,303,1230,412435852,0.84180555555555558
2015-01-15,303,1230,412438926,0.54555555555555557
2015-01-15,303,1230,412439189,2.2081944444444446
2015-01-15,303,1231,412439189,0.93902777777777779
2015-01-15,303,1230,412438679,3.725972222222222
2015-01-15,303,1230,412438935,4.41625
2015-01-15,303,1230,412439449,1.5101388888888887
2015-01-15,303,1231,412439449,0.25430555555555556
2015-01-15,303,1230,412438939,1.8397222222222223
2015-01-15,303,1230,412439204,1.5759722222222221
2015-01-15,303,1230,412439205,0.54097222222222219
2015-01-15,303,1228,412432039,0.25430555555555556
2015-01-15,303,1229,412432039,0.74055555555555552
2015-01-15,303,1230,412366507,3.1759722222222222
2015-01-15,303,-814,366838960,11.899583333333334
2015-01-15,303,1229,412438452,0.81777777777777783
2015-01-15,303,1229,412438709,0.19277777777777777
2015-01-15,303,1228,412439221,3.3131944444444446
2015-01-15,303,1229,412439221,1.1927777777777777
2015-01-15,303,1230,412439221,4.7366666666666664
2015-01-15,303,1229,412366519,1.3766666666666669
2015-01-15,303,1231,412400057,2.1855555555555557
2015-01-15,303,1230,412400057,2.3798611111111114
2015-01-15,303,1230,412438718,2.515138888888889
2015-01-15,303,1230,412439231,3.5969444444444445
2015-01-15,303,1230,412439233,3.2179166666666665
2015-01-15,303,1229,412439233,4.9155555555555557
2015-01-15,303,1230,412438728,1.2916666666666667
2015-01-15,303,1230,412438729,4.08388888888889
2015-01-15,303,1228,412438729,1.9070833333333335
2015-01-15,303,1228,412411346,13.645972222222222
2015-01-15,303,1228,412439251,0.46180555555555558
2015-01-15,303,1230,412438484,3.0347222222222223
2015-01-15,303,1230,412438747,3.02625
2015-01-15,303,1228,412422365,7.304444444444445
2015-01-15,303,1229,412438497,0.64583333333333326
2015-01-15,303,1230,412438754,1.0870833333333334
2015-01-15,303,1228,412428261,1.6983333333333333
2015-01-15,303,1228,412428262,1.57375
2015-01-15,303,1230,412438758,1.8041666666666667
2015-01-15,303,1230,200010728,1.5605555555555553
2015-01-15,303,1231,200010728,0.27944444444444444
2015-01-15,303,1227,412428265,1.5690277777777779
2015-01-15,303,1227,412428266,1.51125
2015-01-15,303,1230,412438508,1.4684722222222222
2015-01-15,303,1230,412439278,5.1102777777777781
2015-01-15,303,1228,412439278,4.2727777777777778
2015-01-15,303,1230,412439025,3.5413888888888887
2015-01-15,303,1230,412438771,3.4745833333333334
2015-01-15,303,1228,412423417,0.27069444444444446
2015-01-15,303,1226,412438779,0.85625000000000007
2015-01-15,559,1485,273892610,5.6913888888888886
2015-01-15,559,1485,273892100,1.5763888888888888
2015-01-15,559,-1682,367892000,0.76763888888888887
2015-01-15,559,-1681,367892000,6.01
2015-01-15,559,-1680,367892000,1.5199999999999998
2015-01-15,559,-1679,367892000,1.4088888888888889
2015-01-15,559,-1671,367170350,2.0679166666666666
2015-01-15,559,-1673,367170350,1.4847222222222221
2015-01-15,559,-1672,367170350,1.7693055555555557
2015-01-15,559,1486,273240400,2.0651388888888889
2015-01-15,559,1541,273846610,7.131388888888889
2015-01-15,559,1542,273846610,6.8848611111111113
2015-01-15,559,1485,273561700,13.175277777777778
2015-01-15,559,1486,273826220,6.298055555555556
2015-01-15,559,1486,273829100,1.5654166666666667
2015-01-15,559,1485,273829100,1.5527777777777778
2015-01-15,-465,-603,440256000,4.240277777777778
2015-01-15,-465,-608,412371203,6.4461111111111107
2015-01-15,-465,-604,412331017,12.405833333333334
2015-01-15,-465,-606,412420382,7.1608333333333336
2015-01-15,-465,-609,224820000,2.9506944444444443
2015-01-15,-465,-605,440201000,12.732083333333332
2015-01-15,-465,-605,412420912,0.86097222222222225
2015-01-15,-465,-650,701006427,3.4719444444444445
2015-01-15,-465,-649,701006427,2.3861111111111111
2015-01-15,-465,-605,441404000,18.02513888888889
2015-01-15,-465,-605,412424547,11.624444444444444
2015-01-15,-465,-605,441360000,5.2743055555555554
2015-01-15,-465,-605,441007000,2.4572222222222222
2015-01-15,-465,-607,412694470,5.6468055555555559
2015-01-15,-465,-605,412420809,9.3681944444444429
2015-01-15,-465,-605,412329686,0.30555555555555558
2015-01-15,-465,-604,412329686,4.0725
2015-01-15,-465,-605,412329687,0.38444444444444442
2015-01-15,-465,-604,412329687,1.5225
2015-01-15,-465,-604,412270039,1.0538888888888889
2015-01-15,-465,-605,412270039,0.69361111111111118
2015-01-15,-465,-606,412420312,21.40347222222222
2015-01-15,-465,-604,441879000,3.2352777777777781
2015-01-15,-465,-605,412329689,1.1919444444444445
2015-01-15,-465,-605,412329693,0.75722222222222224
2015-01-15,-465,-604,412329693,0.8009722222222222
2015-01-15,-465,1674,512004085,2.9613888888888882
2015-01-15,-465,-619,701006073,4.5176388888888885
2015-01-15,-465,-607,412371195,8.74722222222222
2015-01-15,-465,-607,412371196,8.6308333333333334
2015-01-15,-209,427,431838000,2.8470833333333339
2015-01-15,-209,428,431838000,4.1484722222222219
2015-01-15,-209,-1225,412420915,0.79583333333333317
2015-01-15,-209,-209,224016000,1.7611111111111113
2015-01-15,-209,-208,224016000,1.3387499999999999
2015-01-15,-209,1641,540005000,2.7194444444444441
2015-01-15,-209,125,659322000,1.4233333333333333
2015-01-15,-209,-967,224313000,0.824861111111111
2015-01-15,-209,-220,224609000,0.76541666666666663
2015-01-15,-209,-219,224609000,1.315
2015-01-15,48,-30,627584000,1.1997222222222221
2015-01-15,48,-1594,412331033,1.5206944444444443
2015-01-15,48,-1592,412331033,4.8913888888888888
2015-01-15,48,-1595,412331033,3.725
2015-01-15,48,-1593,412331033,1.9966666666666659
2015-01-15,48,-1666,412420892,6.6381944444444443
2015-01-15,48,-10,627817000,6.509722222222222
2015-01-15,48,-9,627817000,2.2448611111111108
2015-01-15,48,-28,627038000,1.869861111111111
2015-01-15,48,-1767,440787000,3.7443055555555556
2015-01-15,48,-1763,440787000,2.2058333333333335
2015-01-15,48,-1591,440595000,6.0806944444444451
2015-01-15,48,-1590,440595000,12.413611111111111
2015-01-15,48,-9,627143000,9.0236111111111121
2015-01-15,48,-30,627943000,6.4944444444444445
2015-01-15,48,-1675,412420197,1.8262500000000002
2015-01-15,48,-1676,412420197,0.83402777777777781
2015-01-15,48,-9,627942000,9.7618055555555561
2015-01-15,48,-9,627600000,1.962361111111111
2015-01-15,48,-9,627599000,9.30361111111111
2015-01-15,48,-1704,413270430,2.3818055555555553
2015-01-15,48,-1703,413270430,0.652638888888889
2015-01-15,48,-1707,413270430,3.6420833333333338
2015-01-15,48,1768,520217000,6.5356944444444443
2015-01-15,48,-9,627160000,6.3758333333333344
2015-01-15,304,1231,412420354,2.1623611111111112
2015-01-15,304,1229,412410884,0.550138888888889
2015-01-15,304,1227,412424457,3.5531944444444443
2015-01-15,304,1228,412424457,4.4170833333333341
2015-01-15,304,1228,412424458,1.8444444444444446
2015-01-15,304,1227,412424458,5.12875
2015-01-15,304,1228,412424461,9.6652777777777814
2015-01-15,304,1227,412424461,1.1530555555555557
2015-01-15,304,1227,412424462,1.8440277777777774
2015-01-15,304,1228,412424462,2.7020833333333338
2015-01-15,304,1228,412424464,4.5559722222222225
2015-01-15,304,1227,412424464,3.6344444444444446
2015-01-15,304,1227,412424465,0.56638888888888894
2015-01-15,304,1228,412424465,7.0043055555555558
2015-01-15,304,1228,412424467,9.0208333333333321
2015-01-15,304,1227,412424467,2.1480555555555556
2015-01-15,304,1227,412424468,4.408611111111111
2015-01-15,304,1228,412424468,5.6040277777777776
2015-01-15,304,1230,412438804,2.9227777777777777
2015-01-15,304,1228,412424469,8.2454166666666655
2015-01-15,304,1227,412424469,0.52083333333333326
2015-01-15,304,1227,412424472,6.9777777777777779
2015-01-15,304,1228,412424476,3.9974999999999996
2015-01-15,304,1228,412424477,0.27055555555555555
2015-01-15,304,1227,412424477,6.0815277777777776
2015-01-15,304,1228,412424478,7.41611111111111
2015-01-15,304,1227,412424478,1.7733333333333334
2015-01-15,304,1227,412424479,0.57041666666666668
2015-01-15,304,1228,412424479,9.3777777777777764
2015-01-15,304,1227,412424486,4.3469444444444445
2015-01-15,304,1228,412424486,5.0245833333333332
2015-01-15,304,1227,412424488,5.0475
2015-01-15,304,1228,412424488,4.25986111111111
2015-01-15,304,1229,412418858,1.2422222222222223
2015-01-15,304,1230,412439086,2.9973611111111116
2015-01-15,304,1230,412439343,1.5169444444444444
2015-01-15,304,1230,412439346,0.77347222222222223
2015-01-15,304,1230,412439351,2.9470833333333331
2015-01-15,304,1227,412424505,0.80763888888888891
2015-01-15,304,1228,412424505,7.8101388888888881
2015-01-15,304,1230,412439353,1.5541666666666667
2015-01-15,304,1231,412423739,2.7398611111111109
2015-01-15,304,1230,412439358,1.0838888888888889
2015-01-15,304,1229,412413247,1.1670833333333333
2015-01-15,304,1230,412439363,0.25027777777777777
2015-01-15,304,1230,412439109,1.275
2015-01-15,304,1231,412422988,2.1641666666666666
2015-01-15,304,1230,412438604,1.9327777777777779
2015-01-15,304,1230,412439373,0.3125
2015-01-15,304,1229,412424016,0.34513888888888888
2015-01-15,304,1230,412439379,1.1327777777777777
2015-01-15,304,1231,412422997,2.09
2015-01-15,304,1230,412439381,1.15375
2015-01-15,304,1229,412423258,0.27041666666666664
2015-01-15,304,1230,412438879,2.7188888888888889
2015-01-15,304,1230,412439406,0.30874999999999997
2015-01-15,304,1230,412439408,1.1288888888888888
2015-01-15,304,1229,412423288,13.152083333333332
2015-01-15,304,1230,412439419,1.432638888888889
2015-01-15,304,1229,412423292,0.25375000000000003
2015-01-15,304,1228,412423292,1.1559722222222222
2015-01-15,304,1230,412438652,1.7031944444444442
2015-01-15,304,1211,900017537,2.4812499999999997
2015-01-15,304,1230,412438667,2.8005555555555555
2015-01-15,304,1230,412439189,0.24069444444444443
2015-01-15,304,1230,412438939,1.9240277777777777
2015-01-15,304,1230,412438688,2.7970833333333331
2015-01-15,304,1230,412439204,2.6990277777777774
2015-01-15,304,1229,412432039,0.17125
2015-01-15,304,1230,412432039,1.5272222222222225
2015-01-15,304,1224,412413102,3.7174999999999994
2015-01-15,304,-814,366838960,9.7719444444444452
2015-01-15,304,1228,412439221,0.65333333333333332
2015-01-15,304,1229,412366519,0.7813888888888888
2015-01-15,304,1231,412400057,1.7109722222222223
2015-01-15,304,1230,412438718,3.0895833333333336
2015-01-15,304,1229,412438718,2.7976388888888888
2015-01-15,304,1229,412422079,8.0731944444444448
2015-01-15,304,1230,412439233,3.6251388888888894
2015-01-15,304,1224,412428488,1.1404166666666666
2015-01-15,304,1230,412438728,0.60083333333333333
2015-01-15,304,1226,412425674,0.61569444444444443
2015-01-15,304,1228,412411346,7.372638888888889
2015-01-15,304,1230,412438484,0.52486111111111111
2015-01-15,304,1227,412439254,0.27097222222222223
2015-01-15,304,1228,412428261,1.8151388888888886
2015-01-15,304,1228,412428262,2.056111111111111
2015-01-15,304,1226,412400103,2.9776388888888889
2015-01-15,304,1227,412428265,2.98
2015-01-15,304,1227,412428266,2.0734722222222222
2015-01-15,304,1230,412439025,3.5177777777777779
2015-01-15,304,1229,412423417,1.4438888888888888
2015-01-15,304,1227,412438779,0.94958333333333345
2015-01-15,560,1486,273892100,5.6919444444444443
2015-01-15,560,126,219004203,0.21097222222222223
2015-01-15,560,-1672,367170350,1.1993055555555554
2015-01-15,560,-1675,367170350,0.4523611111111111
2015-01-15,560,-1674,367170350,0.81125
2015-01-15,560,-1673,367170350,2.8448611111111122
2015-01-15,560,1485,273561700,1.5519444444444446
2015-01-15,560,-1697,366480000,1.7118055555555551
2015-01-15,560,-1702,366480000,2.8609722222222222
2015-01-15,560,1487,273826220,1.5499999999999998
2015-01-15,560,1486,273826220,10.654722222222222
2015-01-15,560,-93,226158000,15.422222222222222
2015-01-15,560,1487,273829100,5.6831944444444442
2015-01-15,560,1485,273829100,8.8822222222222234
2015-01-15,-464,-605,412371204,5.1490277777777775
2015-01-15,-464,-605,412439575,10.604166666666668
2015-01-15,-464,-609,224820000,4.1436111111111114
2015-01-15,-464,-604,224701000,7.8401388888888883
2015-01-15,-464,-608,441766000,3.4240277777777779
2015-01-15,-464,-607,441766000,6.4243055555555557
2015-01-15,-464,-606,900028532,12.396388888888888
2015-01-15,-464,-604,441360000,2.4220833333333331
2015-01-15,-464,-605,441360000,1.8123611111111111
2015-01-15,-464,-604,441413000,6.3520833333333337
2015-01-15,-464,-607,900028578,7.1309722222222227
2015-01-15,-464,-607,412694470,5.0225
2015-01-15,-464,-606,900028619,7.1627777777777784
2015-01-15,-464,-607,900028621,11.631527777777778
2015-01-15,-464,-606,412694480,9.4308333333333358
2015-01-15,-464,-604,412329686,5.9804166666666667
2015-01-15,-464,-604,412270039,1.0377777777777779
2015-01-15,-464,-604,441879000,2.0294444444444446
2015-01-15,-464,-604,441495000,4.9715277777777773
2015-01-15,-464,-604,412329689,7.403888888888889
2015-01-15,-464,-605,412420317,14.831666666666667
2015-01-15,-464,-604,412329693,1.2823611111111108
2015-01-15,-464,-603,412329693,4.012777777777778
2015-01-15,-464,1674,512004085,8.5615277777777781
2015-01-15,-464,-605,412329463,0.98458333333333337
2015-01-15,-208,425,431838000,6.9712499999999995
2015-01-15,-208,424,431838000,3.3426388888888892
2015-01-15,-208,423,431838000,2.2845833333333339
2015-01-15,-208,1623,540003900,1.8090277777777777
2015-01-15,-208,1154,503179400,9.4497222222222224
2015-01-15,-208,124,659322000,2.135
2015-01-15,-208,125,659322000,0.38930555555555557
2015-01-15,-208,123,659322000,1.0472222222222223
2015-01-15,-208,-967,224313000,0.55708333333333337
2015-01-15,-208,-218,224609000,2.8654166666666665
2015-01-15,49,-1594,412331033,0.39152777777777781
2015-01-15,49,-1763,440787000,0.315
2015-01-15,49,-1764,440787000,4.4504166666666665
2015-01-15,49,1577,111191622,3.9188888888888886
2015-01-15,49,1576,111191622,2.4562500000000003
2015-01-15,49,-1586,440604000,8.9508333333333319
2015-01-15,49,-1673,412420197,10.69027777777778
2015-01-15,49,-9,627600000,2.6781944444444448
2015-01-15,49,-12,627119000,5.2484722222222224
2015-01-15,49,-8,627599000,3.83875
2015-01-15,49,-9,627599000,7.1563888888888876
2015-01-15,49,-1703,413270430,2.6584722222222226
2015-01-15,49,-1706,413270430,0.29444444444444445
2015-01-15,49,-1705,413270430,0.77902777777777787
2015-01-15,49,-1707,413270430,1.7084722222222217
2015-01-15,49,-1704,413270430,1.3594444444444445
2015-01-15,49,1768,520217000,12.454444444444443
2015-01-15,49,1541,431809000,11.43277777777778
2015-01-15,305,1231,412420354,0.3248611111111111
2015-01-15,305,1230,412420354,0.40416666666666667
2015-01-15,305,1228,412424457,2.9101388888888891
2015-01-15,305,1227,412424457,8.4301388888888891
2015-01-15,305,1227,412424458,9.94888888888889
2015-01-15,305,1227,412424461,5.7637500000000008
2015-01-15,305,1228,412424461,4.5834722222222224
2015-01-15,305,1228,200009229,3.3429166666666665
2015-01-15,305,1228,412424462,1.2526388888888889
2015-01-15,305,1227,412424462,13.300555555555555
2015-01-15,305,1227,412424464,7.8048611111111121
2015-01-15,305,1228,412424464,3.08875
2015-01-15,305,1227,412424465,6.9083333333333314
2015-01-15,305,1228,412424465,4.5874999999999995
2015-01-15,305,1227,412424467,8.1765277777777783
2015-01-15,305,1227,412424468,5.944583333333334
2015-01-15,305,1228,412424468,3.5281944444444449
2015-01-15,305,1230,412438804,1.9830555555555556
2015-01-15,305,1227,412424469,8.7833333333333314
2015-01-15,305,1228,412424469,2.7263888888888888
2015-01-15,305,1230,412438805,5.6183333333333341
2015-01-15,305,1226,412424472,1.3469444444444445
2015-01-15,305,1227,412424472,6.0909722222222218
2015-01-15,305,1232,412421914,20.535555555555565
2015-01-15,305,1227,412424476,5.2241666666666671
2015-01-15,305,1228,412424476,6.1737499999999992
2015-01-15,305,1227,412424477,7.8004166666666652
2015-01-15,305,1227,412424478,9.01236111111111
2015-01-15,305,1228,412424478,1.3199999999999998
2015-01-15,305,1227,412424479,9.3130555555555556
2015-01-15,305,1228,412424479,1.5827777777777778
2015-01-15,305,1228,412424486,1.9401388888888889
2015-01-15,305,1227,412424486,8.6801388888888891
2015-01-15,305,1228,412424488,0.84083333333333332
2015-01-15,305,1227,412424488,9.2906944444444441
2015-01-15,305,1230,412439086,0.28277777777777779
2015-01-15,305,1230,412439351,1.5629166666666665
2015-01-15,305,1228,412424505,3.1886111111111108
2015-01-15,305,1227,412424505,7.1184722222222234
2015-01-15,305,1231,412423739,1.0613888888888889
2015-01-15,305,1227,412423235,2.7770833333333331
2015-01-15,305,1231,412422988,0.475
2015-01-15,305,1230,412438604,0.9244444444444444
2015-01-15,305,1230,412438865,4.0551388888888882
2015-01-15,305,1231,412422997,0.22499999999999998
2015-01-15,305,1221,900300126,2.0109722222222222
2015-01-15,305,1230,412438879,2.4934722222222221
2015-01-15,305,1210,200007007,1.7009722222222223
2015-01-15,305,1234,412422759,2.8573611111111115
2015-01-15,305,1230,412439406,5.3327777777777783
2015-01-15,305,1230,412438652,0.56180555555555556
2015-01-15,305,1226,412412552,0.2583333333333333
2015-01-15,305,1230,412438667,3.4330555555555557
2015-01-15,305,1224,412411019,2.7945833333333332
2015-01-15,305,1230,412439448,3.0188888888888892
2015-01-15,305,1234,412428185,2.2729166666666667
2015-01-15,305,1230,412438939,0.77
2015-01-15,305,1230,412438688,2.4693055555555556
2015-01-15,305,1210,412417961,1.9480555555555557
2015-01-15,305,1209,412417961,0.94958333333333333
2015-01-15,305,1235,412421805,0.50805555555555548
2015-01-15,305,1224,412413101,9.8704166666666655
2015-01-15,305,1224,412413102,4.9476388888888891
2015-01-15,305,1231,412400057,0.56180555555555567
2015-01-15,305,1229,412438718,0.32444444444444442
2015-01-15,305,1234,412400069,3.5566666666666666
2015-01-15,305,1223,412428488,1.4856944444444444
2015-01-15,305,1228,412439254,0.25847222222222221
2015-01-15,305,1230,412439254,3.762777777777778
2015-01-15,305,1227,412428258,1.4544444444444444
2015-01-15,305,1227,412428259,1.0076388888888888
2015-01-15,305,1228,412428261,2.1770833333333335
2015-01-15,305,1228,412428262,2.0647222222222221
2015-01-15,305,1226,412400103,2.5720833333333331
2015-01-15,305,1223,412413159,2.3151388888888889
2015-01-15,305,1224,412413159,6.2416666666666663
2015-01-15,305,1227,412428265,1.8116666666666665
2015-01-15,305,1227,412428266,2.4309722222222225
2015-01-15,305,1227,412428271,3.0255555555555551
2015-01-15,305,1230,412439025,0.27097222222222223
2015-01-15,305,1230,412438779,5.1609722222222221
2015-01-15,305,1228,412438779,0.9836111111111111
2015-01-15,305,-1655,416053500,17.612361111111113
2015-01-15,305,1224,412421119,4.1408333333333331
2015-01-15,561,124,220032000,4.5419444444444439
2015-01-15,561,123,220032000,0.66583333333333328
2015-01-15,561,123,219004203,6.0763888888888893
2015-01-15,561,-1675,367170350,0.17222222222222222
2015-01-15,561,-1673,367170350,0.089583333333333334
2015-01-15,561,-1672,367170350,1.2384722222222224
2015-01-15,561,-1674,367170350,0.17097222222222222
2015-01-15,561,-1670,367124050,1.205
2015-01-15,561,-1679,303462000,8.1030555555555548
2015-01-15,561,-1678,303462000,3.6911111111111108
2015-01-15,561,-1677,303462000,3.5709722222222218
2015-01-15,561,-1698,366480000,3.4513888888888884
2015-01-15,561,-1701,366480000,2.9441666666666668
2015-01-15,561,-1464,338137000,0.37694444444444442
2015-01-15,561,-1462,338137000,0.3051388888888889
2015-01-15,561,-1461,338137000,0.35416666666666669
2015-01-15,561,-1460,338137000,0.33652777777777776
2015-01-15,561,-1463,338137000,0.355
2015-01-15,561,-1465,338137000,0.15291666666666667
2015-01-15,561,1487,273826220,5.5643055555555554
2015-01-15,561,-94,226158000,7.9004166666666666
2015-01-15,561,-93,226158000,0.69819444444444445
2015-01-15,-463,-605,412371204,3.4943055555555556
2015-01-15,-463,-605,412371205,8.637777777777778
2015-01-15,-463,-602,200006667,10.855277777777777
2015-01-15,-463,-608,224820000,0.32944444444444448
2015-01-15,-463,-609,224820000,0.79402777777777778
2015-01-15,-463,-605,412690730,11.387083333333333
2015-01-15,-463,-604,515303000,4.2518055555555554
2015-01-15,-463,-606,412420456,9.20986111111111
2015-01-15,-463,-605,900028532,11.658750000000001
2015-01-15,-463,-604,441413000,2.356527777777778
2015-01-15,-463,-604,412206008,10.840555555555556
2015-01-15,-463,-604,412206009,6.3461111111111119
2015-01-15,-463,-604,412270039,0.83875
2015-01-15,-463,-603,412270039,1.4195833333333332
2015-01-15,-463,-604,441559000,6.350138888888889
2015-01-15,-463,-604,441495000,4.04125
2015-01-15,-463,-602,412329693,3.3456944444444443
2015-01-15,-463,-603,412329693,1.6875
2015-01-15,-463,-605,412326885,18.051944444444445
2015-01-15,-463,-607,200006637,11.700555555555555
2015-01-15,-463,-605,412329463,2.7280555555555561
2015-01-15,-463,-604,412329463,2.740277777777778
2015-01-15,-463,-604,440683000,6.3651388888888887
2015-01-15,-463,-618,701006073,1.52375
2015-01-15,-207,423,431838000,1.3875
2015-01-15,-207,422,431838000,0.38902777777777775
2015-01-15,-207,123,659322000,1.6681944444444445
2015-01-15,-207,122,659322000,1.0259722222222223
2015-01-15,-207,-967,224313000,2.6306944444444444
2015-01-15,-207,-237,224140000,1.387361111111111
2015-01-15,-207,-236,224140000,1.0531944444444443
2015-01-15,-207,-238,224140000,0.35
2015-01-15,50,-1784,440574000,11.008888888888889
2015-01-15,50,1574,111191622,11.814583333333335
2015-01-15,50,-8,627389000,0.27513888888888888
2015-01-15,50,-7,627389000,6.9036111111111111
2015-01-15,50,-1590,440604000,1.5013888888888889
2015-01-15,50,-1588,440604000,3.9122222222222218
2015-01-15,50,-1589,440604000,1.3284722222222221
2015-01-15,50,-1591,440604000,1.4269444444444443
2015-01-15,50,-1592,440604000,4.322222222222222
2015-01-15,50,1541,431809000,10.393472222222222
2015-01-15,50,1541,432971000,0.18972222222222221
2015-01-15,50,1542,432971000,5.5627777777777769
2015-01-15,306,1231,412422145,0.53333333333333344
2015-01-15,306,1217,900032008,7.3151388888888889
2015-01-15,306,1227,412424457,1.0943055555555554
2015-01-15,306,1218,900032009,7.6301388888888884
2015-01-15,306,1227,412424458,0.57444444444444442
2015-01-15,306,1227,412424461,0.27458333333333335
2015-01-15,306,1227,412424462,0.48291666666666666
2015-01-15,306,1228,412424464,0.25388888888888889
2015-01-15,306,1227,412424464,1.4194444444444447
2015-01-15,306,1228,412424465,0.24958333333333332
2015-01-15,306,1227,412424465,2.1355555555555554
2015-01-15,306,1227,412424467,0.2830555555555555
2015-01-15,306,1227,412424468,0.55388888888888888
2015-01-15,306,1230,412438804,3.7497222222222222
2015-01-15,306,1227,412424469,0.72847222222222219
2015-01-15,306,1230,412438805,2.6090277777777775
2015-01-15,306,1226,412424472,0.2663888888888889
2015-01-15,306,1227,412424472,0.27486111111111111
2015-01-15,306,1218,900032025,6.0884722222222232
2015-01-15,306,1227,412424476,3.199583333333333
2015-01-15,306,1227,412424477,0.26666666666666672
2015-01-15,306,1227,412424478,0.77402777777777776
2015-01-15,306,1231,412422692,0.87402777777777785
2015-01-15,306,1227,412424486,1.0362500000000001
2015-01-15,306,1227,412424488,0.81097222222222221
2015-01-15,306,1221,900300328,2.1084722222222223
2015-01-15,306,1228,412428588,3.9274999999999993
2015-01-15,306,1227,412424505,2.39
2015-01-15,306,1228,412423235,4.6365277777777774
2015-01-15,306,1227,412423235,0.82388888888888889
2015-01-15,306,1230,412438865,4.075277777777778
2015-01-15,306,1225,412428635,8.51388888888889
2015-01-15,306,1227,412428638,3.2006944444444443
2015-01-15,306,1220,900300126,1.7326388888888888
2015-01-15,306,1230,412438879,1.9858333333333333
2015-01-15,306,1235,412422759,4.1002777777777784
2015-01-15,306,1230,412439406,2.7358333333333333
2015-01-15,306,1221,900300406,2.6945833333333331
2015-01-15,306,1223,412413047,0.66819444444444442
2015-01-15,306,1231,412423289,0.23291666666666666
2015-01-15,306,1233,412428153,15.19083333333333
2015-01-15,306,1231,412423802,1.6119444444444446
2015-01-15,306,1230,412423802,0.29125
2015-01-15,306,1218,900320127,6.7962500000000015
2015-01-15,306,1234,412421514,8.19111111111111
2015-01-15,306,1233,412421514,0.72458333333333336
2015-01-15,306,1230,412438667,2.7340277777777779
2015-01-15,306,1234,412421778,1.2740277777777778
2015-01-15,306,1235,412421778,1.1863888888888889
2015-01-15,306,1234,412428185,6.9111111111111114
2015-01-15,306,1233,412428185,5.9944444444444445
2015-01-15,306,1230,412438688,2.8637500000000005
2015-01-15,306,1220,900300202,1.8744444444444446
2015-01-15,306,1217,412370859,2.7719444444444452
2015-01-15,306,1232,412428204,4.8166666666666664
2015-01-15,306,1235,412421805,2.2522222222222221
2015-01-15,306,1215,412371117,7.9890277777777756
2015-01-15,306,1224,412413101,0.89027777777777772
2015-01-15,306,1218,412370863,2.8176388888888892
2015-01-15,306,1221,458888888,5.9694444444444432
2015-01-15,306,1225,412436152,0.25708333333333333
2015-01-15,306,1214,412413112,2.6768055555555552
2015-01-15,306,1230,412436159,0.2663888888888889
2015-01-15,306,1229,412411328,1.4170833333333335
2015-01-15,306,1230,412436161,0.25763888888888886
2015-01-15,306,1231,412436161,0.51944444444444438
2015-01-15,306,1234,412400069,0.26222222222222225
2015-01-15,306,1212,807081670,0.6225
2015-01-15,306,1213,807081670,2.6891666666666669
2015-01-15,306,1224,412428488,1.43625
2015-01-15,306,1230,412439254,4.7623611111111108
2015-01-15,306,1228,412428258,9.7208333333333332
2015-01-15,306,1227,412428258,1.1116666666666668
2015-01-15,306,1227,412428259,1.273611111111111
2015-01-15,306,1220,900300515,0.56708333333333327
2015-01-15,306,1221,900300515,0.65416666666666667
2015-01-15,306,1226,412400103,1.0459722222222223
2015-01-15,306,1227,412428265,0.63250000000000006
2015-01-15,306,1227,412428266,0.55361111111111116
2015-01-15,306,1227,412428271,1.0791666666666666
2015-01-15,306,1235,412421877,0.85402777777777783
2015-01-15,306,1234,412421877,0.81166666666666665
2015-01-15,306,1230,412438779,3.2063888888888892
2015-01-15,306,1227,412428541,17.222361111111109
2015-01-15,306,1228,412428541,3.33
2015-01-15,306,1224,412421119,3.7047222222222222
2015-01-15,562,-1670,367124050,1.0072222222222222
2015-01-15,562,-1668,367124050,1.4683333333333335
2015-01-15,562,-1669,367124050,2.7126388888888884
2015-01-15,562,-1678,303462000,1.6363888888888889
2015-01-15,562,-1677,303462000,0.41513888888888884
2015-01-15,562,-1698,366480000,0.68458333333333332
2015-01-15,562,-1634,368217000,1.4929166666666667
2015-01-15,562,-1633,368217000,1.925
2015-01-15,562,-1631,368217000,7.0138888888888893
2015-01-15,-462,-608,224820000,0.89972222222222231
2015-01-15,-462,-603,200006178,5.299722222222222
2015-01-15,-462,-602,200006178,0.78333333333333333
2015-01-15,-462,1707,440296000,2.8498611111111112
2015-01-15,-462,1708,440296000,1.5254166666666669
2015-01-15,-462,-605,412420935,9.408333333333335
2015-01-15,-462,-604,515303000,4.3763888888888891
2015-01-15,-462,-606,412420196,10.093055555555555
2015-01-15,-462,-605,412420196,2.7088888888888887
2015-01-15,-462,-605,412329633,4.2777777777777768
2015-01-15,-462,-605,900028578,5.2931944444444445
2015-01-15,-462,-604,900028619,1.5531944444444443
2015-01-15,-462,-605,900028621,0.76666666666666661
2015-01-15,-462,-603,412329687,3.4656944444444444
2015-01-15,-462,-604,900028639,12.436944444444444
2015-01-15,-462,-603,440108000,1.0706944444444444
2015-01-15,-462,-604,440108000,7.6891666666666678
2015-01-15,-462,-618,701006073,5.2470833333333333
2015-01-15,-206,120,659398000,2.5333333333333332
2015-01-15,-206,122,659322000,2.3959722222222219
2015-01-15,-206,-238,224140000,1.4263888888888887
2015-01-15,-206,-239,224140000,0.6843055555555555
2015-01-15,-206,-235,224140000,2.0458333333333334
2015-01-15,51,-1781,440574000,4.4141666666666666
2015-01-15,51,-1784,440574000,1.3840277777777779
2015-01-15,51,-1782,440574000,1.0179166666666666
2015-01-15,51,-1783,440574000,2.4184722222222224
2015-01-15,51,-6,627389000,16.717083333333335
2015-01-15,51,-1785,440549000,6.3402777777777786
2015-01-15,51,1532,432942000,6.1429166666666672
2015-01-15,307,1231,412422145,20.833055555555564
2015-01-15,307,1215,900032005,3.1434722222222224
2015-01-15,307,1220,412370952,13.001527777777778
2015-01-15,307,1220,900027402,5.5368055555555546
2015-01-15,307,1216,900032011,4.8754166666666663
2015-01-15,307,1215,900032015,1.9576388888888887
2015-01-15,307,1215,900032017,6.762777777777778
2015-01-15,307,1230,412438804,0.7745833333333334
2015-01-15,307,1229,412438804,0.25416666666666665
2015-01-15,307,1216,900032021,6.6736111111111116
2015-01-15,307,1215,900032022,5.2805555555555559
2015-01-15,307,1216,900032028,5.6101388888888888
2015-01-15,307,1218,900026655,3.3487499999999994
2015-01-15,307,1231,412422692,20.216944444444447
2015-01-15,307,1221,900300328,2.2261111111111109
2015-01-15,307,1224,900301355,1.4522222222222223
2015-01-15,307,1218,412370993,5.8270833333333334
2015-01-15,307,1226,412428611,1.3074999999999999
2015-01-15,307,1224,412128324,0.325
2015-01-15,307,1220,412371018,3.1658333333333335
2015-01-15,307,1228,412426321,1.006388888888889
2015-01-15,307,1230,412426321,0.52027777777777784
2015-01-15,307,1230,412438865,0.78666666666666663
2015-01-15,307,1226,412428635,5.9473611111111113
2015-01-15,307,1231,412423006,18.43652777777778
2015-01-15,307,1230,412423006,0.81527777777777777
2015-01-15,307,1227,412428638,3.283611111111111
2015-01-15,307,1230,412438879,0.8825
2015-01-15,307,1226,412428641,11.09375
2015-01-15,307,1235,412422759,6.7198611111111113
2015-01-15,307,1228,412428136,3.1422222222222222
2015-01-15,307,1226,412428136,0.43652777777777774
2015-01-15,307,1231,412436589,0.76847222222222222
2015-01-15,307,1230,412439406,0.54125
2015-01-15,307,1216,900320111,5.1740277777777788
2015-01-15,307,1222,412413047,3.2683333333333335
2015-01-15,307,1223,412413047,1.6837500000000003
2015-01-15,307,1231,412420217,10.425555555555556
2015-01-15,307,1231,412423289,19.126527777777781
2015-01-15,307,1230,412423289,1.3408333333333333
2015-01-15,307,1233,412428153,0.39166666666666666
2015-01-15,307,1230,412423802,1.5613888888888889
2015-01-15,307,1231,412423802,16.577499999999997
2015-01-15,307,1233,412421514,2.6387500000000004
2015-01-15,307,1230,412438667,0.704861111111111
2015-01-15,307,1236,412421778,0.21208333333333335
2015-01-15,307,1235,412421778,2.0483333333333333
2015-01-15,307,1233,412428185,0.27861111111111109
2015-01-15,307,1230,412426907,0.21652777777777776
2015-01-15,307,1228,412426907,0.73055555555555562
2015-01-15,307,1224,412427939,1.1502777777777777
2015-01-15,307,1220,900300202,0.38361111111111112
2015-01-15,307,1217,412370859,1.1619444444444444
2015-01-15,307,1231,412428204,9.1338888888888885
2015-01-15,307,1232,412428204,2.6266666666666665
2015-01-15,307,1230,412428204,2.4484722222222222
2015-01-15,307,1235,412421805,1.0611111111111111
2015-01-15,307,1236,412421805,1.9320833333333334
2015-01-15,307,1215,412371117,1.1506944444444442
2015-01-15,307,1218,412370863,3.2663888888888892
2015-01-15,307,1231,412423601,9.7241666666666671
2015-01-15,307,1231,412423608,9.5048611111111132
2015-01-15,307,1214,412413112,2.0383333333333331
2015-01-15,307,1227,900306365,5.0445833333333336
2015-01-15,307,1231,412436161,0.25347222222222221
2015-01-15,307,1231,412423106,21.330972222222229
2015-01-15,307,1214,807081670,3.9772222222222218
2015-01-15,307,1217,412370887,7.6847222222222245
2015-01-15,307,1230,412439254,0.75388888888888883
2015-01-15,307,1229,412411366,0.18083333333333332
2015-01-15,307,1225,412428783,0.64180555555555552
2015-01-15,307,1226,412428783,2.0918055555555557
2015-01-15,307,1227,412428786,1.0890277777777779
2015-01-15,307,1231,412423419,21.615694444444454
2015-01-15,307,1229,412438779,1.6345833333333335
2015-01-15,307,1230,412438779,0.96555555555555561
2015-01-15,563,-1635,367362580,1.4911111111111111
2015-01-15,563,-1636,367362580,1.067361111111111
2015-01-15,563,-1637,367362580,0.33375
2015-01-15,563,-1638,367362580,0.33736111111111111
2015-01-15,563,-1669,367124050,9.2931944444444454
2015-01-15,563,-1679,303462000,3.6816666666666666
2015-01-15,563,-1634,368217000,1.0995833333333334
2015-01-15,563,-1633,368217000,5.1148611111111109
2015-01-15,563,-1632,368217000,1.3969444444444445
2015-01-15,563,-1712,366433000,2.6174999999999997
2015-01-15,563,-1713,366433000,3.0170833333333333
2015-01-15,-461,-604,412439578,12.599305555555555
2015-01-15,-461,-606,412331034,7.9315277777777791
2015-01-15,-461,-605,412690720,10.840694444444443
2015-01-15,-461,-608,224820000,1.3959722222222219
2015-01-15,-461,-609,224820000,2.3781944444444445
2015-01-15,-461,-603,900028534,6.05263888888889
2015-01-15,-461,-603,900028578,17.684444444444445
2015-01-15,-461,-603,900028619,16.90763888888889
2015-01-15,-461,-603,412270039,1.5347222222222223
2015-01-15,-461,-606,412326889,11.537222222222223
2015-01-15,-461,-606,412329462,1.3402777777777777
2015-01-15,-461,-607,412329462,8.5665277777777789
2015-01-15,-205,120,659398000,11.878611111111114
2015-01-15,-205,121,659322000,3.3565277777777776
2015-01-15,-205,-1218,412420793,5.6422222222222214
2015-01-15,-205,-235,224140000,0.40125
2015-01-15,-205,-240,224140000,1.7041666666666666
2015-01-15,-205,-236,224140000,0.84597222222222224
2015-01-15,-205,-239,224140000,0.56402777777777779
2015-01-15,52,-1784,440549000,2.064027777777778
2015-01-15,52,1531,432942000,1.0029166666666667
2015-01-15,52,1547,431702990,1.0887499999999999
2015-01-15,52,1548,431702990,9.6726388888888888
2015-01-15,308,1215,900032005,1.0140277777777778
2015-01-15,308,1220,900027402,0.46236111111111111
2015-01-15,308,1216,900032011,1.6422222222222222
2015-01-15,308,1215,900032015,1.4434722222222223
2015-01-15,308,1232,412436496,6.0498611111111122
2015-01-15,308,1231,412436496,3.0366666666666666
2015-01-15,308,1232,412436509,4.0176388888888894
2015-01-15,308,1231,412436509,4.4393055555555554
2015-01-15,308,1231,412436511,5.3416666666666668
2015-01-15,308,1229,412436512,0.41055555555555551
2015-01-15,308,1231,412436512,3.8590277777777775
2015-01-15,308,1219,412370993,9.3987499999999979
2015-01-15,308,1218,412370993,1.2838888888888889
2015-01-15,308,1231,412422712,5.8933333333333335
2015-01-15,308,1233,412422712,6.7052777777777779
2015-01-15,308,1231,412435776,3.4308333333333336
2015-01-15,308,1232,412435776,5.317222222222223
2015-01-15,308,1228,412320069,1.6940277777777777
2015-01-15,308,1231,412437065,4.9555555555555557
2015-01-15,308,1232,412437065,4.1961111111111107
2015-01-15,308,1219,412371018,11.116666666666667
2015-01-15,308,1220,412371018,2.484861111111111
2015-01-15,308,1228,412426321,0.43069444444444444
2015-01-15,308,1230,412426321,1.7519444444444445
2015-01-15,308,1232,412436322,4.728472222222222
2015-01-15,308,1231,412436322,3.4408333333333334
2015-01-15,308,1229,412428136,3.0629166666666667
2015-01-15,308,1228,412428136,2.5726388888888887
2015-01-15,308,1226,412428136,4.3626388888888892
2015-01-15,308,1232,412436589,0.42833333333333334
2015-01-15,308,1231,412436589,5.2259722222222225
2015-01-15,308,1226,900366448,0.99236111111111125
2015-01-15,308,1231,412435586,5.0676388888888884
2015-01-15,308,1232,412435586,0.38861111111111113
2015-01-15,308,1232,412435842,0.21222222222222223
2015-01-15,308,1231,412435842,1.9680555555555557
2015-01-15,308,1232,412435331,0.98472222222222228
2015-01-15,308,1231,412435331,4.4941666666666666
2015-01-15,308,1227,900306826,1.5350000000000001
2015-01-15,308,1232,412437388,0.53263888888888888
2015-01-15,308,1231,412437388,4.7505555555555556
2015-01-15,308,1231,412437902,4.734166666666666
2015-01-15,308,1229,800038296,0.23583333333333334
2015-01-15,308,1232,412437657,0.65055555555555555
2015-01-15,308,1228,412426907,0.66305555555555551
2015-01-15,308,1230,412426907,1.3038888888888889
2015-01-15,308,1232,412436124,5.9518055555555538
2015-01-15,308,1231,412436124,2.9577777777777774
2015-01-15,308,1231,412436393,4.6020833333333329
2015-01-15,308,1232,412436393,2.2886111111111109
2015-01-15,308,1230,412428204,0.88583333333333325
2015-01-15,308,1230,900404401,1.3318055555555555
2015-01-15,308,1231,900404401,1.4572222222222222
2015-01-15,308,1229,412435132,0.25625
2015-01-15,308,1231,412435132,4.7538888888888886
2015-01-15,308,1227,900306365,1.3095833333333333
2015-01-15,308,1226,900306365,8.412638888888889
2015-01-15,308,1232,412436159,4.8772222222222217
2015-01-15,308,1231,412436159,1.2998611111111109
2015-01-15,308,1226,900306367,9.48361111111111
2015-01-15,308,1232,412436161,5.1144444444444446
2015-01-15,308,1231,412436161,4.0572222222222223
2015-01-15,308,1231,412423109,1.5076388888888888
2015-01-15,308,1230,412423109,1.0905555555555555
2015-01-15,308,1228,900401357,1.3358333333333334
2015-01-15,308,1231,900401357,1.1277777777777778
2015-01-15,308,1230,900401357,0.89486111111111111
2015-01-15,308,1231,412435155,5.0386111111111109
2015-01-15,308,1229,412411366,0.27291666666666664
2015-01-15,308,1231,412436455,4.0551388888888882
2015-01-15,308,1232,412436455,0.758888888888889
2015-01-15,308,1225,412428783,5.1433333333333335
2015-01-15,308,1226,412428783,1.933472222222222
2015-01-15,564,-1669,367124050,3.6663888888888891
2015-01-15,564,-1717,303672000,0.37388888888888883
2015-01-15,564,-1713,366433000,3.4680555555555554
2015-01-15,564,-1712,366433000,2.8130555555555552
2015-01-15,564,-1692,367528690,7.12625
2015-01-15,-460,-605,412420376,9.3969444444444434
2015-01-15,-460,-604,412439578,12.714444444444444
2015-01-15,-460,-608,224820000,7.6681944444444454
2015-01-15,-460,-602,200006178,7.1502777777777791
2015-01-15,-460,-667,701006385,2.5590277777777781
2015-01-15,-460,-666,701006385,1.2480555555555557
2015-01-15,-460,-669,701006385,8.0968055555555551
2015-01-15,-460,-668,701006385,3.9205555555555551
2015-01-15,-460,-670,701006385,5.2420833333333334
2015-01-15,-460,-606,412329632,8.6847222222222253
2015-01-15,-460,-607,412420001,7.8916666666666666
2015-01-15,-460,-606,412420001,7.7881944444444438
2015-01-15,-460,-602,412270039,1.2693055555555555
2015-01-15,-460,-603,900028639,11.711527777777778
2015-01-15,-460,-605,412326887,9.375694444444445
2015-01-15,-460,-606,412329462,0.5541666666666667
2015-01-15,-460,-619,701006073,7.2283333333333335
2015-01-15,-204,567,263583000,1.2804166666666665
2015-01-15,-204,-704,725000028,0.35152777777777777
2015-01-15,-204,119,659398000,4.4848611111111119
2015-01-15,-204,120,659322000,6.2381944444444448
2015-01-15,-204,419,440089000,11.154583333333333
2015-01-15,-204,-1222,412420793,2.1293055555555558
2015-01-15,-204,-1219,412420793,1.4973611111111111
2015-01-15,-204,-1220,412420793,3.107361111111111
2015-01-15,-204,-1218,412420793,1.9552777777777777
2015-01-15,-204,-241,224140000,1.1558333333333333
2015-01-15,-204,-239,224140000,1.3522222222222222
2015-01-15,-204,-238,224140000,5.0458333333333334
2015-01-15,-204,-236,224140000,0.19833333333333333
2015-01-15,-204,-237,224140000,0.90166666666666662
2015-01-15,-204,-1682,416004594,2.8236111111111111
2015-01-15,53,-175,263572000,6.099444444444444
2015-01-15,53,-405,359004000,6.0263888888888895
2015-01-15,53,-1453,441680000,11.714444444444444
2015-01-15,53,-1784,440549000,0.54027777777777786
2015-01-15,53,-1783,440549000,2.1302777777777777
2015-01-15,53,1531,432942000,0.86222222222222222
2015-01-15,53,1547,431702990,1.1786111111111111
2015-01-15,309,1232,412436496,2.8662499999999991
2015-01-15,309,1221,412370962,3.1125000000000003
2015-01-15,309,1232,412436509,2.6244444444444444
2015-01-15,309,1231,412436509,2.8579166666666667
2015-01-15,309,1231,412436511,1.5836111111111111
2015-01-15,309,1232,412436511,2.7452777777777779
2015-01-15,309,1231,412436512,4.47375
2015-01-15,309,1232,412436512,1.0522222222222224
2015-01-15,309,1231,412435776,1.3536111111111113
2015-01-15,309,1232,412435776,2.4222222222222225
2015-01-15,309,1228,412320069,2.0901388888888888
2015-01-15,309,1231,412437065,2.9352777777777774
2015-01-15,309,1231,412426321,1.0833333333333333
2015-01-15,309,1230,412426321,0.63833333333333331
2015-01-15,309,1232,412436322,2.5470833333333336
2015-01-15,309,1231,412436322,0.633888888888889
2015-01-15,309,1229,412428136,1.5204166666666665
2015-01-15,309,1232,412436589,4.2725
2015-01-15,309,1231,412436589,2.2937499999999997
2015-01-15,309,-276,224098420,3.9375
2015-01-15,309,1221,9021565,5.4184722222222215
2015-01-15,309,1232,412435586,3.81125
2015-01-15,309,1231,412435586,0.48250000000000004
2015-01-15,309,1231,412435842,1.3309722222222222
2015-01-15,309,1232,412435842,4.850138888888889
2015-01-15,309,1231,412435331,0.96611111111111114
2015-01-15,309,1232,412435331,3.2886111111111109
2015-01-15,309,1220,412352139,12.523333333333332
2015-01-15,309,1231,412437388,1.3163888888888891
2015-01-15,309,1232,412437388,4.0398611111111107
2015-01-15,309,1231,412437902,3.0506944444444439
2015-01-15,309,1232,412437902,1.1179166666666667
2015-01-15,309,1229,800038296,1.7523611111111113
2015-01-15,309,1228,800038296,0.3372222222222222
2015-01-15,309,1232,412437657,2.6233333333333331
2015-01-15,309,1231,412426907,1.3487500000000001
2015-01-15,309,1230,412426907,0.4211111111111111
2015-01-15,309,1232,412426907,0.21319444444444446
2015-01-15,309,1233,412426907,0.41597222222222224
2015-01-15,309,1232,412436124,2.8748611111111111
2015-01-15,309,1232,412436393,1.5666666666666667
2015-01-15,309,1231,412436393,3.637777777777778
2015-01-15,309,1233,412428463,4.5347222222222223
2015-01-15,309,1232,412428463,8.5275
2015-01-15,309,1233,900404401,1.8570833333333334
2015-01-15,309,1231,900404401,1.1434722222222222
2015-01-15,309,1231,412435132,2.7651388888888886
2015-01-15,309,1232,412435132,1.9068055555555552
2015-01-15,309,1231,412436159,1.1269444444444443
2015-01-15,309,1232,412436159,2.2327777777777778
2015-01-15,309,1232,412436161,1.6994444444444441
2015-01-15,309,1231,412436161,1.5629166666666667
2015-01-15,309,1231,412423109,1.0606944444444444
2015-01-15,309,1233,412423109,1.8830555555555555
2015-01-15,309,1228,412329162,11.135138888888887
2015-01-15,309,1233,900401357,1.5812499999999998
2015-01-15,309,1231,900401357,3.4144444444444444
2015-01-15,309,1231,412320721,3.43125
2015-01-15,309,1232,412320721,3.9156944444444441
2015-01-15,309,1231,412320722,3.716388888888889
2015-01-15,309,1232,412320722,6.2770833333333327
2015-01-15,309,1231,412435155,1.6805555555555554
2015-01-15,309,1232,412435155,2.5338888888888889
2015-01-15,309,1234,900410068,5.9359722222222215
2015-01-15,309,1231,900410068,0.670138888888889
2015-01-15,309,1228,412329174,4.3683333333333332
2015-01-15,309,1229,412329174,1.9004166666666666
2015-01-15,309,1232,412436455,2.7322222222222221
2015-01-15,309,1231,412436455,2.5502777777777781
2015-01-15,565,-1716,303672000,2.7119444444444438
2015-01-15,565,-1717,303672000,10.231666666666666
2015-01-15,565,-1534,367301830,3.3823611111111114
2015-01-15,565,-1472,338626000,0.34027777777777773
2015-01-15,565,-1473,338626000,0.33180555555555558
2015-01-15,565,-1475,338626000,0.37513888888888891
2015-01-15,565,-1474,338626000,0.34722222222222221
2015-01-15,565,-1471,338626000,0.33944444444444444
2015-01-15,565,-1712,366433000,0.25375000000000003
2015-01-15,565,-1713,366433000,2.4493055555555552
2015-01-15,-459,-605,412331036,8.6748611111111114
2015-01-15,-459,-602,200006178,5.2622222222222224
2015-01-15,-459,-667,701006385,0.42375
2015-01-15,-459,-602,412270039,3.7331944444444445
2015-01-15,-459,-603,412326879,11.669722222222223
2015-01-15,-203,564,263583000,0.92375
2015-01-15,-203,565,263583000,1.6566666666666665
2015-01-15,-203,566,263583000,1.2875
2015-01-15,-203,-1313,416000804,6.5497222222222229
2015-01-15,-203,-1315,416000804,12.384027777777778
2015-01-15,-203,-1218,412420793,0.55833333333333335
2015-01-15,-203,-1216,412420793,0.34986111111111107
2015-01-15,-203,-1219,412420793,0.84472222222222226
2015-01-15,-203,-1217,412420793,0.65472222222222221
2015-01-15,-203,-240,224140000,1.2693055555555555
2015-01-15,-203,-1273,412420847,0.83791666666666664
2015-01-15,-203,-1682,416004594,0.69166666666666665
2015-01-15,54,-175,263572000,0.800138888888889
2015-01-15,54,-1453,441680000,7.10125
2015-01-15,54,-1783,440549000,3.4113888888888884
2015-01-15,54,-178,224005790,2.6291666666666669
2015-01-15,54,1530,432942000,0.99472222222222206
2015-01-15,54,1531,432942000,0.51333333333333331
2015-01-15,54,1547,431702990,4.9825000000000008
2015-01-15,310,1227,412422154,6.3538888888888891
2015-01-15,310,1224,412370988,7.1343055555555557
2015-01-15,310,1220,412370992,1.0663888888888888
2015-01-15,310,1221,412370992,4.6188888888888888
2015-01-15,310,1222,413000001,0.7745833333333334
2015-01-15,310,1228,412320069,2.1066666666666665
2015-01-15,310,1230,412426321,0.41833333333333333
2015-01-15,310,1232,412436589,0.6462500000000001
2015-01-15,310,-278,224098420,0.87736111111111115
2015-01-15,310,-126,224183670,14.075138888888889
2015-01-15,310,1232,900404861,4.9758333333333331
2015-01-15,310,1232,412435586,0.78597222222222218
2015-01-15,310,1232,412437388,1.0388888888888888
2015-01-15,310,1227,412428696,0.88180555555555551
2015-01-15,310,1228,800038296,3.357361111111111
2015-01-15,310,1232,412437657,1.9327777777777779
2015-01-15,310,1231,412426907,1.0040277777777777
2015-01-15,310,1232,412426907,3.4718055555555556
2015-01-15,310,1230,412426907,1.8470833333333334
2015-01-15,310,1228,900900013,1.3156944444444445
2015-01-15,310,1229,900900013,0.65236111111111117
2015-01-15,310,1231,412428463,3.4272222222222224
2015-01-15,310,1232,412428463,0.99611111111111106
2015-01-15,310,1230,900404401,1.5193055555555557
2015-01-15,310,1232,900404401,3.0511111111111111
2015-01-15,310,1231,900404401,1.8740277777777778
2015-01-15,310,1232,412423109,1.5819444444444444
2015-01-15,310,1230,412423109,0.56138888888888894
2015-01-15,310,1231,412423109,2.3098611111111111
2015-01-15,310,1228,412329161,2.3065277777777777
2015-01-15,310,1228,412329162,1.4083333333333332
2015-01-15,310,1232,900401357,5.4287499999999991
2015-01-15,310,1232,412320722,0.21527777777777779
2015-01-15,310,1231,412320722,1.0090277777777779
2015-01-15,310,1233,900410068,1.661388888888889
2015-01-15,310,1232,900410068,2.715
2015-01-15,310,1231,900410068,3.8456944444444447
2015-01-15,310,1234,900410068,1.0825
2015-01-15,310,1228,412329174,2.2344444444444442
2015-01-15,310,1227,412428253,0.87833333333333341
2015-01-15,310,1219,900030179,0.6662499999999999
2015-01-15,310,1232,412436455,0.63305555555555548
2015-01-15,310,1229,900411889,0.67458333333333331
2015-01-15,566,-1716,303672000,0.76458333333333339
2015-01-15,566,-1717,303672000,8.5920833333333331
2015-01-15,-458,-604,412328741,2.4986111111111113
2015-01-15,-458,-605,412328741,2.0890277777777779
2015-01-15,-458,-604,412328762,2.5298611111111109
2015-01-15,-458,-605,412328763,5.6222222222222209
2015-01-15,-458,-605,412331074,1.4024999999999999
2015-01-15,-458,-606,412331074,7.2073611111111111
2015-01-15,-458,-605,412331075,8.5752777777777762
2015-01-15,-458,-619,701006073,3.3833333333333333
2015-01-15,-202,564,263583000,2.6233333333333331
2015-01-15,-202,563,263583000,1.75
2015-01-15,-202,-1218,412420793,5.07125
2015-01-15,-202,-1216,412420793,0.71222222222222231
2015-01-15,-202,-1217,412420793,0.69222222222222218
2015-01-15,-202,-1682,416004594,0.85875
2015-01-15,55,-176,263572000,1.1155555555555554
2015-01-15,55,-179,224005790,2.9844444444444447
2015-01-15,55,1530,432942000,4.5927777777777781
2015-01-15,311,1226,412422154,3.285
2015-01-15,311,1227,412320069,7.3169444444444443
2015-01-15,311,1228,412320069,1.0845833333333332
2015-01-15,311,-1545,416785000,7.7954166666666671
2015-01-15,311,-276,224098420,2.1054166666666667
2015-01-15,311,-279,224098420,1.0833333333333335
2015-01-15,311,-277,224098420,0.98458333333333337
2015-01-15,311,-285,224098420,4.8579166666666662
2015-01-15,311,-284,224098420,3.2640277777777778
2015-01-15,311,-278,224098420,0.22958333333333336
2015-01-15,311,-280,224098420,3.8725
2015-01-15,311,1227,412428696,4.1477777777777778
2015-01-15,311,1227,800038296,1.115
2015-01-15,311,1228,800038296,1.7456944444444447
2015-01-15,311,1231,412426907,1.0570833333333334
2015-01-15,311,1230,412426907,1.3320833333333333
2015-01-15,311,-1542,416804000,17.625694444444445
2015-01-15,311,1228,900900013,2.0525
2015-01-15,311,1227,900900013,2.4658333333333333
2015-01-15,311,1230,900404401,1.8776388888888889
2015-01-15,311,1229,412329161,1.0840277777777778
2015-01-15,311,1227,412329161,2.1591666666666667
2015-01-15,311,1228,412329162,0.87388888888888883
2015-01-15,311,1227,412329162,1.8395833333333331
2015-01-15,311,1229,412329162,4.5251388888888888
2015-01-15,311,1230,900410068,2.0068055555555553
2015-01-15,311,1228,412329174,1.0661111111111112
2015-01-15,311,1227,412329174,1.8916666666666666
2015-01-15,311,1227,412428253,4.1613888888888884
2015-01-15,311,1219,900030179,0.57958333333333334
2015-01-15,567,1523,273430790,1.5445833333333332
2015-01-15,-457,-605,412328741,3.0513888888888889
2015-01-15,-457,-604,412328741,0.79291666666666671
2015-01-15,-457,-604,412328762,3.0552777777777784
2015-01-15,-457,-605,412328763,0.64416666666666667
2015-01-15,-457,-606,412329698,8.29625
2015-01-15,-457,-605,412329698,1.0511111111111111
2015-01-15,-201,1615,540004100,1.6140277777777776
2015-01-15,-201,1158,503220100,2.510416666666667
2015-01-15,-201,1157,503220100,1.9859722222222222
2015-01-15,-201,435,432228000,2.9531944444444451
2015-01-15,-201,420,440089000,5.13875
2015-01-15,-201,-1681,416004594,0.35013888888888889
2015-01-15,-201,-1682,416004594,0.30805555555555553
2015-01-15,56,-176,263572000,0.40930555555555559
2015-01-15,56,-177,263572000,0.67527777777777787
2015-01-15,56,-229,431038000,3.35875
2015-01-15,56,1558,412460114,11.323194444444445
2015-01-15,312,1226,412422154,7.1951388888888879
2015-01-15,312,1218,900027711,0.53375
2015-01-15,312,1226,412428696,8.8419444444444437
2015-01-15,312,1227,412428696,0.74361111111111111
2015-01-15,312,1227,900900013,1.9970833333333335
2015-01-15,312,1226,412428253,8.4809722222222224
2015-01-15,312,1227,412428253,1.0705555555555555
2015-01-15,568,1523,273430790,3.8
2015-01-15,568,-1719,366542920,1.3709722222222223
2015-01-15,568,-1715,366542920,0.14708333333333334
2015-01-15,568,-1717,366542920,6.0516666666666659
2015-01-15,568,-1718,366542920,3.9274999999999998
2015-01-15,568,-1716,366542920,1.3887500000000002
2015-01-15,568,117,220099000,7.3016666666666667
2015-01-15,568,118,220099000,5.140138888888889
2015-01-15,568,-1528,366959080,3.4668055555555557
2015-01-15,-456,-604,412328765,11.88347222222222
2015-01-15,-456,-605,412420418,11.760138888888889
2015-01-15,-456,-606,412329404,3.4505555555555554
2015-01-15,-456,-605,412329404,0.76680555555555552
2015-01-15,-456,-601,412329688,4.4997222222222222
2015-01-15,-200,435,432228000,5.0330555555555554
2015-01-15,-200,419,440089000,1.2694444444444444
2015-01-15,-200,-1221,412420846,10.914027777777779
2015-01-15,-200,-1681,416004594,0.7
2015-01-15,57,-229,431038000,0.11763888888888888
2015-01-15,57,-228,431038000,0.38875
2015-01-15,57,1555,412460114,1.0838888888888889
2015-01-15,57,1554,412460114,4.7348611111111119
2015-01-15,57,1556,412460114,1.4980555555555557
2015-01-15,57,-183,224005790,3.1183333333333336
2015-01-15,57,1546,431702990,5.2780555555555555
2015-01-15,313,1217,413000001,3.2137499999999997
2015-01-15,313,1226,412428696,2.7520833333333332
2015-01-15,313,1226,412428253,2.7975000000000003
2015-01-15,569,-1718,366542920,1.0668055555555553
2015-01-15,569,-1719,366542920,1.2997222222222222
2015-01-15,569,-1717,366542920,0.89597222222222228
2015-01-15,569,-1716,366542920,4.5622222222222213
2015-01-15,569,187,265754000,3.9990277777777781
2015-01-15,569,117,220099000,9.731527777777778
2015-01-15,569,116,220099000,1.09125
2015-01-15,569,-1525,367492820,0.52861111111111114
2015-01-15,-455,-604,412439587,11.653194444444445
2015-01-15,-455,-606,412420688,11.66472222222222
2015-01-15,-455,-601,412329688,4.7419444444444441
2015-01-15,-199,122,341426000,0.3125
2015-01-15,-199,1480,503771000,0.50263888888888886
2015-01-15,-199,-1228,412420238,1.4779166666666668
2015-01-15,-199,-1229,412420238,0.52013888888888893
2015-01-15,-199,-1227,412420238,6.258055555555555
2015-01-15,-199,-1681,416004594,1.4127777777777777
2015-01-15,58,-250,431701010,7.4151388888888885
2015-01-15,58,-230,431038000,3.0197222222222222
2015-01-15,58,-228,431038000,0.62249999999999994
2015-01-15,58,1550,412460114,4.6580555555555554
2015-01-15,58,-184,224005790,1.3329166666666667
2015-01-15,314,-289,224377000,4.9988888888888887
2015-01-15,314,-281,224115880,0.40013888888888893
2015-01-15,314,-284,224115880,3.7943055555555554
2015-01-15,314,-282,224115880,0.82597222222222211
2015-01-15,314,1214,900300218,2.1341666666666668
2015-01-15,314,1213,900300218,9.56236111111111
2015-01-15,314,1217,412370374,0.2573611111111111
2015-01-15,570,-1724,367132160,0.46013888888888893
2015-01-15,570,-1718,366542920,0.049861111111111106
2015-01-15,570,-1723,367453000,5.4576388888888889
2015-01-15,570,-1722,367453000,0.21819444444444447
2015-01-15,570,-1549,367093360,2.1609722222222225
2015-01-15,570,238,275248000,0.84166666666666656
2015-01-15,570,237,275248000,1.4876388888888887
2015-01-15,570,236,275248000,4.9470833333333335
2015-01-15,570,188,265754000,1.2751388888888888
2015-01-15,570,-1731,366820000,1.189861111111111
2015-01-15,570,-1729,366820000,4.0243055555555554
2015-01-15,570,-1726,366820000,1.8277777777777779
2015-01-15,570,-1728,366820000,2.9419444444444438
2015-01-15,570,-1732,366820000,7.037638888888889
2015-01-15,570,-1730,366820000,1.2195833333333335
2015-01-15,570,-1727,366820000,2.4443055555555553
2015-01-15,570,-1524,367492820,1.3973611111111111
2015-01-15,570,-1719,368609000,3.7148611111111105
2015-01-15,570,-1720,368609000,4.1077777777777778
2015-01-15,-454,-605,412439586,18.468888888888891
2015-01-15,-454,-606,412420688,2.4359722222222224
2015-01-15,-454,-606,412440155,5.2419444444444441
2015-01-15,-454,-600,412329688,3.01375
2015-01-15,-454,-601,412329688,2.2127777777777777
2015-01-15,-198,-1229,412420238,0.70763888888888893
2015-01-15,-198,-1230,412420238,2.95625
2015-01-15,-198,436,432228000,3.1286111111111112
2015-01-15,-198,419,440089000,1.9361111111111111
2015-01-15,-198,-1214,412420817,0.6727777777777777
2015-01-15,-198,-1217,412420817,1.964722222222222
2015-01-15,-198,-1215,412420817,1.432638888888889
2015-01-15,59,-228,431038000,0.5280555555555555
2015-01-15,59,-230,431038000,1.8793055555555553
2015-01-15,59,-184,224005790,1.0308333333333333
2015-01-15,59,1527,432942000,3.1798611111111108
2015-01-15,59,-530,745004500,0.71777777777777774
2015-01-15,315,-287,224377000,0.31125
2015-01-15,315,-288,224377000,0.86805555555555547
2015-01-15,315,-289,224377000,0.70138888888888884
2015-01-15,315,-281,224115880,0.90416666666666656
2015-01-15,315,-282,224115880,1.3638888888888889
2015-01-15,315,-284,224115880,1.0570833333333334
2015-01-15,315,-283,224115880,1.22125
2015-01-15,315,-280,224115880,1.0387499999999998
2015-01-15,315,1214,900300218,0.26583333333333337
2015-01-15,315,1213,900300218,3.7419444444444441
2015-01-15,571,241,275072000,1.2927777777777778
2015-01-15,571,240,275072000,1.4906944444444443
2015-01-15,571,-1722,367132160,0.72513888888888889
2015-01-15,571,-1721,367132160,2.1894444444444447
2015-01-15,571,-1724,367453000,0.22208333333333333
2015-01-15,571,-1723,367453000,0.4538888888888889
2015-01-15,571,-1723,303643000,1.4837500000000001
2015-01-15,571,-1722,303643000,1.1097222222222223
2015-01-15,571,85,220507000,1.4333333333333331
2015-01-15,571,184,266245000,2.0581944444444442
2015-01-15,571,-1704,367561420,0.66791666666666671
2015-01-15,571,-1723,366993150,2.4181944444444441
2015-01-15,571,-1722,366993150,0.74249999999999994
2015-01-15,571,-1724,366993150,10.410416666666666
2015-01-15,-453,-600,412329688,1.4775
2015-01-15,-453,-599,412329688,5.1350000000000007
2015-01-15,-197,-1235,412420874,5.9059722222222231
2015-01-15,-197,-1232,412420238,1.9395833333333332
2015-01-15,-197,435,432228000,4.5579166666666664
2015-01-15,-197,-1213,412420817,3.2558333333333338
2015-01-15,-197,-1215,412420817,0.83263888888888893
2015-01-15,-197,-1214,412420817,1.1081944444444445
2015-01-15,-197,-1212,412420821,3.3304166666666668
2015-01-15,-197,-1211,412420821,2.8472222222222223
2015-01-15,-197,-1220,412420846,11.735416666666667
2015-01-15,-197,-939,224918000,3.2568055555555557
2015-01-15,-197,-1681,416004594,2.0988888888888884
2015-01-15,60,-228,431038000,0.53152777777777782
2015-01-15,60,-229,431038000,0.97597222222222224
2015-01-15,60,-185,224005790,0.4075
2015-01-15,60,-183,224005790,0.1736111111111111
2015-01-15,60,-184,224005790,1.3119444444444441
2015-01-15,60,1527,432942000,2.2886111111111114
2015-01-15,316,-285,224377000,2.1608333333333336
2015-01-15,316,-286,224377000,2.9472222222222224
2015-01-15,316,-287,224377000,0.41819444444444442
2015-01-15,316,-278,224115880,3.5413888888888887
2015-01-15,316,-281,224115880,1.3081944444444444
2015-01-15,316,-279,224115880,0.97819444444444448
2015-01-15,316,-280,224115880,1.3495833333333334
2015-01-15,572,239,275200000,2.5138888888888888
2015-01-15,572,238,275200000,1.0359722222222221
2015-01-15,572,241,275072000,2.1373611111111113
2015-01-15,572,240,275072000,2.3995833333333332
2015-01-15,572,-1720,367132160,7.0387499999999994
2015-01-15,572,1523,273430790,3.7927777777777778
2015-01-15,572,239,275143000,2.1208333333333331
2015-01-15,572,-1713,366906730,8.2994444444444451
2015-01-15,572,-1714,366906730,0.25166666666666665
2015-01-15,572,-1712,366906730,7.4122222222222227
2015-01-15,572,85,220507000,1.6790277777777778
2015-01-15,572,240,275173000,3.6526388888888888
2015-01-15,572,241,275151000,1.3488888888888888
2015-01-15,572,240,275151000,5.815
2015-01-15,572,-1523,367492820,1.4830555555555553
2015-01-15,572,-1723,366993150,0.33861111111111108
2015-01-15,572,-1722,366993150,1.1669444444444443
2015-01-15,-196,-1235,412420874,4.1927777777777777
2015-01-15,-196,-971,735058806,4.877361111111111
2015-01-15,-196,-1234,412420792,1.3823611111111109
2015-01-15,-196,-1215,412420817,5.525
2015-01-15,-196,-1214,412420817,4.870972222222222
2015-01-15,-196,-1213,412420817,2.3268055555555556
2015-01-15,-196,-1212,412420821,1.3654166666666661
2015-01-15,-196,-940,224918000,1.0393055555555555
2015-01-15,-196,-1680,416004594,1.6756944444444442
2015-01-15,61,-229,431038000,0.3575
2015-01-15,61,-228,431038000,0.45597222222222222
2015-01-15,61,-182,224005790,0.79708333333333337
2015-01-15,61,-181,224005790,5.1513888888888886
2015-01-15,61,-183,224005790,0.4054166666666667
2015-01-15,317,345,428150081,3.0115277777777778
2015-01-15,317,346,428150081,0.24277777777777779
2015-01-15,317,1208,413800011,2.0188888888888887
2015-01-15,317,1209,413800011,3.7775000000000003
2015-01-15,317,344,428000120,2.6168055555555556
2015-01-15,317,-285,224377000,0.96930555555555553
2015-01-15,317,-286,224377000,0.686111111111111
2015-01-15,317,-278,224115880,4.0474999999999994
2015-01-15,317,-1503,416004591,17.620694444444442
2015-01-15,573,239,275200000,2.5481944444444444
2015-01-15,573,241,275072000,0.66583333333333328
2015-01-15,573,-1720,367132160,2.8720833333333333
2015-01-15,573,1524,273430790,1.5652777777777778
2015-01-15,573,240,275143000,7.5433333333333339
2015-01-15,573,239,275143000,1.4069444444444446
2015-01-15,573,-1712,366906730,2.545
2015-01-15,573,-1713,366906730,0.44583333333333336
2015-01-15,573,83,220507000,0.41986111111111113
2015-01-15,573,85,220507000,1.6706944444444445
2015-01-15,573,86,219014276,0.4161111111111111
2015-01-15,573,239,275173000,3.0197222222222218
2015-01-15,573,87,219010989,0.62638888888888888
2015-01-15,573,1546,273358010,1.56
2015-01-15,573,1545,273358010,3.7848611111111112
2015-01-15,573,79,219853000,4.8093055555555555
2015-01-15,573,-1722,366993150,4.9816666666666665
2015-01-15,573,-1723,366993150,0.83319444444444446
2015-01-15,-195,1181,503501400,1.9337499999999999
2015-01-15,-195,-980,224156000,4.9319444444444445
2015-01-15,-195,427,431782000,1.3868055555555556
2015-01-15,-195,-1235,412420792,4.2554166666666671
2015-01-15,-195,-1234,412420792,0.94930555555555562
2015-01-15,-195,-1233,412420792,0.40375
2015-01-15,-195,-1211,412420821,1.6070833333333332
2015-01-15,-195,-1212,412420821,0.10819444444444445
2015-01-15,-195,-939,224918000,5.5847222222222213
2015-01-15,-195,-1680,416004594,1.625555555555555
2015-01-15,62,-253,431701010,5.7944444444444443
2015-01-15,62,-228,431038000,0.5886111111111112
2015-01-15,318,345,428543000,0.67041666666666666
2015-01-15,318,346,428543000,1.68375
2015-01-15,318,345,428000120,5.8161111111111108
2015-01-15,318,344,428000120,0.63291666666666668
2015-01-15,318,-284,224377000,2.9431944444444444
2015-01-15,318,-281,224377000,4.0638888888888891
2015-01-15,318,346,428150719,0.2675
2015-01-15,318,345,428150719,4.2390277777777774
2015-01-15,574,1526,273430790,5.52625
2015-01-15,574,1525,273430790,1.5456944444444445
2015-01-15,574,242,275210000,3.7470833333333333
2015-01-15,574,169,266045000,3.6497222222222216
2015-01-15,574,170,266045000,6.5730555555555572
2015-01-15,574,171,266045000,1.6801388888888888
2015-01-15,574,240,275143000,0.61111111111111116
2015-01-15,574,84,220507000,0.62902777777777774
2015-01-15,574,86,220507000,1.2404166666666665
2015-01-15,574,87,220507000,2.5018055555555549
2015-01-15,574,85,220507000,1.6718055555555555
2015-01-15,574,83,220507000,1.4497222222222219
2015-01-15,574,86,219014276,2.2973611111111114
2015-01-15,574,88,219010989,0.51777777777777778
2015-01-15,574,87,219010989,0.6725000000000001
2015-01-15,574,81,219853000,4.5029166666666667
2015-01-15,574,82,219853000,0.93611111111111112
2015-01-15,574,83,219853000,0.66902777777777778
2015-01-15,574,-1686,369174000,0.46111111111111114
2015-01-15,574,-1685,369174000,0.6431944444444444
2015-01-15,-450,-603,701024000,21.064305555555546
2015-01-15,-450,1745,512000015,1.4047222222222222
2015-01-15,-194,1182,503501400,6.0330555555555554
2015-01-15,-194,-979,224156000,0.86583333333333334
2015-01-15,-194,427,431782000,4.8752777777777778
2015-01-15,-194,426,431782000,0.69763888888888892
2015-01-15,-194,-970,735058806,1.5777777777777777
2015-01-15,-194,-1233,412420792,1.4915277777777776
2015-01-15,-194,-1211,412420821,5.2419444444444441
2015-01-15,-194,-939,224918000,0.73236111111111124
2015-01-15,-194,-1680,416004594,1.2665277777777777
2015-01-15,63,-254,431701010,1.6959722222222222
2015-01-15,63,-228,431038000,0.44013888888888897
2015-01-15,63,1558,412460115,11.708055555555555
2015-01-15,63,1706,367463000,5.64875
2015-01-15,63,1707,338394000,5.8172222222222221
2015-01-15,319,346,428543000,7.6602777777777789
2015-01-15,319,345,428543000,2.7086111111111104
2015-01-15,319,346,428150081,1.3122222222222222
2015-01-15,319,-292,224045930,3.61375
2015-01-15,319,-290,224045930,0.3470833333333333
2015-01-15,319,-291,224045930,0.69180555555555556
2015-01-15,319,-286,224045930,0.6973611111111111
2015-01-15,319,-285,224045930,0.42791666666666667
2015-01-15,319,345,428000120,5.6536111111111111
2015-01-15,319,346,428000120,2.2563888888888886
2015-01-15,319,-276,224250000,4.4761111111111109
2015-01-15,319,346,428150719,8.8140277777777776
2015-01-15,575,-1730,367453000,4.1080555555555556
2015-01-15,575,-1731,367453000,5.2491666666666665
2015-01-15,575,87,219014276,4.0705555555555559
2015-01-15,575,-1728,43676060,4.16375
2015-01-15,575,-1726,43676060,2.09375
2015-01-15,575,-1724,43676060,2.2644444444444449
2015-01-15,575,-1727,43676060,0.81138888888888883
2015-01-15,575,-1725,43676060,3.4931944444444452
2015-01-15,575,88,219010989,0.15194444444444444
2015-01-15,575,-18,235073457,0.23249999999999998
2015-01-15,-449,1746,512000015,9.9652777777777768
2015-01-15,-449,1745,512000015,10.46666666666667
2015-01-15,-193,1184,503501400,5.3369444444444447
2015-01-15,-193,-979,224156000,1.57125
2015-01-15,-193,427,431782000,0.40791666666666659
2015-01-15,-193,426,431782000,1.0834722222222222
2015-01-15,-193,-972,735058806,0.39361111111111113
2015-01-15,-193,-970,735058806,1.6047222222222219
2015-01-15,-193,-1232,412420792,2.3679166666666669
2015-01-15,-193,420,441645000,7.7391666666666659
2015-01-15,-193,421,441645000,11.126388888888888
2015-01-15,-193,-939,224918000,2.5038888888888891
2015-01-15,-193,-1680,416004594,4.9820833333333345
2015-01-15,64,-255,431701010,5.002361111111111
2015-01-15,64,-229,431038000,0.91652777777777772
2015-01-15,64,1708,367463000,1.1081944444444445
2015-01-15,64,1707,338394000,3.8093055555555555
2015-01-15,320,346,428543000,3.4379166666666667
2015-01-15,320,-283,224045930,2.8875
2015-01-15,320,-284,224045930,1.0156944444444445
2015-01-15,320,-285,224045930,0.648611111111111
2015-01-15,320,-278,224045930,2.15125
2015-01-15,320,-279,224045930,5.387083333333333
2015-01-15,320,-280,224045930,1.1970833333333335
2015-01-15,320,1453,431702140,3.8448611111111113
2015-01-15,320,-275,224250000,1.0683333333333334
2015-01-15,576,230,275274000,1.5108333333333333
2015-01-15,576,240,275210000,6.7638888888888893
2015-01-15,576,-1739,366173000,13.204305555555557
2015-01-15,576,-1740,366173000,10.908472222222223
2015-01-15,576,-20,235000910,3.7848611111111117
2015-01-15,576,-1541,366118480,0.73069444444444442
2015-01-15,576,-1540,366118480,0.7
2015-01-15,576,-19,235008860,4.645555555555557
2015-01-15,576,-20,233308000,2.2536111111111112
2015-01-15,576,-19,233308000,3.1748611111111114
2015-01-15,576,98,219001976,2.90375
2015-01-15,576,97,219001976,4.35875
2015-01-15,576,96,219001976,1.0304166666666665
2015-01-15,576,90,219014276,3.0291666666666668
2015-01-15,576,91,219014276,2.3880555555555554
2015-01-15,576,-1725,43676060,5.473749999999999
2015-01-15,576,-1724,43676060,1.7091666666666665
2015-01-15,576,-19,233345000,2.7418055555555552
2015-01-15,-448,-1771,512000102,1.7933333333333332
2015-01-15,-448,1727,440761000,1.035
2015-01-15,-192,-979,224156000,1.810138888888889
2015-01-15,-192,-978,224156000,4.1094444444444438
2015-01-15,-192,428,431782000,3.1431944444444446
2015-01-15,-192,-970,735058806,1.3813888888888886
2015-01-15,-192,-1232,412420792,0.8322222222222222
2015-01-15,-192,-1234,412420792,0.71055555555555561
2015-01-15,-192,-1233,412420792,0.67541666666666678
2015-01-15,-192,-1237,412420792,6.2490277777777781
2015-01-15,-192,-1230,412420792,2.1483333333333334
2015-01-15,-192,-1236,412420792,0.68249999999999988
2015-01-15,-192,-1235,412420792,0.63347222222222221
2015-01-15,-192,-938,224918000,0.58124999999999993
2015-01-15,-192,-939,224918000,1.0230555555555556
2015-01-15,65,-229,431038000,5.4030555555555564
2015-01-15,65,1708,367463000,2.4519444444444445
2015-01-15,321,1452,432896000,7.5625
2015-01-15,321,346,428543000,2.1738888888888894
2015-01-15,321,1448,432776000,11.420694444444445
2015-01-15,321,-273,224250000,0.9406944444444445
2015-01-15,321,-275,224250000,0.36180555555555555
2015-01-15,321,-272,224250000,0.28722222222222227
2015-01-15,321,-274,224250000,1.3884722222222223
2015-01-15,577,-28,235081732,1.2555555555555553
2015-01-15,577,-29,235081732,0.2122222222222222
2015-01-15,577,-23,235081732,9.1680555555555543
2015-01-15,577,-27,235081732,8.9731944444444451
2015-01-15,577,228,275274000,9.93513888888889
2015-01-15,577,229,275274000,3.5563888888888893
2015-01-15,577,-22,235000910,2.6804166666666664
2015-01-15,577,-27,235000910,1.5055555555555555
2015-01-15,577,-28,235000910,5.8711111111111114
2015-01-15,577,-29,235000910,2.5723611111111109
2015-01-15,577,-21,235000910,1.4943055555555556
2015-01-15,577,-20,235000910,1.6537499999999998
2015-01-15,577,-21,235008860,5.5429166666666667
2015-01-15,577,-22,235008860,1.6206944444444444
2015-01-15,577,-21,233308000,6.84111111111111
2015-01-15,577,-20,233308000,3.5148611111111108
2015-01-15,577,-22,233308000,4.03125
2015-01-15,577,228,275270000,14.415555555555553
2015-01-15,577,227,275270000,1.4084722222222221
2015-01-15,577,229,275270000,1.192361111111111
2015-01-15,577,102,219001976,1.0029166666666667
2015-01-15,577,101,219001976,2.8708333333333336
2015-01-15,577,-23,235076743,7.8140277777777776
2015-01-15,577,236,276282000,1.9970833333333333
2015-01-15,577,-20,233345000,0.41305555555555551
2015-01-15,577,-21,233345000,1.0340277777777778
2015-01-15,577,-27,233345000,2.6166666666666667
2015-01-15,577,-28,233345000,1.2379166666666666
2015-01-15,-447,1726,440980000,0.92
2015-01-15,-447,1728,440296000,1.524861111111111
2015-01-15,-447,1729,440296000,1.8508333333333331
2015-01-15,-447,1731,441053000,2.8048611111111112
2015-01-15,-447,-1780,512000102,1.6231944444444444
2015-01-15,-447,-1771,512000102,0.8619444444444444
2015-01-15,-447,-1772,512000102,1.8405555555555555
2015-01-15,-447,1728,440761000,3.7998611111111109
2015-01-15,-447,1727,440761000,0.86097222222222225
2015-01-15,-191,-978,224156000,0.78875000000000006
2015-01-15,-191,-979,224156000,1.3563888888888889
2015-01-15,-191,429,431782000,3.5924999999999994
2015-01-15,-191,428,431782000,0.9981944444444445
2015-01-15,-191,-972,735058806,0.71736111111111112
2015-01-15,-191,-970,735058806,1.0227777777777778
2015-01-15,-191,-939,224918000,1.2169444444444444
2015-01-15,-191,-938,224918000,0.9080555555555555
2015-01-15,322,-272,224250000,0.55069444444444426
2015-01-15,322,-273,224250000,0.64972222222222231
2015-01-15,578,208,266205000,13.290694444444444
2015-01-15,578,-1735,367588710,1.390138888888889
2015-01-15,578,-1738,367588710,1.45
2015-01-15,578,-1736,367588710,1.3556944444444445
2015-01-15,578,-1734,367588710,0.6875
2015-01-15,578,-1737,367588710,1.3361111111111112
2015-01-15,578,-1739,367588710,0.7225
2015-01-15,578,228,275270000,1.0605555555555555
2015-01-15,578,234,276282000,1.5358333333333334
2015-01-15,578,233,276282000,4.1881944444444441
2015-01-15,578,236,276282000,1.5193055555555555
2015-01-15,-446,-615,701000765,5.6118055555555557
2015-01-15,-446,1731,440296000,2.074583333333333
2015-01-15,-446,1731,441053000,1.2395833333333335
2015-01-15,-446,1733,441053000,0.37236111111111109
2015-01-15,-446,1732,441053000,1.0194444444444444
2015-01-15,-446,-615,701000529,4.4756944444444446
2015-01-15,-446,-615,701000794,4.4543055555555551
2015-01-15,-446,-1779,512000102,1.5894444444444444
2015-01-15,-190,-781,416842000,6.7720833333333328
2015-01-15,-190,-979,224156000,2.2340277777777779
2015-01-15,-190,-978,224156000,0.6776388888888889
2015-01-15,-190,430,431782000,1.4200000000000002
2015-01-15,-190,-972,735058806,0.83875000000000011
2015-01-15,-190,-971,735058806,0.48750000000000004
2015-01-15,-190,-970,735058806,1.0529166666666667
2015-01-15,-190,-939,224918000,0.37444444444444441
2015-01-15,-190,-938,224918000,1.7580555555555557
2015-01-15,323,347,428150610,4.4591666666666665
2015-01-15,323,1456,431702130,0.5125
2015-01-15,323,-462,224099470,2.4345833333333333
2015-01-15,323,-273,224250000,0.36
2015-01-15,323,-272,224250000,2.8951388888888885
2015-01-15,323,1445,431700120,15.935555555555556
2015-01-15,323,347,428418000,7.5699999999999994
2015-01-15,579,-1735,367588710,1.4080555555555556
2015-01-15,579,-1734,367588710,1.1495833333333334
2015-01-15,579,-1737,367588710,5.724444444444444
2015-01-15,579,-1736,367588710,5.7004166666666674
2015-01-15,-445,-615,701000765,1.5230555555555556
2015-01-15,-445,-615,701000529,1.5354166666666667
2015-01-15,-445,-615,701000794,1.5306944444444444
2015-01-15,-189,-1233,412695560,4.43138888888889
2015-01-15,-189,-983,735059255,4.78861111111111
2015-01-15,-189,-982,735059255,5.199583333333333
2015-01-15,-189,-978,224156000,0.69180555555555556
2015-01-15,-189,-979,224156000,3.6281944444444445
2015-01-15,-189,-977,224188000,0.9309722222222222
2015-01-15,-189,-976,224188000,0.21916666666666668
2015-01-15,-189,-970,735058806,1.5297222222222222
2015-01-15,-189,-971,735058806,1.0573611111111112
2015-01-15,-189,-1212,412420813,5.1961111111111116
2015-01-15,-189,-938,224918000,1.0126388888888889
2015-01-15,-189,-937,224918000,1.4394444444444443
2015-01-15,324,347,428150610,0.99999999999999989
2015-01-15,324,348,428150610,0.4465277777777778
2015-01-15,324,1456,431702130,5.7458333333333336
2015-01-15,324,1454,431702140,11.280972222222221
2015-01-15,324,-462,224099470,6.165
2015-01-15,324,348,428418000,0.53513888888888883
2015-01-15,324,347,428418000,13.859305555555556
2015-01-15,580,-62,231049000,0.41250000000000003
2015-01-15,580,-61,231049000,0.62069444444444444
2015-01-15,580,174,266353000,0.43361111111111111
2015-01-15,580,108,219013485,4.9747222222222218
2015-01-15,580,108,219013538,5.0197222222222218
2015-01-15,-444,-615,701000765,4.1894444444444439
2015-01-15,-444,-615,701000529,1.9166666666666667
2015-01-15,-444,-615,701000794,1.9108333333333332
2015-01-15,-188,-977,224188000,0.14166666666666666
2015-01-15,-188,-976,224188000,0.92402777777777789
2015-01-15,-188,-970,735058806,1.2702777777777778
2015-01-15,-188,-1208,412420813,0.70305555555555554
2015-01-15,-188,-1207,412420813,0.55902777777777779
2015-01-15,-188,-1206,412420813,0.95069444444444451
2015-01-15,-188,-1212,412420813,0.7005555555555556
2015-01-15,-188,-938,224918000,1.7349999999999999
2015-01-15,69,-177,263569000,5.971111111111111
2015-01-15,325,1216,905103115,2.4169444444444439
2015-01-15,325,348,428150610,2.057638888888889
2015-01-15,325,-463,224099470,1.365
2015-01-15,325,-468,224099470,4.6412499999999994
2015-01-15,325,-464,224099470,2.13625
2015-01-15,325,-275,224250000,3.2052777777777774
2015-01-15,325,-276,224250000,5.6829166666666673
2015-01-15,325,1217,412365758,4.043333333333333
2015-01-15,581,-63,244309000,1.0387499999999998
2015-01-15,581,-63,231049000,3.7979166666666671
2015-01-15,581,1524,273243200,6.2998611111111114
2015-01-15,581,174,266353000,0.44125
2015-01-15,581,175,266353000,0.62333333333333329
2015-01-15,581,107,219013485,2.0615277777777776
2015-01-15,581,108,219013485,0.6175
2015-01-15,581,9,266427000,0.11486111111111111
2015-01-15,581,107,219013538,2.2829166666666665
2015-01-15,581,108,219013538,2.89375
2015-01-15,-443,-615,701000529,1.6906944444444445
2015-01-15,-443,-615,701000794,1.6698611111111112
2015-01-15,-443,1715,512002689,4.7990277777777779
2015-01-15,-443,1714,512002689,0.98194444444444451
2015-01-15,-443,-605,701000620,25.15819444444444
2015-01-15,-443,1720,512002264,3.45375
2015-01-15,-443,1718,512002264,0.9373611111111112
2015-01-15,-443,1719,512002264,1.733888888888889
2015-01-15,-187,-984,735059255,1.9191666666666667
2015-01-15,-187,-977,224188000,1.5427777777777776
2015-01-15,-187,-1210,412420813,1.9090277777777775
2015-01-15,-187,-1212,412420813,0.32416666666666666
2015-01-15,-187,-1209,412420813,2.0920833333333331
2015-01-15,-187,-1208,412420813,2.72125
2015-01-15,-187,-1211,412420813,1.3748611111111113
2015-01-15,-187,-1206,412420813,1.7918055555555554
2015-01-15,-187,-1239,412420862,4.5544444444444441
2015-01-15,70,-177,263569000,1.0266666666666666
2015-01-15,326,1216,905103115,0.52666666666666662
2015-01-15,326,348,428150078,4.1266666666666669
2015-01-15,326,348,428150610,1.7418055555555554
2015-01-15,326,-170,255500125,0.44208333333333333
2015-01-15,326,-171,255500125,5.3194444444444455
2015-01-15,326,-465,224099470,0.96958333333333335
2015-01-15,326,-466,224099470,0.73013888888888889
2015-01-15,326,-469,224099470,1.1045833333333333
2015-01-15,326,-468,224099470,0.98097222222222213
2015-01-15,326,-467,224099470,0.88180555555555551
2015-01-15,326,1454,431700120,6.4480555555555554
2015-01-15,326,1453,431700120,5.7381944444444448
2015-01-15,326,-171,255401370,4.4334722222222229
2015-01-15,582,-60,231049000,4.9731944444444451
2015-01-15,582,1524,273243200,1.5230555555555556
2015-01-15,582,207,266205000,6.5277777777777777
2015-01-15,582,177,266353000,0.20861111111111111
2015-01-15,582,1528,273845610,6.0519444444444437
2015-01-15,582,107,219013485,2.275
2015-01-15,582,9,266427000,3.6501388888888888
2015-01-15,582,102,265787000,2.3758333333333335
2015-01-15,582,101,265787000,0.65138888888888891
2015-01-15,582,103,265787000,1.6836111111111114
2015-01-15,582,107,219013538,5.5718055555555557
2015-01-15,582,208,265858000,13.041666666666668
2015-01-15,582,-598,316013290,6.31125
2015-01-15,-442,-615,701000765,4.3340277777777789
2015-01-15,-442,-614,701000765,0.625
2015-01-15,-442,1739,441053000,0.6101388888888889
2015-01-15,-442,-615,701000529,2.0165277777777777
2015-01-15,-442,-615,701000794,2.1573611111111108
2015-01-15,-186,-1213,412420864,5.4451388888888888
2015-01-15,-186,-984,735059255,1.3754166666666667
2015-01-15,-186,-978,224188000,3.2865277777777782
2015-01-15,-186,-977,224188000,0.67055555555555557
2015-01-15,-186,114,376603000,8.3777777777777764
2015-01-15,-186,-1211,412420813,4.100138888888889
2015-01-15,-186,-1239,412420862,1.4365277777777776
2015-01-15,71,1775,412691770,2.2895833333333333
2015-01-15,71,1774,412691770,4.3990277777777784
2015-01-15,71,1777,412691770,7.0854166666666671
2015-01-15,71,1776,412691770,1.0118055555555556
2015-01-15,71,-177,263569000,1.0773611111111112
2015-01-15,327,1215,905103115,5.7430555555555554
2015-01-15,327,1216,905101363,10.826944444444445
2015-01-15,327,348,428150078,3.7747222222222225
2015-01-15,327,348,428150610,3.8538888888888891
2015-01-15,327,1216,905106298,10.219861111111111
2015-01-15,327,-466,224099470,0.4251388888888889
2015-01-15,327,-465,224099470,0.44722222222222224
2015-01-15,327,-461,224052370,6.2441666666666666
2015-01-15,327,-462,224052370,3.2418055555555556
2015-01-15,327,1216,905108889,7.6740277777777761
2015-01-15,583,209,219168000,2.465
2015-01-15,583,210,219168000,11.43611111111111
2015-01-15,583,-60,231049000,0.60555555555555562
2015-01-15,583,57,257619000,2.0994444444444444
2015-01-15,583,1524,273243200,4.5756944444444443
2015-01-15,583,209,266205000,1.1554166666666668
2015-01-15,583,210,266205000,1.2069444444444444
2015-01-15,583,208,266205000,1.4529166666666669
2015-01-15,583,1528,273845610,1.0848611111111111
2015-01-15,583,1527,273845610,0.6693055555555556
2015-01-15,583,106,219013485,6.17847222222222
2015-01-15,583,10,266427000,1.9636111111111114
2015-01-15,583,9,266427000,2.006388888888889
2015-01-15,583,11,266427000,0.83083333333333331
2015-01-15,583,12,266427000,0.61125
2015-01-15,583,13,266427000,0.40819444444444442
2015-01-15,583,103,265787000,4.1498611111111119
2015-01-15,583,105,265787000,1.4358333333333333
2015-01-15,583,106,265787000,1.2562499999999999
2015-01-15,583,104,265787000,1.8686111111111112
2015-01-15,583,1526,273438080,4.0547222222222228
2015-01-15,583,106,219013538,3.7586111111111111
2015-01-15,583,-57,250370000,0.38208333333333333
2015-01-15,583,210,265858000,2.3473611111111112
2015-01-15,583,210,219330000,0.78722222222222227
2015-01-15,583,209,219330000,2.836527777777778
2015-01-15,583,104,265804000,1.9469444444444446
2015-01-15,583,-57,250369000,0.20125
2015-01-15,583,-599,316013290,10.926527777777778
2015-01-15,583,-598,316013290,1.5206944444444446
2015-01-15,-441,-612,701000765,2.6923611111111114
2015-01-15,-441,-615,701000765,3.21875
2015-01-15,-441,1740,441053000,1.6636111111111112
2015-01-15,-441,-613,701000529,3.29625
2015-01-15,-441,-614,701000529,1.5079166666666666
2015-01-15,-441,-615,701000529,4.2593055555555557
2015-01-15,-441,-614,701000794,4.6163888888888893
2015-01-15,-441,-613,701000794,1.6441666666666668
2015-01-15,-441,-615,701000794,3.0877777777777773
2015-01-15,-185,-1213,412420864,3.7806944444444444
2015-01-15,-185,-1214,412420864,2.5184722222222224
2015-01-15,-185,-984,735059255,1.4151388888888889
2015-01-15,-185,-979,224188000,0.32361111111111107
2015-01-15,-185,-978,224188000,2.6638888888888888
2015-01-15,-185,115,376603000,1.1193055555555556
2015-01-15,-185,114,376603000,1.8333333333333333
2015-01-15,-185,-1797,520153000,7.0388888888888888
2015-01-15,-185,114,375714000,0.80125
2015-01-15,-185,-1237,412420584,4.2626388888888886
2015-01-15,-185,-1239,412420862,1.5205555555555554
2015-01-15,72,-177,263569000,1.1138888888888889
2015-01-15,328,348,428150078,1.5727777777777778
2015-01-15,328,348,428150089,2.4834722222222219
2015-01-15,328,349,428150089,7.1486111111111112
2015-01-15,328,350,428483000,0.21777777777777779
2015-01-15,328,349,428483000,2.7487500000000002
2015-01-15,328,-378,224173000,4.0888888888888895
2015-01-15,328,-381,224173000,1.135
2015-01-15,328,-383,224173000,1.0594444444444444
2015-01-15,328,-379,224173000,2.1695833333333332
2015-01-15,328,-382,224173000,0.87208333333333332
2015-01-15,328,-386,224173000,4.8197222222222225
2015-01-15,328,-384,224173000,3.5502777777777776
2015-01-15,328,-380,224173000,2.4738888888888888
2015-01-15,328,1438,431659000,10.646944444444445
2015-01-15,584,1485,273896200,2.9918055555555556
2015-01-15,584,1488,273896200,1.5359722222222221
2015-01-15,584,56,257619000,1.4659722222222222
2015-01-15,584,57,257619000,1.8856944444444443
2015-01-15,584,212,266205000,8.9870833333333326
2015-01-15,584,211,266205000,1.2009722222222221
2015-01-15,584,1527,273845610,1.3986111111111112
2015-01-15,584,106,219013485,4.3677777777777784
2015-01-15,584,107,219013485,0.4136111111111111
2015-01-15,584,57,257254000,0.4211111111111111
2015-01-15,584,56,257254000,1.0033333333333334
2015-01-15,584,1518,273893000,1.7554166666666666
2015-01-15,584,106,219013538,1.8256944444444445
2015-01-15,584,-55,250370000,0.22902777777777777
2015-01-15,584,211,265858000,1.2518055555555554
2015-01-15,584,212,265858000,8.6120833333333326
2015-01-15,584,212,219330000,7.8818055555555553
2015-01-15,584,211,219330000,1.2833333333333334
2015-01-15,584,-55,250369000,0.61555555555555552
2015-01-15,584,-56,250369000,0.810138888888889
2015-01-15,584,-57,250369000,0.2023611111111111
2015-01-15,584,1451,273336810,5.5613888888888887
2015-01-15,584,1452,273336810,1.5706944444444444
2015-01-15,-440,1742,441053000,2.3941666666666666
2015-01-15,-440,-530,263564000,5.3097222222222218
2015-01-15,-440,-529,263564000,1.5206944444444446
2015-01-15,-184,-1215,412420864,2.6102777777777777
2015-01-15,-184,-1216,412420864,0.67055555555555557
2015-01-15,-184,-1213,412420864,0.20402777777777778
2015-01-15,-184,-1214,412420864,5.8865277777777774
2015-01-15,-184,-1195,412695570,8.2722222222222221
2015-01-15,-184,-989,735059233,4.8
2015-01-15,-184,-984,735059255,1.3975
2015-01-15,-184,-979,224188000,0.66222222222222216
2015-01-15,-184,-1034,224987000,0.66888888888888887
2015-01-15,-184,-1033,224987000,0.68777777777777782
2015-01-15,-184,114,376603000,3.8537500000000002
2015-01-15,-184,-1790,520153000,1.335
2015-01-15,-184,114,375714000,0.71013888888888888
2015-01-15,-184,-1237,412420584,1.5751388888888889
2015-01-15,-184,-1239,412420862,2.6065277777777776
2015-01-15,73,-177,263569000,3.2208333333333332
2015-01-15,329,348,428150078,0.50819444444444439
2015-01-15,329,349,428150078,1.5666666666666667
2015-01-15,329,349,428150089,1.80875
2015-01-15,329,348,428150089,0.22194444444444444
2015-01-15,329,1441,431704210,12.916805555555555
2015-01-15,329,-466,224052370,3.2613888888888889
2015-01-15,329,-468,224052370,5.552777777777778
2015-01-15,329,349,428483000,9.6333333333333329
2015-01-15,329,350,428483000,3.2423611111111112
2015-01-15,329,-384,224173000,0.20694444444444446
2015-01-15,329,-385,224173000,1.6891666666666669
2015-01-15,329,1438,431659000,2.912638888888889
2015-01-15,585,1476,273896200,4.0322222222222219
2015-01-15,585,182,266346000,0.42416666666666669
2015-01-15,585,181,266346000,0.21930555555555556
2015-01-15,585,1523,273243200,4.5318055555555556
2015-01-15,585,1476,273874000,3.8254166666666665
2015-01-15,585,182,266353000,0.62958333333333327
2015-01-15,585,181,266353000,0.21638888888888888
2015-01-15,585,1527,273845610,1.276388888888889
2015-01-15,585,106,219013485,0.20666666666666667
2015-01-15,585,56,257254000,1.7248611111111112
2015-01-15,585,55,257254000,1.1366666666666667
2015-01-15,585,1515,273893000,4.5836111111111109
2015-01-15,585,1514,273893000,2.9845833333333331
2015-01-15,585,1516,273893000,1.5415277777777778
2015-01-15,585,1523,273429220,2.6026388888888889
2015-01-15,585,-46,250369000,0.43083333333333335
2015-01-15,585,-53,250369000,0.61805555555555558
2015-01-15,585,-54,250369000,0.4161111111111111
2015-01-15,585,-45,250369000,0.85097222222222224
2015-01-15,585,1453,273336810,2.9931944444444443
2015-01-15,585,1452,273336810,1.5404166666666668
2015-01-15,585,1454,273336810,5.6802777777777775
2015-01-15,-695,-1215,272364000,3.9426388888888888
2015-01-15,-439,1742,441053000,1.6604166666666667
2015-01-15,-439,-1774,272204000,0.83069444444444451
2015-01-15,-439,-528,263564000,5.6026388888888885
2015-01-15,-439,-526,263564000,5.2722222222222221
2015-01-15,-183,-1213,412420864,2.8516666666666666
2015-01-15,-183,-1236,412400154,3.8966666666666665
2015-01-15,-183,-991,735059233,2.6138888888888889
2015-01-15,-183,-989,735059233,0.74152777777777779
2015-01-15,-183,-1137,412420913,6.4779166666666672
2015-01-15,-183,-1138,412420913,0.79138888888888859
2015-01-15,-183,-984,735059255,0.35694444444444445
2015-01-15,-183,-985,735059255,0.99875
2015-01-15,-183,-979,224188000,1.0045833333333334
2015-01-15,-183,-1033,224987000,1.3498611111111112
2015-01-15,-183,-1034,224987000,1.0643055555555554
2015-01-15,-183,114,376603000,1.0027777777777778
2015-01-15,-183,-1790,520153000,7.5802777777777779
2015-01-15,-183,376,440236000,12.827083333333334
2015-01-15,-183,-1237,412420584,1.3872222222222224
2015-01-15,-183,-970,224619000,0.082916666666666666
2015-01-15,-183,-969,224619000,0.11249999999999999
2015-01-15,74,1631,432507000,12.695277777777777
2015-01-15,74,1630,432507000,0.31347222222222226
2015-01-15,74,1777,412326798,11.605
2015-01-15,74,1773,412326798,12.668055555555554
2015-01-15,330,-308,224049460,0.69152777777777774
2015-01-15,330,-307,224049460,5.2169444444444446
2015-01-15,330,349,428150078,0.21666666666666667
2015-01-15,330,349,428150089,4.5136111111111115
2015-01-15,330,350,428150089,0.23944444444444446
2015-01-15,330,1440,431704210,4.5623611111111115
2015-01-15,330,-467,224052370,1.4
2015-01-15,586,182,266346000,4.0087499999999991
2015-01-15,586,183,266346000,0.86833333333333318
2015-01-15,586,181,266346000,0.21083333333333332
2015-01-15,586,-48,250002464,0.23041666666666666
2015-01-15,586,-47,250002464,2.715416666666667
2015-01-15,586,1524,273565500,11.825833333333334
2015-01-15,586,1523,273243200,6.3086111111111114
2015-01-15,586,1524,273243200,1.5918055555555557
2015-01-15,586,-1772,367068230,2.6202777777777779
2015-01-15,586,-1771,367068230,2.1100000000000003
2015-01-15,586,182,266353000,3.9708333333333332
2015-01-15,586,181,266353000,0.42902777777777779
2015-01-15,586,183,266353000,0.20194444444444443
2015-01-15,586,1527,273845610,0.19874999999999998
2015-01-15,586,1524,273845610,9.9794444444444448
2015-01-15,586,1526,273845610,2.4061111111111111
2015-01-15,586,1524,273438080,10.02125
2015-01-15,586,1525,273438080,4.0406944444444441
2015-01-15,586,1561,273849000,7.5693055555555553
2015-01-15,586,-47,250370000,1.5944444444444443
2015-01-15,586,-46,250370000,6.0140277777777769
2015-01-15,586,1524,273429220,2.6826388888888886
2015-01-15,586,1523,273429220,2.2377777777777776
2015-01-15,586,96,257654500,2.6234722222222224
2015-01-15,586,-47,250369000,0.62986111111111109
2015-01-15,586,-46,250369000,3.8358333333333343
2015-01-15,586,-48,250369000,1.5295833333333331
2015-01-15,-694,-1213,272364000,3.6711111111111117
2015-01-15,-694,-1214,272364000,4.1580555555555572
2015-01-15,-438,1742,441053000,1.3104166666666668
2015-01-15,-438,-1774,272204000,6.0806944444444451
2015-01-15,-438,-525,263564000,6.4097222222222223
2015-01-15,-182,-1196,412695570,4.925
2015-01-15,-182,-1236,412400154,1.22
2015-01-15,-182,-989,735059233,1.1143055555555554
2015-01-15,-182,-980,224188000,0.26125
2015-01-15,-182,-979,224188000,2.3580555555555556
2015-01-15,-182,-1033,224987000,4.6194444444444445
2015-01-15,-182,-1034,224987000,1.0945833333333335
2015-01-15,-182,-1236,412420583,4.8331944444444446
2015-01-15,-182,-1238,412420584,3.6640277777777781
2015-01-15,-182,-1237,412420584,0.20875
2015-01-15,75,-183,224295000,3.8280555555555553
2015-01-15,75,-176,263569000,6.3486111111111123
2015-01-15,331,-308,224049460,0.71305555555555555
2015-01-15,331,-309,224049460,1.7366666666666668
2015-01-15,331,-306,224049460,0.8666666666666667
2015-01-15,331,-304,224099450,1.3806944444444444
2015-01-15,587,186,266346000,0.21805555555555556
2015-01-15,587,185,266346000,0.82361111111111118
2015-01-15,587,184,266346000,1.505972222222222
2015-01-15,587,183,266346000,2.293333333333333
2015-01-15,587,-1773,367068230,3.9865277777777779
2015-01-15,587,-1774,367068230,6.0979166666666664
2015-01-15,587,185,266353000,0.65833333333333333
2015-01-15,587,184,266353000,1.2445833333333332
2015-01-15,587,183,266353000,1.4776388888888889
2015-01-15,587,1525,273845610,1.587361111111111
2015-01-15,587,-36,235040121,0.41402777777777777
2015-01-15,587,-39,235040121,0.2013888888888889
2015-01-15,587,-38,235040121,1.4597222222222221
2015-01-15,587,-37,235040121,2.2979166666666666
2015-01-15,587,-47,235008380,3.44375
2015-01-15,587,1562,273849000,3.0236111111111112
2015-01-15,587,1561,273849000,1.6294444444444443
2015-01-15,587,1524,273429220,5.5347222222222223
2015-01-15,587,1525,273429220,1.5402777777777779
2015-01-15,-693,-1212,272364000,11.77236111111111
2015-01-15,-437,1742,441053000,2.08125
2015-01-15,-437,-1774,272204000,5.042083333333335
2015-01-15,-181,-1293,416002581,11.689444444444444
2015-01-15,-181,-1236,412400154,2.0686111111111103
2015-01-15,-181,-992,735059233,0.9030555555555555
2015-01-15,-181,-989,735059233,1.3501388888888886
2015-01-15,-181,-985,735059255,5.0165277777777781
2015-01-15,-181,-979,224188000,1.0594444444444444
2015-01-15,-181,-980,224188000,0.65847222222222213
2015-01-15,-181,-1033,224987000,2.9529166666666669
2015-01-15,-181,-1034,224987000,1.0041666666666667
2015-01-15,-181,-1270,529765000,0.62666666666666671
2015-01-15,-181,-1255,412420239,0.89513888888888893
2015-01-15,-181,-1256,412420239,4.400555555555556
2015-01-15,-181,-1236,412420583,1.6251388888888887
2015-01-15,-181,-1241,412420852,5.2544444444444451
2015-01-15,-181,-1239,412420862,2.5047222222222225
2015-01-15,332,-309,224049460,1.1302777777777777
2015-01-15,332,-302,224099450,4.4884722222222226
2015-01-15,332,-304,224099450,1.2536111111111112
2015-01-15,332,-305,224099450,0.76347222222222222
2015-01-15,588,186,266346000,0.42
2015-01-15,588,185,266346000,0.20222222222222222
2015-01-15,588,-32,235085082,0.84305555555555545
2015-01-15,588,-1776,367068230,2.3281944444444447
2015-01-15,588,-1775,367068230,2.3852777777777781
2015-01-15,588,-1777,367068230,0.17666666666666667
2015-01-15,588,185,266353000,0.43041666666666667
2015-01-15,588,186,266353000,0.42138888888888892
2015-01-15,588,1564,273849000,6.2856944444444443
2015-01-15,588,1562,273849000,5.5340277777777782
2015-01-15,-436,-1774,272204000,2.2127777777777777
2015-01-15,-180,-1233,412695560,4.4391666666666669
2015-01-15,-180,-1236,412400154,3.3845833333333326
2015-01-15,-180,-992,735059233,0.6415277777777777
2015-01-15,-180,-989,735059233,1.1398611111111112
2015-01-15,-180,109,204862000,6.9043055555555553
2015-01-15,-180,-1034,224987000,2.2179166666666665
2015-01-15,-180,-1033,224987000,2.6195833333333334
2015-01-15,-180,-1270,529765000,0.75236111111111115
2015-01-15,-180,-1255,412420239,2.1075
2015-01-15,-180,-1237,412420583,2.7126388888888893
2015-01-15,-180,-1236,412420583,0.8206944444444445
2015-01-15,-180,-1242,412420852,1.2304166666666665
2015-01-15,-180,-1239,412420862,0.66722222222222238
2015-01-15,333,1210,412365841,1.9343055555555557
2015-01-15,333,1209,412365841,7.3813888888888872
2015-01-15,333,-307,224049460,1.358888888888889
2015-01-15,333,-310,224049460,1.9443055555555557
2015-01-15,333,1209,905116766,10.572222222222221
2015-01-15,333,1207,412001888,2.5754166666666665
2015-01-15,333,1209,926014065,7.9938888888888906
2015-01-15,333,-304,224099450,1.1095833333333334
2015-01-15,589,1567,273849910,0.15152777777777776
2015-01-15,589,-1777,367068230,0.90638888888888891
2015-01-15,589,1479,273874000,10.874861111111111
2015-01-15,589,-3,219121000,11.975
2015-01-15,-179,-989,735059233,3.1293055555555553
2015-01-15,-179,-992,735059233,0.66250000000000009
2015-01-15,-179,-1032,224987000,0.8044444444444443
2015-01-15,-179,-1033,224987000,1.0509722222222222
2015-01-15,-179,-1271,529765000,6.020833333333333
2015-01-15,-179,-1255,412420239,3.7376388888888892
2015-01-15,-179,-1242,412420852,1.5919444444444444
2015-01-15,-179,-1239,412420862,0.8898611111111111
2015-01-15,78,-190,224295000,5.6284722222222223
2015-01-15,334,1209,412365841,2.3225
2015-01-15,334,-308,224049460,1.3109722222222222
2015-01-15,334,1209,905116766,5.1383333333333336
2015-01-15,334,1209,926014065,10.497916666666669
2015-01-15,334,-304,224099450,0.49666666666666665
2015-01-15,590,1567,273849910,2.091388888888889
2015-01-15,590,1568,273849910,7.322222222222222
2015-01-15,590,-3,219121000,3.9645833333333345
2015-01-15,590,53,257603500,2.116944444444445
2015-01-15,590,54,257603500,0.21958333333333335
2015-01-15,590,-37,235070436,0.616111111111111
2015-01-15,590,-38,235070436,0.41944444444444445
2015-01-15,590,-74,228205800,4.5611111111111109
2015-01-15,-178,-991,735059233,1.2888888888888888
2015-01-15,-178,-992,735059233,0.725
2015-01-15,-178,-990,735059233,1.1984722222222222
2015-01-15,-178,-1033,224987000,0.55027777777777775
2015-01-15,-178,-1032,224987000,1.0858333333333334
2015-01-15,-178,-1236,412420584,1.2001388888888886
2015-01-15,-178,-1237,412420584,1.837361111111111
2015-01-15,-178,-1238,412420584,3.390833333333334
2015-01-15,-178,-1242,412420852,2.8058333333333332
2015-01-15,-178,-1241,412420852,3.0134722222222221
2015-01-15,-178,-1239,412420862,0.67847222222222225
2015-01-15,79,-189,224295000,1.0298611111111111
2015-01-15,79,984,567100002,5.0666666666666673
2015-01-15,79,1734,431053000,3.6272222222222226
2015-01-15,335,1209,412365841,3.0898611111111114
2015-01-15,335,-309,224049460,1.3497222222222223
2015-01-15,335,-311,224049460,2.4093055555555556
2015-01-15,335,-415,224029760,4.13875
2015-01-15,335,1209,926014065,1.6327777777777779
2015-01-15,335,-304,224099450,2.5861111111111112
2015-01-15,591,1568,273849910,9.0556944444444447
2015-01-15,591,1569,273441610,3.4152777777777779
2015-01-15,591,1569,273353060,1.515138888888889
2015-01-15,591,-3,219121000,3.94
2015-01-15,591,-38,235070436,1.0261111111111112
2015-01-15,591,-37,235070436,1.0175
2015-01-15,591,-36,235070436,0.60652777777777778
2015-01-15,-177,-1233,412400154,3.2265277777777777
2015-01-15,-177,-1210,412400155,0.037500000000000006
2015-01-15,-177,-1211,412400155,0.44111111111111112
2015-01-15,-177,-989,735059233,2.0958333333333332
2015-01-15,-177,-1252,412420237,5.9195833333333328
2015-01-15,-177,397,431714000,10.578055555555554
2015-01-15,-177,-1249,412420818,5.3668055555555565
2015-01-15,-177,-1198,412420582,1.6954166666666663
2015-01-15,-177,-1197,412420582,5.6561111111111106
2015-01-15,-177,-1199,412420582,0.84513888888888888
2015-01-15,-177,-1233,412420583,2.6790277777777782
2015-01-15,-177,-1241,412420852,0.52777777777777779
2015-01-15,-177,-1239,412420862,1.1241666666666665
2015-01-15,80,-188,224295000,0.50875
2015-01-15,80,-189,224295000,0.37680555555555556
2015-01-15,80,985,567100002,11.426805555555555
2015-01-15,80,1735,431053000,0.68138888888888893
2015-01-15,80,-140,440747000,1.1931944444444444
2015-01-15,80,-138,440747000,0.75027777777777782
2015-01-15,80,-139,440747000,1.0543055555555556
2015-01-15,336,-312,224049460,1.656666666666667
2015-01-15,336,-311,224049460,1.6
2015-01-15,592,-54,227978000,9.0476388888888888
2015-01-15,592,1569,273812510,3.0095833333333331
2015-01-15,592,1570,273812510,2.9819444444444443
2015-01-15,592,1568,273849910,1.5766666666666667
2015-01-15,592,1569,273516600,6.1501388888888888
2015-01-15,592,1570,273516600,7.1127777777777776
2015-01-15,592,1569,273441610,7.4972222222222227
2015-01-15,592,1568,273441610,5.537638888888889
2015-01-15,592,1570,273441610,1.3376388888888888
2015-01-15,592,1569,273353060,7.1245833333333337
2015-01-15,592,-3,219121000,1.495
2015-01-15,592,-2,219121000,0.65097222222222217
2015-01-15,592,-37,235070436,0.6075
2015-01-15,592,-38,235070436,2.546388888888889
2015-01-15,-176,-1232,412400154,1.4236111111111107
2015-01-15,-176,-1210,412400155,0.81930555555555551
2015-01-15,-176,-1211,412400155,0.72458333333333336
2015-01-15,-176,-1209,412400155,9.7448611111111116
2015-01-15,-176,-1229,412420901,2.7544444444444443
2015-01-15,-176,-1231,412420901,0.91944444444444451
2015-01-15,-176,-1230,412420901,0.82638888888888884
2015-01-15,-176,-1235,412420911,5.7451388888888886
2015-01-15,-176,-1234,412420911,12.442777777777778
2015-01-15,-176,-808,412420229,11.79111111111111
2015-01-15,-176,-1252,412420237,1.5074999999999998
2015-01-15,-176,393,441242000,1.1404166666666666
2015-01-15,-176,-808,412699820,11.481666666666666
2015-01-15,-176,-1249,412420818,1.3606944444444449
2015-01-15,-176,-1261,416000476,17.426111111111108
2015-01-15,-176,-1199,412420582,5.0715277777777779
2015-01-15,-176,-1233,412420583,0.60138888888888886
2015-01-15,-176,-1232,412420583,0.39055555555555554
2015-01-15,-176,-1236,412420852,6.4830555555555556
2015-01-15,-176,-1239,412420862,0.66597222222222219
2015-01-15,81,-188,224295000,0.9426388888888888
2015-01-15,81,1737,431053000,0.2375
2015-01-15,81,1736,431053000,4.389444444444444
2015-01-15,81,-142,440747000,2.5041666666666669
2015-01-15,81,-143,440747000,3.1991666666666667
2015-01-15,81,-139,440747000,6.7840277777777782
2015-01-15,81,-138,440747000,0.50805555555555559
2015-01-15,337,1281,440129790,11.324583333333333
2015-01-15,593,1570,273812510,4.730833333333333
2015-01-15,593,1568,273849910,1.5626388888888889
2015-01-15,593,1569,273849910,2.7355555555555555
2015-01-15,593,1570,273516600,4.5388888888888888
2015-01-15,593,1570,273441610,3.3668055555555556
2015-01-15,593,-1,219121000,0.82763888888888881
2015-01-15,593,-2,219121000,0.43902777777777779
2015-01-15,593,-38,235070436,0.48819444444444449
2015-01-15,593,-36,235070436,0.61944444444444446
2015-01-15,593,-39,235070436,0.94930555555555562
2015-01-15,-175,-1229,412400154,5.8330555555555552
2015-01-15,-175,-1231,412400154,0.97805555555555579
2015-01-15,-175,-1230,412400154,0.48277777777777775
2015-01-15,-175,-1211,412400155,0.45763888888888893
2015-01-15,-175,-1212,412400155,0.31236111111111109
2015-01-15,-175,-1233,412420901,2.5165277777777777
2015-01-15,-175,-1232,412420901,3.2088888888888887
2015-01-15,-175,-1235,412420901,6.0040277777777762
2015-01-15,-175,-1236,412420901,5.1547222222222224
2015-01-15,-175,-1234,412420901,1.8715277777777777
2015-01-15,-175,-807,412420925,11.942222222222222
2015-01-15,-175,-806,412420927,4.4429166666666662
2015-01-15,-175,-1252,412420436,0.42444444444444446
2015-01-15,-175,-1252,412420237,0.4868055555555556
2015-01-15,-175,-1251,412420237,0.95819444444444457
2015-01-15,-175,393,441242000,3.1404166666666669
2015-01-15,-175,-807,412420279,14.113472222222223
2015-01-15,-175,-808,412420797,11.575694444444444
2015-01-15,-175,-1249,412420818,0.74375000000000013
2015-01-15,-175,-1248,412420818,0.37902777777777774
2015-01-15,-175,-1196,412420582,9.9883333333333333
2015-01-15,-175,-1232,412420583,1.0787499999999999
2015-01-15,-175,-1239,412420862,5.5286111111111111
2015-01-15,82,-187,224295000,1.405
2015-01-15,82,-1177,412440235,0.275
2015-01-15,82,1737,431053000,1.5336111111111113
2015-01-15,82,-142,440747000,2.2370833333333335
2015-01-15,338,-413,224032970,1.3433333333333333
2015-01-15,594,-53,218325000,11.649444444444445
2015-01-15,594,1569,273812510,5.5237500000000006
2015-01-15,594,1570,273812510,4.8777777777777782
2015-01-15,594,1570,273516600,3.3586111111111112
2015-01-15,594,-1,219121000,0.41125
2015-01-15,594,-53,218359000,12.421388888888888
2015-01-15,-430,1779,441182000,3.3823611111111109
2015-01-15,-430,1778,441182000,0.45
2015-01-15,-430,1782,441182000,1.6075
2015-01-15,-430,1780,441182000,0.19305555555555556
2015-01-15,-430,1781,441182000,3.4702777777777776
2015-01-15,-430,1783,441182000,2.0905555555555555
2015-01-15,-430,1783,440890000,2.0866666666666669
2015-01-15,-430,1786,440890000,4.8550000000000022
2015-01-15,-430,1785,440890000,4.5284722222222227
2015-01-15,-174,-805,412110084,5.9273611111111109
2015-01-15,-174,-806,412420104,17.8825
2015-01-15,-174,-802,412420114,10.558333333333334
2015-01-15,-174,-1199,412695570,11.056944444444444
2015-01-15,-174,-1212,412400155,1.0198611111111111
2015-01-15,-174,-802,412439584,18.80972222222222
2015-01-15,-174,-805,412420644,11.961805555555555
2015-01-15,-174,-802,412422695,11.096944444444444
2015-01-15,-174,-802,412420406,11.469305555555556
2015-01-15,-174,-802,412420922,5.9565277777777776
2015-01-15,-174,-801,412420922,4.5031944444444445
2015-01-15,-174,-802,412420926,12.400972222222222
2015-01-15,-174,-805,412430920,11.937222222222221
2015-01-15,-174,-804,412678220,9.5844444444444452
2015-01-15,-174,-1264,412420435,0.34972222222222221
2015-01-15,-174,-1251,412420436,0.31513888888888886
2015-01-15,-174,-1252,412420436,0.59263888888888883
2015-01-15,-174,-807,412420228,16.179861111111112
2015-01-15,-174,-802,412420231,10.020138888888887
2015-01-15,-174,-1251,412420237,2.9888888888888889
2015-01-15,-174,-1254,412420239,2.8397222222222225
2015-01-15,-174,-802,412420243,10.708472222222223
2015-01-15,-174,-802,412420244,4.3623611111111114
2015-01-15,-174,-802,412420804,6.1676388888888889
2015-01-15,-174,-802,412420806,6.974444444444444
2015-01-15,-174,-1227,412420811,2.2698611111111111
2015-01-15,-174,397,431714000,3.7001388888888891
2015-01-15,-174,-1248,412420818,3.0251388888888888
2015-01-15,-174,-1223,412420819,3.0309722222222222
2015-01-15,-174,-808,412420062,9.7625
2015-01-15,-174,-807,412420577,10.52375
2015-01-15,-174,-1232,412420583,0.1126388888888889
2015-01-15,-174,-1229,412420583,5.6173611111111112
2015-01-15,-174,-1231,412420583,0.85833333333333328
2015-01-15,-174,-1230,412420583,0.61222222222222233
2015-01-15,-174,-802,902200811,11.629583333333333
2015-01-15,-174,-802,412420339,18.56111111111111
2015-01-15,-174,-1221,412420851,11.06486111111111
2015-01-15,-174,-805,412420854,12.204444444444443
2015-01-15,-174,-802,412420855,10.43513888888889
2015-01-15,83,1587,431680000,8.11125
2015-01-15,83,1588,431680000,0.3
2015-01-15,83,1744,431070000,0.54458333333333331
2015-01-15,83,1745,431070000,0.27930555555555558
2015-01-15,83,-185,224295000,3.8772222222222221
2015-01-15,83,1738,431053000,1.6816666666666666
2015-01-15,339,1285,440149510,4.1005555555555553
2015-01-15,339,1284,440321550,1.3786111111111112
2015-01-15,339,1210,905101668,11.007916666666667
2015-01-15,339,-302,224099450,2.1675
2015-01-15,339,-303,224099450,7.5851388888888884
2015-01-15,339,1281,440149160,4.4520833333333334
2015-01-15,339,-412,224032970,1.6515277777777777
2015-01-15,339,-419,224032970,2.2058333333333335
2015-01-15,339,-418,224032970,0.74847222222222221
2015-01-15,339,-411,224032970,1.6234722222222222
2015-01-15,339,-417,224032970,3.5222222222222226
2015-01-15,339,-413,224032970,2.1441666666666666
2015-01-15,339,-415,224032970,1.027638888888889
2015-01-15,339,-414,224032970,0.7780555555555555
2015-01-15,339,-420,224032970,4.2594444444444441
2015-01-15,339,-416,224032970,1.1401388888888888
2015-01-15,339,-410,224032970,1.63875
2015-01-15,595,-52,218325000,18.7075
2015-01-15,595,-53,231125000,1.7970833333333334
2015-01-15,595,248,276001830,0.64541666666666664
2015-01-15,595,249,276001830,6.1280555555555551
2015-01-15,595,-52,258590000,8.6026388888888885
2015-01-15,595,-53,231112000,12.420833333333334
2015-01-15,595,251,276785000,1.4965277777777777
2015-01-15,595,250,276785000,7.8848611111111113
2015-01-15,595,1,219121000,0.20833333333333331
2015-01-15,595,-54,235010670,20.99013888888889
2015-01-15,595,248,276761000,2.0622222222222222
2015-01-15,595,-57,218359000,8.6416666666666675
2015-01-15,595,250,276385000,6.472777777777778
2015-01-15,595,249,276790000,2.9036111111111107
2015-01-15,595,250,276790000,2.9995833333333328
2015-01-15,595,248,276790000,1.2530555555555556
2015-01-15,-429,1780,441182000,2.6722222222222225
2015-01-15,-429,1778,441182000,2.4672222222222224
2015-01-15,-429,1779,441182000,5.021527777777778
2015-01-15,-429,1780,440890000,6.0547222222222219
2015-01-15,-429,1782,440890000,1.5583333333333331
2015-01-15,-173,-805,412110084,4.6211111111111105
2015-01-15,-173,-804,412422697,6.668333333333333
2015-01-15,-173,-805,412422704,12.62638888888889
2015-01-15,-173,-803,412422706,11.782083333333333
2015-01-15,-173,-804,412420928,11.127361111111112
2015-01-15,-173,-1263,412420435,0.93652777777777785
2015-01-15,-173,-1264,412420435,0.59972222222222227
2015-01-15,-173,-1251,412420436,0.016805555555555553
2015-01-15,-173,-804,412420464,19.240138888888886
2015-01-15,-173,-805,900200837,5.766805555555556
2015-01-15,-173,-1254,412420239,0.82055555555555548
2015-01-15,-173,395,441242000,3.4418055555555558
2015-01-15,-173,-801,412420245,18.745416666666667
2015-01-15,-173,-804,412420251,7.3898611111111112
2015-01-15,-173,-801,412420252,4.7619444444444445
2015-01-15,-173,-804,412420535,12.444583333333334
2015-01-15,-173,-1246,412420794,5.4208333333333334
2015-01-15,-173,-1224,412420811,0.87000000000000011
2015-01-15,-173,-1225,412420811,3.3518055555555555
2015-01-15,-173,-1223,412420811,0.75458333333333316
2015-01-15,-173,398,431714000,1.8166666666666667
2015-01-15,-173,-804,412420562,11.030694444444444
2015-01-15,-173,-1225,412420819,0.12902777777777777
2015-01-15,-173,-1226,412420819,0.1373611111111111
2015-01-15,-173,-1222,412420819,0.72472222222222238
2015-01-15,-173,-1223,412420819,3.7595833333333335
2015-01-15,-173,-804,412420825,17.98125
2015-01-15,-173,-1246,412420863,1.2072222222222222
2015-01-15,84,-186,224295000,0.8997222222222222
2015-01-15,84,1738,431053000,0.75694444444444442
2015-01-15,84,1739,431053000,0.79736111111111119
2015-01-15,340,1284,440321550,13.692222222222222
2015-01-15,340,1285,440703580,13.036527777777779
2015-01-15,340,1284,440703580,0.21125
2015-01-15,340,1210,905101668,7.118611111111111
2015-01-15,340,1281,440149160,1.0583333333333333
2015-01-15,340,1286,440143800,3.4265277777777774
2015-01-15,596,243,230122280,3.2380555555555559
2015-01-15,596,242,230122280,2.5030555555555556
2015-01-15,596,-52,231112000,2.6365277777777778
2015-01-15,596,252,276167000,1.026388888888889
2015-01-15,596,1669,273849700,12.818888888888887
2015-01-15,596,1670,273849700,5.63125
2015-01-15,596,2,219121000,0.20819444444444446
2015-01-15,596,252,276187000,0.20986111111111111
2015-01-15,596,251,276187000,1.0745833333333334
2015-01-15,596,243,230996090,2.8554166666666667
2015-01-15,596,242,230996090,3.149861111111111
2015-01-15,596,248,276761000,0.41986111111111113
2015-01-15,596,246,276761000,1.6493055555555554
2015-01-15,596,247,276761000,1.4618055555555554
2015-01-15,596,245,276761000,2.253333333333333
2015-01-15,596,247,276643000,1.8338888888888889
2015-01-15,596,246,276643000,1.6520833333333331
2015-01-15,596,248,276643000,0.61361111111111111
2015-01-15,596,245,276643000,1.0781944444444445
2015-01-15,596,249,276790000,1.9006944444444442
2015-01-15,596,253,276811000,0.32319444444444445
2015-01-15,-172,-807,412354055,17.578333333333333
2015-01-15,-172,-807,412422694,10.897777777777778
2015-01-15,-172,-804,412420405,10.375555555555557
2015-01-15,-172,-806,412420927,3.8851388888888891
2015-01-15,-172,-1262,412420435,3.3554166666666667
2015-01-15,-172,-1250,412420436,3.1147222222222224
2015-01-15,-172,-804,412420697,10.497083333333334
2015-01-15,-172,-1250,412420237,2.9963888888888892
2015-01-15,-172,-1254,412420239,0.736111111111111
2015-01-15,-172,396,441242000,2.5884722222222218
2015-01-15,-172,395,441242000,1.5779166666666666
2015-01-15,-172,-1244,412420794,0.942361111111111
2015-01-15,-172,-1245,412420794,1.0456944444444445
2015-01-15,-172,-1223,412420811,1.1379166666666665
2015-01-15,-172,-1224,412420811,0.76222222222222213
2015-01-15,-172,-1220,412420811,5.9545833333333329
2015-01-15,-172,-1222,412420811,2.0254166666666671
2015-01-15,-172,-1221,412420811,5.0088888888888894
2015-01-15,-172,-1224,412420819,0.93722222222222229
2015-01-15,-172,-1225,412420819,0.62374999999999992
2015-01-15,-172,-1226,412420819,5.7747222222222216
2015-01-15,-172,-1246,412420863,4.7394444444444428
2015-01-15,-172,-1248,412420863,3.8433333333333333
2015-01-15,85,-321,432448000,3.6509722222222227
2015-01-15,85,-320,432448000,2.7116666666666669
2015-01-15,85,-324,432448000,1.6
2015-01-15,85,-323,432448000,2.3894444444444445
2015-01-15,85,-326,432448000,0.705
2015-01-15,85,-328,432448000,0.49527777777777776
2015-01-15,85,-325,432448000,0.55694444444444446
2015-01-15,85,-327,432448000,0.69888888888888889
2015-01-15,85,-329,432448000,4.850138888888889
2015-01-15,85,-322,432448000,2.0284722222222222
2015-01-15,85,1744,431070000,0.48986111111111114
2015-01-15,85,1739,431053000,5.5016666666666669
2015-01-15,341,1284,440321550,4.2084722222222215
2015-01-15,341,-425,224135000,6.7944444444444443
2015-01-15,341,-426,224135000,8.5693055555555553
2015-01-15,341,1286,440704910,15.03222222222222
2015-01-15,341,1285,440704910,0.20847222222222223
2015-01-15,341,1286,440143800,5.2347222222222234
2015-01-15,341,1207,413856444,10.348749999999999
2015-01-15,341,1381,440950000,2.1701388888888888
2015-01-15,341,1283,440129790,3.7972222222222221
2015-01-15,597,247,230941710,4.6023611111111107
2015-01-15,597,246,230941710,3.118749999999999
2015-01-15,597,248,230941710,0.95819444444444446
2015-01-15,597,245,230941710,1.2569444444444442
2015-01-15,597,253,276276000,0.81638888888888883
2015-01-15,597,251,276276000,3.2756944444444445
2015-01-15,597,252,276276000,2.5961111111111106
2015-01-15,597,250,276276000,0.42347222222222219
2015-01-15,597,245,230122280,1.49
2015-01-15,597,244,230122280,1.2881944444444444
2015-01-15,597,105,257121840,1.2120833333333332
2015-01-15,597,245,230942260,1.4573611111111111
2015-01-15,597,248,230942260,0.83083333333333331
2015-01-15,597,247,230942260,4.6375
2015-01-15,597,246,230942260,3.0159722222222216
2015-01-15,597,253,276787000,1.9159722222222222
2015-01-15,597,254,276787000,1.7358333333333333
2015-01-15,597,252,276787000,3.2859722222222221
2015-01-15,597,251,276787000,0.76902777777777787
2015-01-15,597,252,276659000,2.1375
2015-01-15,597,251,276659000,3.4434722222222214
2015-01-15,597,250,276659000,1.1922222222222221
2015-01-15,597,253,276690000,0.45430555555555552
2015-01-15,597,252,276690000,3.1763888888888889
2015-01-15,597,251,276690000,1.0329166666666667
2015-01-15,597,249,276690000,0.43
2015-01-15,597,250,276690000,1.13375
2015-01-15,597,251,276167000,1.3855555555555557
2015-01-15,597,252,276167000,1.7720833333333332
2015-01-15,597,250,276167000,0.46902777777777777
2015-01-15,597,253,276167000,4.1762500000000005
2015-01-15,597,250,276103000,0.85569444444444442
2015-01-15,597,251,276103000,0.91805555555555551
2015-01-15,597,1670,273849700,2.3038888888888889
2015-01-15,597,4,219121000,0.40597222222222218
2015-01-15,597,3,219121000,0.40277777777777779
2015-01-15,597,250,276209000,0.65180555555555553
2015-01-15,597,251,276209000,1.2844444444444445
2015-01-15,597,253,276187000,2.2497222222222222
2015-01-15,597,251,276187000,0.8587499999999999
2015-01-15,597,252,276187000,3.0529166666666661
2015-01-15,597,244,230996090,1.0797222222222222
2015-01-15,597,245,230996090,1.5772222222222223
2015-01-15,597,252,276377000,2.8034722222222221
2015-01-15,597,250,276377000,1.2937500000000002
2015-01-15,597,253,276377000,1.1418055555555557
2015-01-15,597,251,276377000,3.0173611111111112
2015-01-15,597,246,276643000,4.0334722222222226
2015-01-15,597,245,276643000,4.204305555555556
2015-01-15,597,253,276182000,1.0568055555555556
2015-01-15,597,251,276182000,2.786111111111111
2015-01-15,597,252,276182000,2.0945833333333335
2015-01-15,-171,-1242,412420865,2.9854166666666666
2015-01-15,-171,-1241,412420865,2.7911111111111104
2015-01-15,-171,-1240,412420865,6.7736111111111112
2015-01-15,-171,-805,412679170,24.505972222222223
2015-01-15,-171,-805,412420646,16.36
2015-01-15,-171,-1257,412420239,5.2966666666666669
2015-01-15,-171,-1254,412420239,0.637361111111111
2015-01-15,-171,-1255,412420239,0.607638888888889
2015-01-15,-171,-1256,412420239,1.0202777777777778
2015-01-15,-171,-1244,412420794,0.3666666666666667
2015-01-15,-171,-1243,412420794,2.0327777777777776
2015-01-15,-171,-1214,412420795,0.78694444444444445
2015-01-15,-171,-1212,412420795,0.38263888888888886
2015-01-15,-171,-1211,412420795,0.40513888888888888
2015-01-15,-171,-1213,412420795,0.6315277777777778
2015-01-15,-171,-1224,412420819,0.69083333333333341
2015-01-15,-171,-1223,412420819,1.3322222222222222
2015-01-15,-171,-1224,412420851,6.5277777777777777
2015-01-15,86,-145,341058000,5.3952777777777783
2015-01-15,342,1287,440128340,5.5379166666666677
2015-01-15,342,-425,224135000,5.2223611111111108
2015-01-15,342,1285,440703580,1.3137499999999998
2015-01-15,342,1284,440703580,0.53083333333333338
2015-01-15,342,1285,440704910,0.41402777777777777
2015-01-15,342,1286,440704910,0.622638888888889
2015-01-15,342,1206,413856444,1.3195833333333333
2015-01-15,342,1285,440143080,9.6577777777777776
2015-01-15,342,1380,440950000,6.2247222222222227
2015-01-15,342,1381,440950000,2.6094444444444442
2015-01-15,342,1382,440950000,1.3366666666666664
2015-01-15,598,254,230993160,0.2125
2015-01-15,598,255,230993160,1.5555555555555554
2015-01-15,598,105,257121840,2.8000000000000003
2015-01-15,598,106,257121840,1.0416666666666665
2015-01-15,598,253,276690000,2.3948611111111111
2015-01-15,598,253,276167000,0.28097222222222223
2015-01-15,598,251,276103000,0.20569444444444446
2015-01-15,598,253,276103000,2.225138888888889
2015-01-15,598,252,276103000,4.6361111111111111
2015-01-15,598,5,219121000,0.20111111111111113
2015-01-15,598,4,219121000,0.42638888888888893
2015-01-15,598,252,276209000,3.0974999999999997
2015-01-15,598,253,276209000,3.1501388888888888
2015-01-15,598,-10,257458800,0.20208333333333334
2015-01-15,598,0,220453000,3.4699999999999998
2015-01-15,598,253,276182000,1.1351388888888889
2015-01-15,598,252,276182000,0.40805555555555556
2015-01-15,598,253,276299000,1.2541666666666667
2015-01-15,598,254,276299000,1.6973611111111111
2015-01-15,598,256,276299000,0.56847222222222227
2015-01-15,598,255,276299000,2.3831944444444448
2015-01-15,598,252,276299000,1.4711111111111113
2015-01-15,-426,-572,440854000,1.8997222222222223
2015-01-15,-170,-1242,412420865,3.6781944444444452
2015-01-15,-170,-1240,412420865,0.72708333333333341
2015-01-15,-170,-1208,412420905,1.1165277777777778
2015-01-15,-170,-1209,412420905,2.9594444444444448
2015-01-15,-170,-1252,412420436,2.9952777777777775
2015-01-15,-170,-1253,412420436,0.56597222222222221
2015-01-15,-170,-1254,412420436,0.995
2015-01-15,-170,-1255,412420436,0.83652777777777776
2015-01-15,-170,-1250,412420237,1.2234722222222223
2015-01-15,-170,1798,452009111,1.2925
2015-01-15,-170,-1216,412420795,0.69486111111111115
2015-01-15,-170,-1217,412420795,5.6131944444444448
2015-01-15,-170,-1211,412420795,0.82
2015-01-15,-170,-1215,412420795,0.62041666666666673
2015-01-15,-170,-1214,412420796,3.2118055555555558
2015-01-15,-170,-1215,412420796,4.9223611111111119
2015-01-15,-170,-1216,412420796,0.6875
2015-01-15,-170,-1218,412420796,0.67555555555555546
2015-01-15,-170,-1217,412420796,0.73708333333333331
2015-01-15,-170,-1245,412420812,0.32930555555555557
2015-01-15,-170,-1249,412420818,2.2877777777777775
2015-01-15,-170,-1224,412420851,5.2118055555555554
2015-01-15,-170,-1246,412420863,1.4615277777777778
2015-01-15,87,-146,341058000,2.1901388888888889
2015-01-15,87,-145,341058000,0.83375
2015-01-15,87,-142,341058000,0.20222222222222225
2015-01-15,343,150,215000330,9.7015277777777786
2015-01-15,343,-239,263271000,2.5898611111111109
2015-01-15,343,-245,263271000,1.5581944444444444
2015-01-15,343,-240,263271000,0.98944444444444446
2015-01-15,343,-241,263271000,0.3552777777777778
2015-01-15,343,-242,263271000,1.2736111111111112
2015-01-15,343,1275,440321160,3.4320833333333329
2015-01-15,343,1275,440330920,13.031805555555556
2015-01-15,343,1338,431003121,3.216388888888889
2015-01-15,599,253,230993160,2.385
2015-01-15,599,255,230993160,3.1673611111111111
2015-01-15,599,256,230993160,0.21430555555555555
2015-01-15,599,251,230993160,1.0627777777777776
2015-01-15,599,252,230993160,1.2788888888888887
2015-01-15,599,254,230993160,2.770694444444445
2015-01-15,599,-1,220453000,2.173888888888889
2015-01-15,599,0,220453000,0.89694444444444432
2015-01-15,599,-61,251022000,4.7466666666666661
2015-01-15,599,-8,235001050,0.20194444444444445
2015-01-15,599,-62,231051000,1.8355555555555556
2015-01-15,599,-64,231051000,0.41208333333333336
2015-01-15,599,-63,231051000,3.4320833333333334
2015-01-15,-425,-572,440854000,3.5594444444444444
2015-01-15,-169,-1208,412420905,0.78305555555555562
2015-01-15,-169,-1256,412420435,3.17625
2015-01-15,-169,-1255,412420436,5.9209722222222227
2015-01-15,-169,806,412217992,9.3324999999999978
2015-01-15,-169,-1250,412420237,0.49569444444444444
2015-01-15,-169,1795,452009111,3.7669444444444449
2015-01-15,-169,1794,452009111,1.92625
2015-01-15,-169,1798,452009111,4.1765277777777774
2015-01-15,-169,-1240,412420794,2.450277777777778
2015-01-15,-169,-1211,412420795,2.2886111111111109
2015-01-15,-169,-1216,412420796,6.3336111111111109
2015-01-15,-169,-1219,412420796,0.32055555555555554
2015-01-15,-169,-1218,412420796,0.725138888888889
2015-01-15,-169,-1217,412420796,5.700972222222223
2015-01-15,-169,-1245,412420812,4.3713888888888883
2015-01-15,-169,-1248,412420818,0.3208333333333333
2015-01-15,-169,-1249,412420818,0.39291666666666675
2015-01-15,-169,-1243,412420863,5.5781944444444447
2015-01-15,-169,-1245,412420863,1.2198611111111113
2015-01-15,-169,-1246,412420863,0.33291666666666669
2015-01-15,88,-356,432991000,4.7513888888888891
2015-01-15,88,-143,341058000,7.99027777777778
2015-01-15,88,-146,341058000,1.0276388888888888
2015-01-15,88,-142,341058000,0.81597222222222221
2015-01-15,344,1368,432586000,9.1981944444444466
2015-01-15,344,1286,440130320,0.41472222222222221
2015-01-15,344,1197,413000001,0.34277777777777779
2015-01-15,344,1198,413000001,0.21305555555555555
2015-01-15,344,-242,263271000,0.94611111111111112
2015-01-15,344,-245,263271000,1.2431944444444443
2015-01-15,344,-244,263271000,0.87208333333333332
2015-01-15,344,-243,263271000,1.0109722222222222
2015-01-15,344,-241,263271000,0.63458333333333328
2015-01-15,344,1342,431004541,2.700277777777778
2015-01-15,344,-140,263418780,2.9023611111111109
2015-01-15,600,-47,228206600,4.574583333333333
2015-01-15,600,-59,273240600,0.56194444444444436
2015-01-15,600,-63,273240600,2.6959722222222222
2015-01-15,600,-61,273240600,1.1102777777777777
2015-01-15,600,-62,273240600,4.1127777777777776
2015-01-15,600,-60,273240600,5.3930555555555548
2015-01-15,600,-64,273240600,4.5780555555555553
2015-01-15,600,-1,219060000,0.45791666666666664
2015-01-15,600,-52,231112000,5.981527777777778
2015-01-15,600,-62,231101000,0.83013888888888887
2015-01-15,600,-57,231101000,0.23333333333333334
2015-01-15,600,-59,231101000,0.74708333333333332
2015-01-15,600,-60,231101000,1.0316666666666667
2015-01-15,600,-61,231101000,0.61402777777777784
2015-01-15,600,-63,231101000,0.61958333333333337
2015-01-15,600,-58,231101000,0.84611111111111115
2015-01-15,600,-62,251180110,7.6416666666666675
2015-01-15,600,-58,251180110,2.9856944444444444
2015-01-15,600,-59,251180110,2.81625
2015-01-15,600,0,219019093,0.40291666666666665
2015-01-15,600,221,230052950,1.1686111111111113
2015-01-15,600,222,230052950,2.2834722222222226
2015-01-15,600,-60,273259100,1.1219444444444444
2015-01-15,600,-64,273259100,2.9106944444444443
2015-01-15,600,-61,273259100,2.0444444444444443
2015-01-15,600,-59,273259100,0.85180555555555548
2015-01-15,600,-68,273259100,2.2622222222222224
2015-01-15,600,-67,273259100,4.8433333333333337
2015-01-15,600,-66,273259100,8.1788888888888884
2015-01-15,600,-61,231132000,3.8691666666666666
2015-01-15,600,-65,231132000,0.8322222222222222
2015-01-15,600,-66,231132000,1.0886111111111112
2015-01-15,600,-63,231132000,5.3305555555555557
2015-01-15,600,-10,257458800,0.61041666666666661
2015-01-15,600,-58,273420660,3.8083333333333336
2015-01-15,600,-60,273420660,0.10819444444444444
2015-01-15,600,-65,273420660,2.0663888888888891
2015-01-15,600,-63,273420660,5.5897222222222229
2015-01-15,600,-62,273420660,1.3066666666666666
2015-01-15,600,-64,273420660,1.3530555555555557
2015-01-15,600,-61,273420660,1.5712499999999998
2015-01-15,600,-64,273258100,8.52111111111111
2015-01-15,600,-61,273258100,0.62194444444444441
2015-01-15,600,-63,273258100,1.8638888888888887
2015-01-15,600,-62,273258100,5.3044444444444441
2015-01-15,600,-57,273258100,2.4263888888888889
2015-01-15,600,-60,273258100,0.62930555555555556
2015-01-15,600,-59,273258100,1.0169444444444444
2015-01-15,600,-60,251131000,4.1931944444444449
2015-01-15,600,-61,251131000,9.274166666666666
2015-01-15,600,-63,251131000,0.45986111111111105
2015-01-15,600,-1,220453000,0.65833333333333333
2015-01-15,600,0,220453000,1.4775
2015-01-15,600,-61,251022000,5.8562499999999993
2015-01-15,600,-64,273435580,0.41111111111111109
2015-01-15,600,-59,273435580,8.255694444444444
2015-01-15,600,-57,273435580,5.5081944444444444
2015-01-15,600,-63,273435580,0.41722222222222222
2015-01-15,600,-8,235002051,0.99458333333333337
2015-01-15,600,-64,273536210,2.2666666666666666
2015-01-15,600,-59,273536210,1.7122222222222221
2015-01-15,600,-60,273536210,10.650555555555556
2015-01-15,600,-63,273536210,1.077638888888889
2015-01-15,600,-58,273536210,0.41694444444444445
2015-01-15,600,-61,273536210,0.83763888888888882
2015-01-15,600,-62,273536210,1.0552777777777778
2015-01-15,600,-8,235001050,1.2290277777777776
2015-01-15,600,-19,232006130,1.0502777777777776
2015-01-15,600,-16,232006130,1.3113888888888889
2015-01-15,600,-18,232006130,0.81847222222222227
2015-01-15,600,-17,232006130,1.2545833333333334
2015-01-15,600,-20,232006130,0.10819444444444444
2015-01-15,600,-63,231051000,1.8373611111111112
2015-01-15,600,-65,231051000,7.4569444444444439
2015-01-15,600,-66,231051000,1.0469444444444442
2015-01-15,600,-64,231051000,0.42291666666666672
2015-01-15,-424,-591,701000577,12.885555555555555
2015-01-15,-424,-590,701000577,9.7427777777777784
2015-01-15,-168,-1213,412420905,4.054444444444445
2015-01-15,-168,-1209,412420905,0.875
2015-01-15,-168,-1208,412420905,0.3375
2015-01-15,-168,-1256,412420435,7.29263888888889
2015-01-15,-168,808,412217992,1.8038888888888889
2015-01-15,-168,-1250,412420237,0.55361111111111116
2015-01-15,-168,-1251,412420237,0.68277777777777782
2015-01-15,-168,-1239,412420794,0.80013888888888884
2015-01-15,-168,-1248,412420818,0.86152777777777789
2015-01-15,-168,-1247,412420818,0.41263888888888889
2015-01-15,89,-351,432991000,0.4540277777777777
2015-01-15,89,-355,432991000,0.772361111111111
2015-01-15,89,-352,432991000,2.1616666666666666
2015-01-15,89,-353,432991000,1.715
2015-01-15,89,-333,431813000,4.7729166666666671
2015-01-15,89,-332,431813000,0.59305555555555556
2015-01-15,89,1541,431801000,4.8108333333333331
2015-01-15,89,1542,431801000,0.72458333333333325
2015-01-15,89,-358,431602890,1.1248611111111111
2015-01-15,89,-359,431602890,7.134722222222222
2015-01-15,345,1286,440130320,0.20555555555555555
2015-01-15,345,1285,440130320,5.0676388888888884
2015-01-15,345,1285,440104210,1.341388888888889
2015-01-15,345,1286,440104210,2.6415277777777777
2015-01-15,345,1285,440403230,0.55138888888888893
2015-01-15,345,-69,242910000,7.1640277777777772
2015-01-15,345,1285,440777777,7.3562499999999993
2015-01-15,345,1286,440777777,8.2600000000000016
2015-01-15,345,1198,413000001,1.8525
2015-01-15,345,-245,263271000,4.1279166666666667
2015-01-15,345,328,210193000,1.682638888888889
2015-01-15,345,1205,905109888,10.640277777777779
2015-01-15,345,1283,440103810,2.2595833333333335
2015-01-15,345,1286,440103810,0.42152777777777778
2015-01-15,345,-141,263418780,6.6931944444444449
2015-01-15,345,-140,263418780,1.0143055555555556
2015-01-15,345,1285,440114850,2.4969444444444444
2015-01-15,345,1287,440114850,0.79791666666666672
2015-01-15,345,1286,440114850,4.4122222222222218
2015-01-15,345,-767,367493810,0.87527777777777771
2015-01-15,345,1285,440116670,6.9081944444444447
2015-01-15,345,1287,440116670,0.70916666666666661
2015-01-15,345,1286,440116670,10.36638888888889
2015-01-15,345,1285,440131520,0.22138888888888891
2015-01-15,345,1282,440333790,0.53930555555555559
2015-01-15,345,132,210380000,1.967222222222222
2015-01-15,601,-46,228206600,7.0638888888888891
2015-01-15,601,-44,228206600,7.0708333333333337
2015-01-15,601,-45,228206600,1.5347222222222223
2015-01-15,601,-58,273240600,1.255972222222222
2015-01-15,601,-59,273240600,0.55166666666666664
2015-01-15,601,-1,219060000,1.5445833333333334
2015-01-15,601,-56,231101000,1.5361111111111112
2015-01-15,601,-57,231101000,1.1733333333333333
2015-01-15,601,-63,251180110,2.5927777777777776
2015-01-15,601,-62,251180110,1.7552777777777777
2015-01-15,601,-61,251180110,1.3183333333333334
2015-01-15,601,-60,251180110,1.7401388888888891
2015-01-15,601,0,219019093,1.2122222222222221
2015-01-15,601,222,230052950,0.68458333333333332
2015-01-15,601,221,230052950,1.11375
2015-01-15,601,-60,273259100,1.0573611111111112
2015-01-15,601,-58,273259100,0.8288888888888889
2015-01-15,601,-59,273259100,1.6622222222222218
2015-01-15,601,-66,231132000,2.0041666666666664
2015-01-15,601,-64,231132000,2.5148611111111112
2015-01-15,601,-65,231132000,1.3058333333333334
2015-01-15,601,-61,231132000,4.2194444444444441
2015-01-15,601,-11,257458800,2.8706944444444442
2015-01-15,601,-10,257458800,1.6433333333333335
2015-01-15,601,-12,257458800,2.0381944444444446
2015-01-15,601,-57,273420660,1.8759722222222224
2015-01-15,601,-55,273420660,3.6584722222222221
2015-01-15,601,6,235107957,8.0663888888888877
2015-01-15,601,5,235107957,0.68597222222222221
2015-01-15,601,-62,251131000,2.5884722222222223
2015-01-15,601,-61,251131000,2.2727777777777778
2015-01-15,601,-63,251131000,1.5866666666666669
2015-01-15,601,-60,251131000,0.8125
2015-01-15,601,0,220453000,2.1083333333333334
2015-01-15,601,1,220453000,0.41736111111111113
2015-01-15,601,-64,251022000,1.2149999999999999
2015-01-15,601,-64,273435580,0.6183333333333334
2015-01-15,601,-67,273435580,1.0768055555555556
2015-01-15,601,-65,273435580,0.852638888888889
2015-01-15,601,-66,273435580,1.0622222222222222
2015-01-15,601,-68,273435580,3.1531944444444444
2015-01-15,601,-8,235002051,0.325
2015-01-15,601,-7,235002051,0.21652777777777776
2015-01-15,601,-472,331277000,13.274722222222222
2015-01-15,601,-473,331277000,5.474444444444444
2015-01-15,601,-60,273536210,2.99125
2015-01-15,601,-11,258358000,1.3394444444444444
2015-01-15,601,-68,231051000,1.2644444444444445
2015-01-15,601,-69,231051000,0.42944444444444441
2015-01-15,601,-67,231051000,0.81291666666666673
2015-01-15,601,-66,231051000,1.5244444444444443
2015-01-15,601,-65,231051000,0.89013888888888881
2015-01-15,-423,-570,440854000,3.6619444444444449
2015-01-15,-167,-1214,412420905,2.1158333333333337
2015-01-15,-167,-1213,412420905,0.59625000000000006
2015-01-15,-167,-1210,412420905,5.7962500000000006
2015-01-15,-167,-1252,412420237,5.7066666666666661
2015-01-15,-167,-1239,412420794,0.71805555555555567
2015-01-15,-167,-1238,412420794,0.67347222222222225
2015-01-15,-167,-1237,412420794,0.61694444444444452
2015-01-15,-167,-1236,412420794,0.36277777777777781
2015-01-15,-167,-1216,412420795,4.262777777777778
2015-01-15,-167,-1215,412420795,1.4905555555555554
2015-01-15,-167,-1214,412420795,1.0366666666666666
2015-01-15,-167,-1212,412420795,1.8233333333333333
2015-01-15,-167,-1213,412420795,2.0665277777777771
2015-01-15,-167,-1247,412420818,0.35
2015-01-15,-167,-1246,412420818,0.86680555555555561
2015-01-15,90,-350,432991000,0.60333333333333328
2015-01-15,90,-348,432991000,0.67402777777777778
2015-01-15,90,-346,432991000,0.44583333333333336
2015-01-15,90,-349,432991000,3.6447222222222226
2015-01-15,90,-347,432991000,0.29430555555555554
2015-01-15,90,-351,432991000,1.4847222222222221
2015-01-15,90,-345,432991000,2.7474999999999996
2015-01-15,90,-331,431813000,0.51916666666666667
2015-01-15,90,-330,431813000,0.50597222222222216
2015-01-15,90,-357,431602890,6.11125
2015-01-15,346,1369,432586000,0.61
2015-01-15,346,1284,440123457,1.2247222222222223
2015-01-15,346,1285,440123457,6.9825
2015-01-15,346,1287,440152650,7.4266666666666659
2015-01-15,346,1286,440152650,11.342638888888887
2015-01-15,346,1286,440153170,7.9454166666666648
2015-01-15,346,1287,440153170,7.928055555555555
2015-01-15,346,326,210193000,3.6954166666666666
2015-01-15,346,325,210193000,2.8936111111111109
2015-01-15,346,328,210193000,1.9870833333333333
2015-01-15,346,327,210193000,5.0352777777777771
2015-01-15,346,1286,440113790,3.1466666666666665
2015-01-15,346,1287,440113790,7.4727777777777771
2015-01-15,346,1287,560400000,0.74875
2015-01-15,346,1286,560400000,1.9552777777777777
2015-01-15,346,326,209232000,5.1420833333333338
2015-01-15,346,325,209232000,5.2408333333333337
2015-01-15,346,1205,905109888,2.6934722222222223
2015-01-15,346,1286,440110490,8.587361111111111
2015-01-15,346,1287,440110490,8.7094444444444434
2015-01-15,346,-139,263418780,3.7365277777777779
2015-01-15,346,-294,224116380,3.7615277777777778
2015-01-15,346,1287,440114850,0.28486111111111112
2015-01-15,346,-767,367493810,1.8159722222222223
2015-01-15,346,1286,440116680,6.2077777777777774
2015-01-15,346,1287,440116680,10.183611111111109
2015-01-15,346,1287,440108270,0.30027777777777775
2015-01-15,346,1286,440108270,1.4249999999999998
2015-01-15,602,12,219765000,12.42125
2015-01-15,602,-56,231101000,4.425416666666667
2015-01-15,602,0,219019093,1.0281944444444444
2015-01-15,602,-11,257458800,4.7295833333333333
2015-01-15,602,-10,257458800,0.83513888888888888
2015-01-15,602,2,220453000,0.20430555555555557
2015-01-15,602,1,220453000,1.88125
2015-01-15,602,1660,273847700,0.58208333333333329
2015-01-15,602,-64,251022000,1.1544444444444444
2015-01-15,602,-63,251022000,6.6294444444444443
2015-01-15,602,217,230025680,0.69930555555555551
2015-01-15,602,-11,258358000,2.6644444444444444
2015-01-15,602,219,230940400,0.4004166666666667
2015-01-15,602,217,230940400,2.9386111111111108
2015-01-15,602,218,230940400,0.78652777777777783
2015-01-15,-422,-569,440854000,0.31083333333333329
2015-01-15,-166,-1215,412420905,4.9790277777777776
2015-01-15,-166,-1235,412420794,1.1372222222222221
2015-01-15,-166,-1236,412420794,0.59583333333333333
2015-01-15,-166,-1234,412420794,5.1258333333333344
2015-01-15,-166,-1246,412420818,0.77486111111111122
2015-01-15,-166,-1234,412420585,5.3169444444444443
2015-01-15,91,-332,431813000,0.54805555555555552
2015-01-15,91,-330,431813000,0.13458333333333333
2015-01-15,91,-331,431813000,0.19902777777777778
2015-01-15,91,-328,431813000,0.45263888888888892
2015-01-15,91,-329,431813000,0.61236111111111113
2015-01-15,91,1539,431801000,3.9709722222222221
2015-01-15,91,1538,431801000,0.46166666666666667
2015-01-15,91,-291,431500470,0.31819444444444445
2015-01-15,91,-356,431602890,4.7081944444444446
2015-01-15,347,1198,999913003,0.10444444444444445
2015-01-15,347,-69,242910000,5.9358333333333331
2015-01-15,347,1285,440123457,0.39805555555555555
2015-01-15,347,1195,900800088,5.5705555555555559
2015-01-15,347,-69,242929000,11.655555555555555
2015-01-15,347,1262,440334460,3.45125
2015-01-15,347,323,209232000,7.6902777777777791
2015-01-15,347,1287,440110490,0.21708333333333335
2015-01-15,347,-295,224116380,1.1884722222222222
2015-01-15,347,-298,224116380,1.671111111111111
2015-01-15,347,-297,224116380,1.09625
2015-01-15,347,-296,224116380,0.8475
2015-01-15,347,1287,440108270,1.591388888888889
2015-01-15,603,213,230346000,0.20527777777777778
2015-01-15,603,0,219019093,4.3311111111111114
2015-01-15,603,10,235107957,10.985416666666666
2015-01-15,603,2,220453000,2.4972222222222218
2015-01-15,603,-36,232006810,7.0895833333333336
2015-01-15,603,-34,232006810,1.8930555555555555
2015-01-15,603,1661,273840800,11.631944444444445
2015-01-15,603,-37,232006820,6.27375
2015-01-15,603,-37,232006830,3.3130555555555556
2015-01-15,603,-36,232006830,6.9666666666666668
2015-01-15,603,218,230025680,1.4775
2015-01-15,603,217,230025680,2.9186111111111108
2015-01-15,603,217,230940400,0.43194444444444446
2015-01-15,-421,-569,440854000,2.8706944444444438
2015-01-15,-165,-1255,412420875,5.3019444444444446
2015-01-15,-165,-1254,412420875,0.51319444444444451
2015-01-15,-165,-1252,412420875,0.56680555555555567
2015-01-15,-165,-1253,412420875,0.49569444444444444
2015-01-15,-165,-1252,412420877,7.2431944444444447
2015-01-15,-165,-1250,412420877,0.60500000000000009
2015-01-15,-165,-1248,412420877,9.1631944444444446
2015-01-15,-165,-1249,412420877,0.94624999999999992
2015-01-15,-165,-1251,412420877,0.42472222222222222
2015-01-15,-165,-1245,412420812,3.5302777777777776
2015-01-15,-165,-1246,412420818,5.3465277777777782
2015-01-15,-165,-1234,412420585,0.50805555555555559
2015-01-15,-165,-1233,412420585,0.550138888888889
2015-01-15,92,-331,431813000,1.9177777777777776
2015-01-15,92,-328,431813000,0.18625
2015-01-15,92,-326,431813000,0.4301388888888889
2015-01-15,92,-327,431813000,0.5098611111111111
2015-01-15,92,-332,431701650,1.2708333333333333
2015-01-15,92,-289,431500470,0.72361111111111109
2015-01-15,92,-290,431500470,0.39541666666666664
2015-01-15,348,-69,242910000,0.74583333333333335
2015-01-15,348,1430,431600220,5.9344444444444449
2015-01-15,348,1284,440123490,8.13111111111111
2015-01-15,348,323,209232000,1.2401388888888887
2015-01-15,348,-67,242132100,5.1293055555555558
2015-01-15,348,1194,320703883,2.6090277777777766
2015-01-15,348,-129,273250200,3.2791666666666663
2015-01-15,348,-137,263418780,5.3415277777777783
2015-01-15,348,-70,242131100,5.1845833333333333
2015-01-15,348,-288,224116380,4.5851388888888884
2015-01-15,604,211,230117380,2.1765277777777778
2015-01-15,604,212,230117380,5.777222222222222
2015-01-15,604,212,230346000,2.2647222222222223
2015-01-15,604,213,230346000,4.878055555555556
2015-01-15,604,0,219019093,1.0623611111111111
2015-01-15,604,211,230984790,1.7529166666666667
2015-01-15,604,212,230984790,5.7997222222222229
2015-01-15,604,213,230996080,5.2031944444444438
2015-01-15,604,212,230996080,2.3479166666666669
2015-01-15,604,2,220453000,1.6665277777777776
2015-01-15,604,-35,232006810,8.17625
2015-01-15,604,-34,232006830,2.9130555555555557
2015-01-15,604,-35,232006830,7.149861111111111
2015-01-15,-420,-609,701000791,1.7802777777777778
2015-01-15,-420,-610,701000791,2.0026388888888889
2015-01-15,-420,-607,701000791,2.1984722222222222
2015-01-15,-420,-611,701000791,1.4168055555555554
2015-01-15,-420,-608,701000791,2.205972222222222
2015-01-15,-420,-612,701000791,1.7091666666666669
2015-01-15,-420,-605,701000791,3.5458333333333329
2015-01-15,-420,-606,701000791,1.7238888888888888
2015-01-15,-420,-619,701030000,2.1281944444444445
2015-01-15,-420,-614,701030000,6.7662499999999994
2015-01-15,-420,-617,701030000,2.8894444444444445
2015-01-15,-420,-618,701030000,1.1099999999999999
2015-01-15,-420,-615,701030000,1.7729166666666667
2015-01-15,-420,-616,701030000,1.4316666666666666
2015-01-15,-420,-610,701007040,3.2416666666666667
2015-01-15,-420,-604,701007040,1.2720833333333332
2015-01-15,-420,-609,701007040,1.4040277777777779
2015-01-15,-420,-607,701007040,2.2090277777777776
2015-01-15,-420,-605,701007040,1.5359722222222221
2015-01-15,-420,-608,701007040,1.7680555555555557
2015-01-15,-420,-606,701007040,1.6069444444444443
2015-01-15,-420,-612,701007040,2.1081944444444445
2015-01-15,-164,-1197,431701040,4.8465277777777782
2015-01-15,-164,-1797,520187000,3.2433333333333332
2015-01-15,-164,-1796,520187000,3.1141666666666667
2015-01-15,-164,-1245,412420812,0.72791666666666677
2015-01-15,-164,-1232,412420585,0.49555555555555558
2015-01-15,-164,-1233,412420585,0.32097222222222221
2015-01-15,93,-330,431813000,1.3652777777777776
2015-01-15,93,-326,431813000,0.64194444444444443
2015-01-15,93,-231,432367000,1.3155555555555556
2015-01-15,93,-287,431500470,0.3831944444444445
2015-01-15,93,-288,431500470,0.64458333333333329
2015-01-15,349,1293,440150020,2.1187500000000004
2015-01-15,349,1195,812000013,17.715138888888884
2015-01-15,349,1194,412333083,2.401388888888889
2015-01-15,349,1293,440132380,1.349861111111111
2015-01-15,349,1196,412332833,8.5481944444444444
2015-01-15,349,129,247070810,11.639166666666668
2015-01-15,349,1425,431600220,5.9344444444444449
2015-01-15,349,1293,440267101,5.4233333333333338
2015-01-15,349,1195,412333155,0.31791666666666668
2015-01-15,349,1194,412333167,7.8448611111111113
2015-01-15,349,1292,440148090,1.2216666666666667
2015-01-15,349,1294,440148090,0.35013888888888889
2015-01-15,349,1293,440148090,3.4669444444444446
2015-01-15,349,1195,412333184,0.37986111111111109
2015-01-15,349,-66,242132100,6.8456944444444447
2015-01-15,349,1193,412332426,6.5563888888888906
2015-01-15,349,1198,926202003,2.8327777777777778
2015-01-15,349,-288,224116380,2.0934722222222222
2015-01-15,349,1260,440205730,0.11083333333333334
2015-01-15,349,1293,440004779,0.97222222222222232
2015-01-15,349,1193,412330426,21.35361111111111
2015-01-15,349,1192,412365003,1.2244444444444444
2015-01-15,349,1293,440133090,1.3927777777777779
2015-01-15,349,1287,440152310,1.7456944444444447
2015-01-15,349,1195,412323063,6.7034722222222225
2015-01-15,349,1292,440100090,2.9991666666666665
2015-01-15,605,53,257609500,0.2252777777777778
2015-01-15,605,51,257609500,3.405416666666667
2015-01-15,605,0,219019093,0.85152777777777777
2015-01-15,605,2,220453000,1.6388888888888886
2015-01-15,605,-47,231116000,7.8625
2015-01-15,605,-46,231116000,7.8334722222222215
2015-01-15,-163,-1196,431701040,1.1330555555555555
2015-01-15,-163,-1201,432990000,2.6002777777777779
2015-01-15,-163,-1797,520187000,3.3130555555555552
2015-01-15,-163,-1796,520187000,5.9930555555555562
2015-01-15,-163,-1795,520187000,1.9429166666666666
2015-01-15,-163,-1245,412420812,0.84638888888888875
2015-01-15,-163,-1195,431682000,3.859861111111111
2015-01-15,94,762,419800320,10.650555555555556
2015-01-15,94,761,419800320,4.7816666666666663
2015-01-15,94,1738,431700030,2.2888888888888888
2015-01-15,94,1740,431700030,2.0779166666666673
2015-01-15,94,1741,431700030,6.2415277777777778
2015-01-15,94,1737,431700030,3.7190277777777778
2015-01-15,94,1734,431700030,4.3741666666666665
2015-01-15,94,-326,431813000,3.1613888888888884
2015-01-15,94,-329,431813000,3.2159722222222218
2015-01-15,94,1541,431200910,8.27125
2015-01-15,94,1540,431200910,10.662222222222221
2015-01-15,94,-230,432367000,3.9565277777777776
2015-01-15,94,-287,431500470,0.30277777777777781
2015-01-15,94,-285,431500470,0.19305555555555554
2015-01-15,94,-286,431500470,0.5625
2015-01-15,350,1293,440150020,2.8404166666666666
2015-01-15,350,1294,440150020,7.2423611111111112
2015-01-15,350,1193,412333072,9.0783333333333331
2015-01-15,350,1293,440132380,13.747638888888888
2015-01-15,350,1293,440110880,2.8465277777777778
2015-01-15,350,1194,412333139,4.5231944444444441
2015-01-15,350,1195,412333139,13.270416666666668
2015-01-15,350,128,247070810,0.90736111111111106
2015-01-15,350,132,247070810,11.640277777777778
2015-01-15,350,1195,412333149,13.258333333333331
2015-01-15,350,1294,440148090,7.2937499999999993
2015-01-15,350,1194,412333182,3.9745833333333334
2015-01-15,350,1196,412333184,0.902638888888889
2015-01-15,350,1195,412333184,3.8266666666666671
2015-01-15,350,1194,412333184,4.0631944444444441
2015-01-15,350,1294,440132480,8.5093055555555548
2015-01-15,350,1293,440132480,3.4511111111111115
2015-01-15,350,1293,440155020,2.8661111111111111
2015-01-15,350,1292,440155020,0.20305555555555554
2015-01-15,350,-129,273250200,2.95125
2015-01-15,350,-130,273250200,5.9209722222222219
2015-01-15,350,1293,440004779,3.2938888888888886
2015-01-15,350,1195,412322995,2.8098611111111111
2015-01-15,350,1196,412322995,1.4845833333333334
2015-01-15,350,1295,440103620,2.9456944444444444
2015-01-15,350,1293,440133090,5.0159722222222216
2015-01-15,350,1294,440133090,4.577638888888889
2015-01-15,350,1195,412323046,3.5759722222222221
2015-01-15,350,1194,412323046,3.1862500000000002
2015-01-15,350,1196,412323063,2.2656944444444447
2015-01-15,350,1195,412323063,2.8247222222222224
2015-01-15,350,1194,412323063,2.225138888888889
2015-01-15,606,-12,233397000,0.838611111111111
2015-01-15,606,-13,234122000,5.4083333333333332
2015-01-15,606,-45,231091000,8.600833333333334
2015-01-15,606,-46,231101000,3.7295833333333333
2015-01-15,606,-45,231101000,5.3083333333333336
2015-01-15,606,0,219019093,0.75680555555555551
2015-01-15,606,3,220453000,0.77916666666666667
2015-01-15,606,2,220453000,0.41
2015-01-15,606,-45,231116000,4.5543055555555556
2015-01-15,-162,-1196,431701040,1.6374999999999997
2015-01-15,-162,-1795,520187000,3.6001388888888886
2015-01-15,-162,-1245,412420812,0.74583333333333335
2015-01-15,-162,-1246,412420812,0.14180555555555555
2015-01-15,-162,-1195,431682000,1.3643055555555557
2015-01-15,95,761,419800320,2.1054166666666667
2015-01-15,95,762,419800320,11.650972222222222
2015-01-15,95,-285,431500470,5.1365277777777774
2015-01-15,351,1196,412327275,3.978472222222222
2015-01-15,351,128,247070830,2.9680555555555554
2015-01-15,351,1196,412330385,8.4663888888888863
2015-01-15,351,1196,412330391,3.8829166666666675
2015-01-15,351,-129,273250200,0.59291666666666676
2015-01-15,351,-130,273250200,2.0211111111111113
2015-01-15,351,-68,242130100,6.5190277777777785
2015-01-15,351,1196,412328139,5.0945833333333335
2015-01-15,351,1196,412331754,5.3855555555555554
2015-01-15,607,-13,233397000,1.9137499999999998
2015-01-15,607,-12,233397000,4.7575000000000012
2015-01-15,607,-11,233397000,2.2100000000000004
2015-01-15,607,-8,234122000,0.42777777777777781
2015-01-15,607,-7,234122000,0.45166666666666666
2015-01-15,607,-44,231091000,7.8509722222222225
2015-01-15,607,0,219019093,1.4031944444444444
2015-01-15,607,-63,231164000,4.2248611111111112
2015-01-15,607,-63,231163000,4.7198611111111113
2015-01-15,607,3,220453000,0.95291666666666663
2015-01-15,607,-45,231307000,19.502638888888889
2015-01-15,-417,-607,701000511,3.5045833333333332
2015-01-15,-417,-613,701030000,5.6644444444444453
2015-01-15,-161,1798,520085000,3.3433333333333333
2015-01-15,-161,-1800,520085000,6.5930555555555541
2015-01-15,-161,1799,520085000,1.8109722222222222
2015-01-15,-161,-1799,520085000,4.0390277777777781
2015-01-15,-161,1795,520085000,1.877361111111111
2015-01-15,-161,-1196,431701040,1.2499999999999996
2015-01-15,-161,-1197,431701040,0.34597222222222229
2015-01-15,-161,-1201,432990000,2.9984722222222229
2015-01-15,-161,-1246,412420812,1.0455555555555553
2015-01-15,-161,-1195,431682000,1.4311111111111112
2015-01-15,96,1738,431206000,0.70847222222222217
2015-01-15,96,1734,431206000,0.87347222222222232
2015-01-15,96,1735,431206000,1.0319444444444443
2015-01-15,96,1730,431206000,3.7140277777777779
2015-01-15,96,1737,431206000,0.9875
2015-01-15,96,1739,431206000,6.576944444444444
2015-01-15,96,1736,431206000,0.91430555555555559
2015-01-15,96,1733,431206000,3.2756944444444449
2015-01-15,96,-227,432367000,0.175
2015-01-15,96,-228,432367000,0.51055555555555543
2015-01-15,96,-229,432367000,0.71597222222222223
2015-01-15,96,-284,431500470,4.9343055555555555
2015-01-15,352,1292,440132650,3.2477777777777779
2015-01-15,352,1195,413000001,3.3625000000000003
2015-01-15,352,1292,440267104,20.773333333333333
2015-01-15,352,-68,242165100,12.504305555555554
2015-01-15,352,128,247070830,1.4587499999999998
2015-01-15,352,127,247300480,0.24305555555555555
2015-01-15,352,1196,412330391,0.26097222222222222
2015-01-15,352,1195,412330391,0.23958333333333334
2015-01-15,352,-69,242130100,1.6794444444444443
2015-01-15,352,1195,412328139,1.7606944444444443
2015-01-15,352,1196,412328149,2.8951388888888885
2015-01-15,352,1195,412328164,1.3448611111111113
2015-01-15,352,1293,440112120,2.8562499999999997
2015-01-15,608,-6,232006940,2.6015277777777777
2015-01-15,608,0,219019093,1.78
2015-01-15,608,187,230627000,1.3318055555555555
2015-01-15,608,48,257174220,0.41625
2015-01-15,608,-44,231307000,4.5736111111111111
2015-01-15,-416,-605,701000511,1.5290277777777779
2015-01-15,-416,-604,701000511,9.7726388888888884
2015-01-15,-416,-606,701000511,5.271805555555555
2015-01-15,-416,-607,701019000,1.6747222222222222
2015-01-15,-416,-606,701019000,3.5751388888888886
2015-01-15,-416,-604,701019000,15.300416666666667
2015-01-15,-416,-605,701019000,3.3247222222222224
2015-01-15,-416,-605,701000591,6.03375
2015-01-15,-416,-604,701000591,5.3086111111111114
2015-01-15,-416,-602,701000850,6.4009722222222223
2015-01-15,-416,-605,701006040,17.282916666666669
2015-01-15,-416,-604,701006040,6.0223611111111115
2015-01-15,-160,-1800,520085000,0.22236111111111112
2015-01-15,-160,1795,520085000,3.609861111111111
2015-01-15,-160,1799,520085000,0.28569444444444442
2015-01-15,-160,-1197,431701040,2.020833333333333
2015-01-15,-160,-1201,432990000,2.1623611111111112
2015-01-15,-160,-1209,440934000,2.5259722222222227
2015-01-15,-160,-1215,440731000,5.1165277777777778
2015-01-15,-160,-1209,440731000,0.31805555555555554
2015-01-15,-160,-1210,440731000,1.581666666666667
2015-01-15,-160,-1208,440986000,3.1405555555555558
2015-01-15,-160,-1247,412420812,5.1172222222222219
2015-01-15,-160,-1195,431682000,3.4149999999999996
2015-01-15,97,-171,224032270,3.6877777777777778
2015-01-15,97,1730,431206000,0.63472222222222219
2015-01-15,97,-223,432367000,0.55305555555555552
2015-01-15,97,-227,432367000,3.5529166666666665
2015-01-15,97,-226,432367000,0.50722222222222224
2015-01-15,97,-225,432367000,2.0052777777777777
2015-01-15,97,-224,432367000,0.96069444444444452
2015-01-15,97,-231,432367000,5.1300000000000008
2015-01-15,353,244,240137000,0.3248611111111111
2015-01-15,353,127,247145790,4.6919444444444443
2015-01-15,353,129,247145790,11.340277777777779
2015-01-15,353,128,247070830,3.0386111111111109
2015-01-15,353,127,247300480,4.7583333333333329
2015-01-15,353,127,247145860,0.13194444444444445
2015-01-15,353,1197,412330384,4.8547222222222226
2015-01-15,353,1194,412330384,0.32291666666666669
2015-01-15,353,-69,242130100,5.9486111111111111
2015-01-15,353,126,247302380,1.0070833333333333
2015-01-15,353,1196,412331767,0.2109722222222222
2015-01-15,353,1293,440112120,5.116944444444445
2015-01-15,609,0,219019093,0.26819444444444446
2015-01-15,609,1,219019093,2.922361111111111
2015-01-15,609,203,230002550,8.093055555555555
2015-01-15,609,204,230002550,10.216249999999999
2015-01-15,609,205,230002550,1.5179166666666666
2015-01-15,609,191,266352000,4.3069444444444445
2015-01-15,609,48,257174220,1.6366666666666663
2015-01-15,609,-71,231031000,2.8208333333333333
2015-01-15,-415,-606,701006341,3.005
2015-01-15,-415,-605,701006341,3.778888888888889
2015-01-15,-415,-604,701006341,3.0429166666666672
2015-01-15,-415,-607,701006341,3.2168055555555557
2015-01-15,-415,-604,701000511,1.7974999999999999
2015-01-15,-415,-604,701000583,0.6791666666666667
2015-01-15,-415,-603,701000583,1.3609722222222222
2015-01-15,-415,-602,701000583,4.3931944444444442
2015-01-15,-415,-605,701000583,0.7375
2015-01-15,-415,-605,701000591,6.025
2015-01-15,-415,-604,701000850,11.651111111111112
2015-01-15,-159,-1201,432990000,2.0252777777777777
2015-01-15,-159,-1209,440934000,2.7286111111111109
2015-01-15,-159,-1214,440731000,0.71805555555555545
2015-01-15,-159,-1212,440731000,0.59652777777777777
2015-01-15,-159,-1211,440731000,0.35138888888888886
2015-01-15,-159,-1210,440731000,1.7694444444444444
2015-01-15,-159,-1213,440731000,0.663888888888889
2015-01-15,-159,-1215,440731000,0.14861111111111111
2015-01-15,-159,-1208,440986000,0.60888888888888892
2015-01-15,-159,-1215,440920000,0.83486111111111094
2015-01-15,-159,-1216,440920000,5.31125
2015-01-15,-159,-1214,440920000,0.19555555555555557
2015-01-15,98,-172,224032270,2.0516666666666663
2015-01-15,98,-171,224032270,0.75444444444444447
2015-01-15,98,-172,224009000,10.826944444444445
2015-01-15,98,-172,224026860,7.735
2015-01-15,354,123,247146240,6.9354166666666668
2015-01-15,354,122,247146240,3.2663888888888888
2015-01-15,354,1293,440102400,21.243611111111107
2015-01-15,354,245,240137000,7.1127777777777776
2015-01-15,354,242,240137000,5.4422222222222221
2015-01-15,354,244,240137000,0.58208333333333329
2015-01-15,354,1397,431431000,0.21250000000000002
2015-01-15,354,127,247145570,2.9391666666666669
2015-01-15,354,127,247070830,2.7666666666666666
2015-01-15,354,127,247145860,0.635
2015-01-15,354,126,247145860,0.68763888888888891
2015-01-15,354,151,256000655,2.5208333333333335
2015-01-15,354,127,247146410,1.06375
2015-01-15,354,128,247308470,4.2152777777777777
2015-01-15,354,127,247308470,2.8336111111111109
2015-01-15,610,-79,231199000,7.04111111111111
2015-01-15,610,-78,231199000,7.0972222222222223
2015-01-15,610,180,266011000,1.255138888888889
2015-01-15,610,179,266011000,1.5044444444444445
2015-01-15,610,178,266011000,3.5375
2015-01-15,610,178,266180000,0.21930555555555553
2015-01-15,610,179,266180000,0.64208333333333334
2015-01-15,610,-77,231191000,7.0918055555555553
2015-01-15,610,-79,231191000,7.0291666666666668
2015-01-15,-414,-604,701006341,0.70986111111111116
2015-01-15,-414,-603,701006341,5.4095833333333339
2015-01-15,-414,-604,701000583,6.4152777777777779
2015-01-15,-414,-605,701000583,0.69055555555555559
2015-01-15,-414,-602,701000583,5.6358333333333333
2015-01-15,-414,-603,701000591,6.3801388888888892
2015-01-15,-414,-603,701000850,1.808472222222222
2015-01-15,-158,-1201,432990000,3.0890277777777775
2015-01-15,-158,-1209,440934000,0.51916666666666667
2015-01-15,-158,-1210,440731000,2.0334722222222217
2015-01-15,-158,-1208,440986000,3.1568055555555556
2015-01-15,-158,-1214,440920000,0.5181944444444444
2015-01-15,-158,-1213,440920000,0.68236111111111108
2015-01-15,-158,1213,503177200,2.9723611111111117
2015-01-15,99,-172,224032270,8.2322222222222212
2015-01-15,99,-173,224032270,4.11
2015-01-15,99,-173,224068180,16.206944444444446
2015-01-15,99,-168,224282000,14.095833333333331
2015-01-15,99,-173,224026860,5.2040277777777781
2015-01-15,99,-172,224026860,5.8788888888888895
2015-01-15,355,121,247146240,1.4026388888888888
2015-01-15,355,122,247146240,5.3426388888888887
2015-01-15,355,126,247092740,4.1436111111111105
2015-01-15,355,125,247145270,1.0541666666666667
2015-01-15,355,126,247145270,2.0486111111111112
2015-01-15,355,1398,431431000,1.4045833333333333
2015-01-15,355,122,247145820,8.8325
2015-01-15,355,126,247149660,8.1138888888888889
2015-01-15,355,125,247145570,0.59027777777777779
2015-01-15,355,122,247302520,0.58694444444444449
2015-01-15,355,126,247302520,10.372361111111111
2015-01-15,355,123,247302520,4.0068055555555553
2015-01-15,355,126,247300220,8.0597222222222218
2015-01-15,355,127,247300220,0.80541666666666667
2015-01-15,355,152,256000655,5.005
2015-01-15,355,153,256000655,0.22513888888888889
2015-01-15,355,126,247308470,10.898194444444446
2015-01-15,355,242,239233000,10.304166666666667
2015-01-15,355,243,239233000,1.7165277777777779
2015-01-15,355,1398,431254000,15.332222222222224
2015-01-15,611,-68,231167000,1.528888888888889
2015-01-15,611,-77,231199000,2.3329166666666667
2015-01-15,611,178,266011000,2.4894444444444446
2015-01-15,611,183,230941050,5.2694444444444439
2015-01-15,611,182,230941050,4.564861111111111
2015-01-15,611,181,230941050,0.62333333333333329
2015-01-15,611,-416,331480000,0.49722222222222223
2015-01-15,611,-415,331480000,15.984027777777778
2015-01-15,611,-72,231031000,3.1291666666666669
2015-01-15,611,-77,231191000,2.3325
2015-01-15,611,-72,231030000,4.1863888888888887
2015-01-15,-413,-602,701000583,5.1625
2015-01-15,-157,-1191,431701040,0.32930555555555557
2015-01-15,-157,-1190,431701040,0.93305555555555575
2015-01-15,-157,-1193,431701040,0.45458333333333334
2015-01-15,-157,-1194,431701040,0.674861111111111
2015-01-15,-157,-1196,431701040,0.55527777777777787
2015-01-15,-157,-1195,431701040,0.35305555555555562
2015-01-15,-157,-1197,431701040,3.4248611111111105
2015-01-15,-157,-1192,431701040,0.60388888888888892
2015-01-15,-157,-1188,431701040,5.237222222222222
2015-01-15,-157,-1201,432990000,0.39694444444444443
2015-01-15,-157,-1208,440807000,0.87625
2015-01-15,-157,-1207,440807000,5.075
2015-01-15,-157,-1209,440934000,3.6584722222222226
2015-01-15,-157,-1210,440731000,2.2229166666666664
2015-01-15,-157,-1208,440986000,2.2877777777777775
2015-01-15,-157,-1199,441038000,4.1748611111111114
2015-01-15,-157,-1198,441038000,3.9943055555555556
2015-01-15,-157,-1197,441038000,5.1263888888888891
2015-01-15,-157,-1213,440920000,0.70097222222222222
2015-01-15,-157,-1214,440920000,0.33777777777777773
2015-01-15,-157,-1261,432461000,0.51986111111111111
2015-01-15,-157,-1195,431682000,0.83319444444444446
2015-01-15,-157,-1196,431682000,2.4491666666666663
2015-01-15,100,-169,224009000,12.441944444444445
2015-01-15,356,126,247092740,1.714722222222222
2015-01-15,356,125,247092740,0.54986111111111113
2015-01-15,356,126,247150160,1.0969444444444445
2015-01-15,356,127,247150160,0.98319444444444448
2015-01-15,356,122,247145820,0.8273611111111111
2015-01-15,356,121,247145820,2.1427777777777774
2015-01-15,356,126,247149660,2.1425
2015-01-15,356,127,247149660,3.4541666666666666
2015-01-15,356,127,247145570,3.9908333333333337
2015-01-15,356,126,247145570,0.42777777777777781
2015-01-15,356,128,247145570,1.0430555555555556
2015-01-15,356,123,247302520,3.4170833333333333
2015-01-15,356,122,247302520,1.5779166666666666
2015-01-15,356,127,247300220,5.4280555555555541
2015-01-15,356,126,247300220,3.1898611111111115
2015-01-15,356,153,256000655,9.6390277777777786
2015-01-15,612,-70,231167000,3.8983333333333334
2015-01-15,612,-77,231199000,5.6368055555555552
2015-01-15,612,-55,259474000,5.4659722222222227
2015-01-15,612,179,230941050,3.6480555555555552
2015-01-15,612,181,230941050,0.21638888888888891
2015-01-15,612,180,230941050,6.3093055555555555
2015-01-15,612,-416,331480000,2.8251388888888891
2015-01-15,612,-415,331480000,2.7127777777777777
2015-01-15,612,-73,231031000,1.8822222222222222
2015-01-15,612,-72,231031000,0.29166666666666669
2015-01-15,612,-77,231191000,5.4458333333333337
2015-01-15,612,-73,231030000,1.6777777777777776
2015-01-15,612,-74,231030000,0.23583333333333334
2015-01-15,612,-72,231030000,0.31597222222222221
2015-01-15,-156,-1201,432990000,5.2295833333333333
2015-01-15,-156,-1208,440807000,5.6590277777777782
2015-01-15,-156,-1209,440934000,2.6373611111111108
2015-01-15,-156,-1210,440731000,1.5918055555555553
2015-01-15,-156,-1208,440986000,2.4819444444444447
2015-01-15,-156,-1198,441038000,5.0488888888888894
2015-01-15,-156,-1197,441038000,0.51930555555555558
2015-01-15,-156,-1214,440920000,0.21819444444444444
2015-01-15,-156,-1215,440920000,0.5245833333333334
2015-01-15,-156,-1216,440920000,0.33472222222222225
2015-01-15,-156,-1261,432461000,1.265
2015-01-15,-156,-1196,431682000,0.90861111111111115
2015-01-15,-156,-1195,431682000,1.0738888888888889
2015-01-15,101,-170,224068180,4.5538888888888893
2015-01-15,101,-1237,412440236,1.0163888888888888
2015-01-15,357,126,247092740,2.7405555555555554
2015-01-15,357,127,247092740,1.6486111111111108
2015-01-15,357,128,247092740,1.9163888888888887
2015-01-15,357,122,247100440,8.1249999999999982
2015-01-15,357,121,247100440,2.2365277777777779
2015-01-15,357,123,247100440,3.1048611111111111
2015-01-15,357,125,247150160,1.4752777777777779
2015-01-15,357,126,247150160,1.2279166666666668
2015-01-15,357,127,247122520,3.6050000000000004
2015-01-15,357,128,247122520,3.2845833333333334
2015-01-15,357,126,247149660,3.6444444444444444
2015-01-15,357,125,247149660,2.524861111111111
2015-01-15,357,126,247145570,1.2986111111111109
2015-01-15,357,125,247145570,4.0790277777777781
2015-01-15,357,128,247305830,0.20805555555555555
2015-01-15,357,124,247300220,1.3416666666666668
2015-01-15,357,125,247300220,3.35125
2015-01-15,357,126,247300220,1.5643055555555556
2015-01-15,357,1204,412284314,0.45944444444444443
2015-01-15,613,-71,231167000,10.845416666666665
2015-01-15,613,-70,231167000,0.71138888888888885
2015-01-15,613,-13,232008020,7.827638888888889
2015-01-15,613,180,230941050,0.6425
2015-01-15,613,-74,231031000,2.141111111111111
2015-01-15,613,-73,231031000,0.64625
2015-01-15,613,-73,231030000,0.48194444444444445
2015-01-15,613,-74,231030000,2.2963888888888886
2015-01-15,-155,-1204,440787000,2.4680555555555554
2015-01-15,-155,-1209,440934000,6.6529166666666679
2015-01-15,-155,-1210,440731000,4.408611111111111
2015-01-15,-155,-1209,440986000,3.4308333333333332
2015-01-15,-155,-1208,440986000,0.80263888888888879
2015-01-15,-155,-1197,441038000,0.69402777777777769
2015-01-15,-155,-1198,441038000,0.55138888888888893
2015-01-15,-155,-1216,440920000,0.33208333333333334
2015-01-15,-155,-1262,432461000,0.52486111111111111
2015-01-15,-155,-1261,432461000,1.0247222222222223
2015-01-15,-155,-1195,431682000,0.57458333333333333
2015-01-15,102,-1237,412440236,5.7006944444444443
2015-01-15,358,1205,412880661,1.0854166666666667
2015-01-15,358,1206,412880661,2.0680555555555555
2015-01-15,358,121,247100440,3.283611111111111
2015-01-15,358,1205,412698185,3.2027777777777775
2015-01-15,358,121,247141200,11.298472222222223
2015-01-15,358,1205,412990808,0.82444444444444442
2015-01-15,358,1206,412990808,2.23375
2015-01-15,358,126,247122520,12.657777777777776
2015-01-15,358,1263,440500320,4.8741666666666665
2015-01-15,358,1263,440500330,3.03125
2015-01-15,358,147,249000853,1.874583333333333
2015-01-15,358,1207,412348825,8.9422222222222221
2015-01-15,358,1206,412284314,1.5531944444444443
2015-01-15,358,1205,412284314,5.0720833333333335
2015-01-15,358,1204,412284314,1.6597222222222223
2015-01-15,358,1263,440501160,5.38
2015-01-15,358,1206,412888005,4.3809722222222227
2015-01-15,358,1205,412888005,1.5193055555555555
2015-01-15,358,1263,440503750,2.421388888888889
2015-01-15,358,1205,412284367,2.2177777777777781
2015-01-15,358,1263,440505080,3.1056944444444445
2015-01-15,614,-94,231029000,8.6251388888888876
2015-01-15,614,-72,231031000,0.57708333333333339
2015-01-15,614,-73,231031000,0.21125
2015-01-15,614,-73,231030000,0.61888888888888893
2015-01-15,614,-72,231030000,0.4309722222222222
2015-01-15,-154,415,432298000,3.7634722222222217
2015-01-15,-154,416,432298000,0.41319444444444442
2015-01-15,-154,-1203,440787000,0.76652777777777781
2015-01-15,-154,-1209,440934000,3.7445833333333334
2015-01-15,-154,-1208,440986000,0.68666666666666665
2015-01-15,-154,-1197,441038000,0.73930555555555566
2015-01-15,-154,-1198,441038000,0.73625
2015-01-15,-154,-1171,431853000,0.36652777777777779
2015-01-15,-154,-1262,432461000,0.72902777777777783
2015-01-15,-154,-1261,432461000,2.4600000000000004
2015-01-15,-154,-1185,431490000,1.9720833333333334
2015-01-15,-154,-1195,431682000,0.45291666666666658
2015-01-15,359,1263,440209160,1.5527777777777778
2015-01-15,359,1203,412065291,3.0320833333333335
2015-01-15,359,1205,412880661,2.4995833333333333
2015-01-15,359,1206,412880661,2.1563888888888885
2015-01-15,359,1264,440506410,1.737638888888889
2015-01-15,359,1203,412456238,0.73263888888888884
2015-01-15,359,1206,412698185,3.565555555555556
2015-01-15,359,1205,412698185,1.3456944444444443
2015-01-15,359,1206,412990808,4.7023611111111112
2015-01-15,359,1265,440503130,0.26222222222222225
2015-01-15,359,132,247146590,3.1955555555555555
2015-01-15,359,1265,440500330,0.74555555555555553
2015-01-15,359,1265,440504170,15.808194444444442
2015-01-15,359,1264,440505720,1.4154166666666665
2015-01-15,359,1264,440500350,2.8718055555555555
2015-01-15,359,1298,440408960,2.7087499999999998
2015-01-15,359,1297,440408960,1.2141666666666666
2015-01-15,359,1263,440209290,5.209027777777778
2015-01-15,359,1265,440503690,16.716944444444444
2015-01-15,359,1263,440501160,3.0855555555555556
2015-01-15,359,1206,412888005,1.6979166666666667
2015-01-15,359,1262,440503750,0.5725
2015-01-15,359,1265,440503750,0.51583333333333337
2015-01-15,359,1263,440503750,5.3669444444444441
2015-01-15,359,1206,412284367,1.9433333333333334
2015-01-15,359,1205,412284387,4.0165277777777781
2015-01-15,359,1203,200009445,10.247916666666665
2015-01-15,359,1264,440503280,0.39152777777777781
2015-01-15,359,1263,440503280,4.0112499999999995
2015-01-15,359,1262,440503280,2.2373611111111114
2015-01-15,359,1264,440505080,1.3731944444444446
2015-01-15,615,-89,231029000,7.8316666666666661
2015-01-15,615,-75,231004000,4.3798611111111105
2015-01-15,-153,416,432298000,0.43958333333333338
2015-01-15,-153,413,432298000,4.5219444444444434
2015-01-15,-153,415,432298000,0.68930555555555562
2015-01-15,-153,-1204,440787000,2.4854166666666671
2015-01-15,-153,-1203,440787000,0.51569444444444446
2015-01-15,-153,-1208,440807000,10.744444444444444
2015-01-15,-153,-1208,440986000,5.0520833333333339
2015-01-15,-153,-1171,431853000,0.32625
2015-01-15,-153,-1262,432461000,5.3248611111111108
2015-01-15,-153,-1185,431490000,0.815
2015-01-15,104,-340,432045000,2.1395833333333334
2015-01-15,104,-338,432045000,0.54666666666666663
2015-01-15,104,-337,432045000,0.55430555555555561
2015-01-15,104,-343,432045000,0.48013888888888889
2015-01-15,104,-341,432045000,1.7288888888888887
2015-01-15,104,-342,432045000,0.36972222222222217
2015-01-15,104,-344,432045000,5.367916666666666
2015-01-15,104,-339,432045000,0.47583333333333333
2015-01-15,360,1203,130701836,6.359861111111111
2015-01-15,360,1203,412348429,0.67
2015-01-15,360,1204,412348429,1.2233333333333332
2015-01-15,360,1204,412348432,1.0416666666666667
2015-01-15,360,1203,412348432,0.22763888888888889
2015-01-15,360,1263,440503320,1.0376388888888888
2015-01-15,360,1262,440200216,7.8891666666666671
2015-01-15,360,1203,231200281,0.48958333333333337
2015-01-15,360,-288,224043560,5.3859722222222217
2015-01-15,360,-292,224043560,3.0469444444444447
2015-01-15,360,1204,412456238,6.8762500000000006
2015-01-15,360,1202,412456238,0.9506944444444444
2015-01-15,360,1203,412456238,1.0620833333333335
2015-01-15,360,122,247141200,16.580416666666665
2015-01-15,360,1206,412990808,0.28430555555555559
2015-01-15,360,1263,440503130,5.059166666666667
2015-01-15,360,1262,440503130,1.82125
2015-01-15,360,131,247146590,1.5765277777777778
2015-01-15,360,132,247146590,4.6572222222222228
2015-01-15,360,-66,224094570,12.4025
2015-01-15,360,1263,440501620,0.65694444444444433
2015-01-15,360,1263,440505720,1.8552777777777778
2015-01-15,360,1263,440502650,2.7201388888888887
2015-01-15,360,1204,412331642,0.17902777777777779
2015-01-15,360,1298,440408960,0.72180555555555548
2015-01-15,360,1263,440503940,4.8081944444444442
2015-01-15,360,122,247308420,1.0209722222222222
2015-01-15,360,-233,263407240,11.653611111111111
2015-01-15,360,-238,263407240,7.4244444444444451
2015-01-15,360,1263,440505750,3.5268055555555553
2015-01-15,360,120,247133620,1.3790277777777777
2015-01-15,360,-62,224172220,5.3569444444444443
2015-01-15,360,329,271072994,4.4081944444444439
2015-01-15,360,120,247130850,1.7408333333333332
2015-01-15,360,1203,200009445,5.7080555555555561
2015-01-15,360,1263,440503280,0.72263888888888883
2015-01-15,616,-88,231029000,4.5638888888888891
2015-01-15,616,-11,232008020,6.162638888888889
2015-01-15,616,-76,231004000,0.3025
2015-01-15,616,-75,231004000,3.9866666666666672
2015-01-15,-152,415,432298000,0.37652777777777779
2015-01-15,-152,-1202,440787000,0.15527777777777776
2015-01-15,-152,-1204,440787000,1.9820833333333332
2015-01-15,-152,-1203,440787000,0.46916666666666668
2015-01-15,-152,-804,412753740,5.2733333333333334
2015-01-15,-152,-1171,431853000,0.45138888888888884
2015-01-15,-152,-1261,432461000,3.0705555555555564
2015-01-15,-152,-1185,431490000,0.57652777777777775
2015-01-15,-152,-1186,431490000,2.9216666666666669
2015-01-15,105,-339,431316000,3.7933333333333326
2015-01-15,105,-342,431316000,0.36902777777777773
2015-01-15,105,-340,431316000,0.95708333333333329
2015-01-15,105,-341,431316000,1.3136111111111111
2015-01-15,105,-339,432045000,3.7777777777777777
2015-01-15,105,-334,432045000,3.2293055555555554
2015-01-15,105,-335,432045000,0.48319444444444443
2015-01-15,105,-336,432045000,0.58875
2015-01-15,361,-295,224043560,3.6398611111111112
2015-01-15,361,-294,224043560,0.22791666666666668
2015-01-15,361,-62,224012590,16.039305555555554
2015-01-15,361,132,247147320,4.8283333333333331
2015-01-15,361,131,247147320,3.6677777777777778
2015-01-15,361,118,247148110,0.44722222222222219
2015-01-15,361,-62,224015950,1.5133333333333334
2015-01-15,361,-78,224069970,6.040972222222222
2015-01-15,361,125,247300180,0.64041666666666663
2015-01-15,361,118,247148120,3.7893055555555555
2015-01-15,361,153,247150170,0.57375
2015-01-15,361,1263,440503130,1.3712499999999999
2015-01-15,361,-64,224069980,10.856944444444444
2015-01-15,361,132,247146590,1.27375
2015-01-15,361,131,247146590,1.2027777777777779
2015-01-15,361,-239,263413870,1.0447222222222221
2015-01-15,361,-241,263413870,5.7231944444444443
2015-01-15,361,-238,263413870,1.3525
2015-01-15,361,-237,263413870,1.1101388888888888
2015-01-15,361,-236,263413870,3.8693055555555556
2015-01-15,361,1263,440502650,2.771527777777778
2015-01-15,361,1262,440502650,3.3280555555555553
2015-01-15,361,1263,440503940,2.0529166666666665
2015-01-15,361,1262,440503940,2.5345833333333334
2015-01-15,361,121,247308420,1.6691666666666669
2015-01-15,361,-54,224085130,2.2094444444444443
2015-01-15,361,1263,440505750,3.2116666666666664
2015-01-15,361,120,247133620,1.851388888888889
2015-01-15,361,-53,224082360,2.76875
2015-01-15,361,-52,224082360,0.56527777777777777
2015-01-15,361,-62,224169660,6.8069444444444445
2015-01-15,361,154,247301080,0.43597222222222221
2015-01-15,361,153,247301080,1.5199999999999998
2015-01-15,361,120,247130850,0.84402777777777782
2015-01-15,361,119,247130850,0.68180555555555555
2015-01-15,361,-62,224105450,1.0848611111111111
2015-01-15,361,1263,440209150,5.4498611111111108
2015-01-15,617,-9,232008020,7.0331944444444447
2015-01-15,617,-77,231004000,4.3130555555555556
2015-01-15,617,-76,231004000,2.7670833333333333
2015-01-15,617,-67,231031000,2.1658333333333335
2015-01-15,617,-75,231265000,0.75722222222222224
2015-01-15,617,-76,231265000,1.1244444444444444
2015-01-15,617,-74,231265000,0.43291666666666667
2015-01-15,617,-78,231265000,11.893611111111111
2015-01-15,617,-68,231030000,1.2615277777777778
2015-01-15,617,-67,231030000,1.1934722222222223
2015-01-15,-663,1104,503016610,3.6747222222222224
2015-01-15,-663,1103,503016610,0.87472222222222218
2015-01-15,-151,-1202,440787000,0.47527777777777785
2015-01-15,-151,-1204,440787000,2.1151388888888882
2015-01-15,-151,-1205,440787000,4.901527777777777
2015-01-15,-151,-1206,440787000,5.4333333333333336
2015-01-15,-151,-1203,440787000,0.74333333333333318
2015-01-15,-151,-1171,431853000,2.1548611111111113
2015-01-15,-151,-1262,432461000,2.7776388888888883
2015-01-15,-151,-1261,432461000,0.52625
2015-01-15,-151,-1185,431490000,0.65680555555555564
2015-01-15,-151,-1186,431490000,1.7455555555555551
2015-01-15,-151,-1190,440503000,0.77763888888888888
2015-01-15,106,1526,431722000,0.77222222222222225
2015-01-15,106,1527,431722000,5.0330555555555554
2015-01-15,106,-335,431316000,0.43208333333333337
2015-01-15,106,-337,431316000,0.41930555555555554
2015-01-15,106,-341,431316000,0.57361111111111118
2015-01-15,106,-344,431316000,0.40152777777777776
2015-01-15,106,-343,431316000,0.47902777777777783
2015-01-15,106,-342,431316000,0.5526388888888889
2015-01-15,106,-345,431316000,4.6183333333333341
2015-01-15,106,-334,431316000,3.5374999999999996
2015-01-15,106,-336,431316000,0.31708333333333333
2015-01-15,106,-338,431316000,0.83041666666666658
2015-01-15,106,-340,431316000,0.51138888888888889
2015-01-15,106,-339,431316000,0.50541666666666674
2015-01-15,106,-342,431700260,0.96291666666666675
2015-01-15,106,-341,431700260,0.93611111111111112
2015-01-15,106,-1265,413691220,11.665416666666664
2015-01-15,362,117,247147010,6.1291666666666673
2015-01-15,362,118,247147010,4.2043055555555551
2015-01-15,362,-52,224226830,12.932916666666667
2015-01-15,362,-389,224048150,1.0102777777777778
2015-01-15,362,-291,224043560,1.2705555555555557
2015-01-15,362,-294,224043560,0.79180555555555543
2015-01-15,362,-290,224043560,2.6388888888888888
2015-01-15,362,-293,224043560,1.0733333333333333
2015-01-15,362,132,247147320,2.61625
2015-01-15,362,-81,224113720,5.7815277777777787
2015-01-15,362,118,247151690,4.1043055555555554
2015-01-15,362,117,247148110,1.5834722222222224
2015-01-15,362,118,247148110,2.1359722222222222
2015-01-15,362,-82,224069970,0.54972222222222222
2015-01-15,362,-83,224069970,0.225
2015-01-15,362,-81,224069970,3.97375
2015-01-15,362,125,247300180,1.5108333333333333
2015-01-15,362,119,247148120,1.5252777777777777
2015-01-15,362,117,247148120,9.9337500000000016
2015-01-15,362,118,247148120,3.871666666666667
2015-01-15,362,153,247150170,0.675
2015-01-15,362,-65,224069980,4.7441666666666675
2015-01-15,362,131,247146590,2.641805555555556
2015-01-15,362,130,247146590,0.27916666666666667
2015-01-15,362,118,247141730,8.2906944444444441
2015-01-15,362,117,247141730,2.856527777777778
2015-01-15,362,-240,263413870,1.4648611111111112
2015-01-15,362,-234,263413870,3.2529166666666662
2015-01-15,362,-236,263413870,2.1304166666666666
2015-01-15,362,-242,263413870,0.2336111111111111
2015-01-15,362,-241,263413870,0.91027777777777774
2015-01-15,362,121,247308420,2.4181944444444445
2015-01-15,362,119,247152010,1.21125
2015-01-15,362,117,247152010,1.8184722222222223
2015-01-15,362,118,247152010,4.84986111111111
2015-01-15,362,-52,224085130,1.8870833333333334
2015-01-15,362,-143,263405970,1.1093055555555555
2015-01-15,362,-145,263405970,6.0751388888888886
2015-01-15,362,-144,263405970,0.82930555555555552
2015-01-15,362,122,247148210,3.5398611111111111
2015-01-15,362,118,247142580,5.043333333333333
2015-01-15,362,119,247142580,0.65138888888888891
2015-01-15,362,116,247146420,0.42208333333333337
2015-01-15,362,117,247146420,1.5816666666666666
2015-01-15,362,118,247146420,12.726249999999997
2015-01-15,362,120,247133620,0.82374999999999987
2015-01-15,362,119,247133620,1.4702777777777776
2015-01-15,362,116,247133620,0.70027777777777778
2015-01-15,362,115,247133620,0.30944444444444441
2015-01-15,362,-51,224082360,2.3820833333333331
2015-01-15,362,-52,224082360,5.4586111111111126
2015-01-15,362,-53,224082360,1.3668055555555556
2015-01-15,362,153,247121850,2.2193055555555556
2015-01-15,362,152,247121850,0.65
2015-01-15,362,153,247301080,1.8234722222222222
2015-01-15,362,153,247121880,1.1601388888888888
2015-01-15,362,119,247130850,2.3987499999999997
2015-01-15,362,115,247130850,0.51416666666666666
2015-01-15,362,116,247130850,0.43583333333333335
2015-01-15,362,-51,224133860,1.3497222222222223
2015-01-15,362,-52,224133860,2.6591666666666662
2015-01-15,362,-63,224105450,0.75555555555555554
2015-01-15,618,9,226334000,13.95
2015-01-15,618,9,228190900,7.8293055555555551
2015-01-15,618,-74,231265000,0.62055555555555553
2015-01-15,-150,-1140,431797000,0.27916666666666667
2015-01-15,-150,-1141,431797000,1.9730555555555553
2015-01-15,-150,-1268,441043000,0.24180555555555555
2015-01-15,-150,-1262,432461000,3.6170833333333339
2015-01-15,-150,-1185,431490000,2.1302777777777777
2015-01-15,-150,-1190,440503000,5.7390277777777774
2015-01-15,107,-341,431700260,0.58791666666666664
2015-01-15,107,-344,431700260,4.6
2015-01-15,107,-339,431700260,3.7613888888888893
2015-01-15,107,-342,431700260,1.265
2015-01-15,107,-336,431700260,3.8972222222222221
2015-01-15,107,-340,431700260,1.8305555555555555
2015-01-15,107,-338,431700260,0.47694444444444445
2015-01-15,107,-337,431700260,0.68541666666666667
2015-01-15,107,-343,431700260,0.59097222222222223
2015-01-15,107,-342,431700550,0.5363888888888888
2015-01-15,107,-341,431700550,0.53069444444444436
2015-01-15,107,-344,431700550,1.1463888888888889
2015-01-15,107,-343,431700550,0.65125000000000011
2015-01-15,107,-339,431700550,0.54486111111111113
2015-01-15,107,-337,431700550,2.7222222222222223
2015-01-15,107,-345,431700550,5.1127777777777776
2015-01-15,107,-338,431700550,0.43472222222222223
2015-01-15,107,-340,431700550,0.53972222222222221
2015-01-15,107,-1265,413691220,11.644722222222221
2015-01-15,363,152,247140610,4.4080555555555554
2015-01-15,363,118,247147010,1.1944444444444444
2015-01-15,363,116,247147010,7.7648611111111112
2015-01-15,363,117,247147010,2.1558333333333333
2015-01-15,363,114,247147280,7.7651388888888881
2015-01-15,363,-389,224048150,1.048888888888889
2015-01-15,363,-390,224048150,1.1334722222222222
2015-01-15,363,-391,224048150,3.8184722222222223
2015-01-15,363,-293,224043560,0.34652777777777777
2015-01-15,363,-291,224043560,1.4404166666666665
2015-01-15,363,-292,224043560,1.6848611111111114
2015-01-15,363,130,247147320,3.9893055555555561
2015-01-15,363,-87,224113720,0.225
2015-01-15,363,-83,224113720,1.1254166666666667
2015-01-15,363,-85,224113720,1.0251388888888888
2015-01-15,363,-82,224113720,0.925138888888889
2015-01-15,363,-84,224113720,1.1995833333333334
2015-01-15,363,-86,224113720,1.1245833333333333
2015-01-15,363,-81,224113720,0.225
2015-01-15,363,116,247151690,8.943194444444444
2015-01-15,363,118,247151690,13.344444444444445
2015-01-15,363,116,247148110,1.4834722222222223
2015-01-15,363,117,247148110,0.48055555555555557
2015-01-15,363,-87,224069970,1.5747222222222221
2015-01-15,363,-84,224069970,0.949861111111111
2015-01-15,363,-83,224069970,0.5
2015-01-15,363,-82,224069970,0.27513888888888888
2015-01-15,363,-85,224069970,0.87486111111111109
2015-01-15,363,-86,224069970,0.8751388888888888
2015-01-15,363,123,247300180,0.81
2015-01-15,363,124,247300180,1.2361111111111112
2015-01-15,363,118,247148120,1.4080555555555554
2015-01-15,363,119,247148120,1.3095833333333333
2015-01-15,363,130,247146590,0.92027777777777775
2015-01-15,363,117,247141730,4.350138888888889
2015-01-15,363,116,247141730,4.7972222222222216
2015-01-15,363,118,247141730,1.3220833333333335
2015-01-15,363,-51,224080230,15.584861111111108
2015-01-15,363,130,247305830,0.98611111111111116
2015-01-15,363,152,247140460,8.837361111111111
2015-01-15,363,151,247145580,0.41125
2015-01-15,363,120,247149950,1.7429166666666669
2015-01-15,363,120,247308420,2.2663888888888892
2015-01-15,363,-48,224110470,0.79875000000000007
2015-01-15,363,117,247152010,6.1736111111111107
2015-01-15,363,116,247152010,3.557777777777777
2015-01-15,363,-51,224085130,1.1515277777777779
2015-01-15,363,-52,224085130,2.0755555555555558
2015-01-15,363,-142,263405970,5.9652777777777777
2015-01-15,363,121,247148210,5.74125
2015-01-15,363,122,247148210,0.21666666666666667
2015-01-15,363,118,247142580,14.700277777777778
2015-01-15,363,118,247146420,1.4309722222222223
2015-01-15,363,116,247146420,4.1876388888888894
2015-01-15,363,117,247146420,1.2886111111111109
2015-01-15,363,119,247133620,1.8752777777777776
2015-01-15,363,118,247133620,2.2820833333333335
2015-01-15,363,117,247133620,0.81638888888888894
2015-01-15,363,116,247133620,0.62486111111111109
2015-01-15,363,-50,224063670,0.63527777777777783
2015-01-15,363,153,247121850,11.067916666666667
2015-01-15,363,152,247121850,0.21125
2015-01-15,363,152,247301060,6.2765277777777779
2015-01-15,363,148,247061710,2.9375
2015-01-15,363,149,247061710,0.20166666666666666
2015-01-15,363,356,271072464,11.950555555555557
2015-01-15,363,153,247121880,1.0722222222222224
2015-01-15,363,151,247301090,1.5680555555555555
2015-01-15,363,-47,224115170,11.760694444444443
2015-01-15,363,-48,224115170,7.7111111111111112
2015-01-15,363,-46,224115170,0.64097222222222228
2015-01-15,363,118,247130850,2.3986111111111112
2015-01-15,363,-52,224133860,1.6455555555555557
2015-01-15,363,-51,224133860,2.7573611111111105
2015-01-15,363,123,247143660,0.57916666666666672
2015-01-15,363,121,247143660,7.4716666666666667
2015-01-15,363,122,247143660,2.0198611111111116
2015-01-15,619,-77,231240000,3.0656944444444445
2015-01-15,619,9,226246000,7.8291666666666666
2015-01-15,619,8,226246000,9.3581944444444431
2015-01-15,619,-73,231184000,3.4441666666666668
2015-01-15,619,-74,231184000,2.4820833333333336
2015-01-15,619,-75,231184000,1.7038888888888888
2015-01-15,619,191,230942350,10.964722222222221
2015-01-15,-405,1691,512300107,2.449583333333333
2015-01-15,-149,-1140,431797000,0.5098611111111111
2015-01-15,-149,-1141,431797000,3.0301388888888887
2015-01-15,-149,-1268,441043000,1.5356944444444443
2015-01-15,-149,-1241,440612000,0.46291666666666664
2015-01-15,-149,-1170,431853000,0.45347222222222222
2015-01-15,-149,-1169,431853000,0.35694444444444445
2015-01-15,-149,-1171,431853000,1.8419444444444446
2015-01-15,-149,-1186,431490000,3.7502777777777783
2015-01-15,-149,-1185,431490000,0.77916666666666667
2015-01-15,108,-344,431700550,0.33666666666666667
2015-01-15,108,-338,431700550,0.99972222222222218
2015-01-15,108,-339,431700550,1.6363888888888889
2015-01-15,108,-336,431700550,3.2054166666666664
2015-01-15,108,-337,431700550,1.3875000000000002
2015-01-15,108,-169,616999035,0.76666666666666661
2015-01-15,108,-168,616999035,2.5994444444444444
2015-01-15,364,1210,412348673,9.76361111111111
2015-01-15,364,151,247140610,1.02625
2015-01-15,364,152,247140610,1.034861111111111
2015-01-15,364,114,247147280,7.6816666666666684
2015-01-15,364,-48,224245520,2.3355555555555556
2015-01-15,364,-49,224245520,2.0059722222222223
2015-01-15,364,-50,224245520,0.44944444444444442
2015-01-15,364,153,247304980,3.0441666666666665
2015-01-15,364,152,247304980,1.7195833333333332
2015-01-15,364,-388,224048150,1.1558333333333333
2015-01-15,364,-389,224048150,0.8009722222222222
2015-01-15,364,-390,224048150,1.3381944444444445
2015-01-15,364,-68,224258840,4.3522222222222231
2015-01-15,364,357,271072028,1.2402777777777776
2015-01-15,364,358,271072028,0.79013888888888884
2015-01-15,364,1214,412348707,0.40097222222222223
2015-01-15,364,-68,224078380,5.7452777777777779
2015-01-15,364,-45,224386370,2.5551388888888891
2015-01-15,364,-47,224386370,0.63694444444444442
2015-01-15,364,-46,224386370,5.4761111111111118
2015-01-15,364,357,271072067,24.823055555555555
2015-01-15,364,123,247300180,0.66958333333333342
2015-01-15,364,126,247300180,4.218055555555555
2015-01-15,364,-46,224018520,3.1568055555555556
2015-01-15,364,-47,224018520,4.653888888888889
2015-01-15,364,-46,224103270,2.3058333333333332
2015-01-15,364,-45,224103270,3.4665277777777783
2015-01-15,364,-44,224103270,3.445
2015-01-15,364,152,247140460,0.64402777777777775
2015-01-15,364,151,247145580,3.9930555555555554
2015-01-15,364,150,247145580,1.0818055555555555
2015-01-15,364,120,247149950,5.9572222222222226
2015-01-15,364,119,247149950,0.61944444444444446
2015-01-15,364,119,247308420,1.3416666666666666
2015-01-15,364,-47,224110470,2.1640277777777777
2015-01-15,364,-48,224110470,5.4968055555555555
2015-01-15,364,-51,224085130,0.21916666666666668
2015-01-15,364,-67,224046990,6.2968055555555553
2015-01-15,364,357,271072402,10.332083333333333
2015-01-15,364,-46,224009880,2.889444444444444
2015-01-15,364,152,247141020,1.0237500000000002
2015-01-15,364,115,247081890,0.85249999999999992
2015-01-15,364,-44,224096930,1.9208333333333334
2015-01-15,364,-45,224096930,0.88458333333333339
2015-01-15,364,-43,224096930,0.22736111111111112
2015-01-15,364,115,247144110,3.3913888888888888
2015-01-15,364,121,247148210,0.82500000000000007
2015-01-15,364,120,247148210,0.33208333333333334
2015-01-15,364,-49,224063670,3.8474999999999993
2015-01-15,364,-50,224063670,2.9309722222222225
2015-01-15,364,-52,224082360,4.5202777777777783
2015-01-15,364,152,247301060,2.1461111111111109
2015-01-15,364,-43,224068550,0.24194444444444443
2015-01-15,364,-45,224068550,2.0744444444444445
2015-01-15,364,-44,224068550,2.9408333333333339
2015-01-15,364,149,247061710,3.1218055555555559
2015-01-15,364,148,247061710,1.0669444444444445
2015-01-15,364,-67,224013780,8.75125
2015-01-15,364,154,247121880,1.1375000000000002
2015-01-15,364,1214,412348634,9.5936111111111124
2015-01-15,364,1213,412348634,0.38138888888888889
2015-01-15,364,151,247301090,4.1459722222222224
2015-01-15,364,-46,224115170,2.6981944444444448
2015-01-15,364,152,247145190,7.855833333333333
2015-01-15,364,-46,224241390,0.42986111111111114
2015-01-15,364,-47,224241390,2.6784722222222221
2015-01-15,364,-48,224241390,4.6576388888888891
2015-01-15,364,-49,224241390,1.80125
2015-01-15,620,8,226246000,10.869722222222222
2015-01-15,620,-75,231184000,1.39625
2015-01-15,620,-74,231184000,0.51750000000000007
2015-01-15,620,7,228190900,4.6138888888888889
2015-01-15,620,8,228190900,9.350833333333334
2015-01-15,620,-69,231190000,0.6068055555555556
2015-01-15,620,-68,231190000,16.301666666666666
2015-01-15,-148,-1141,431797000,1.4152777777777774
2015-01-15,-148,-1140,431797000,0.52097222222222228
2015-01-15,-148,-1268,441043000,3.8127777777777778
2015-01-15,-148,-1208,432881000,2.1254166666666667
2015-01-15,-148,-1241,440612000,0.4415277777777778
2015-01-15,-148,-1242,440612000,0.34305555555555556
2015-01-15,-148,-1171,431853000,1.4779166666666663
2015-01-15,-148,-1243,441825000,11.571944444444444
2015-01-15,109,1524,431722000,3.4423611111111114
2015-01-15,109,-342,432967000,2.3458333333333332
2015-01-15,109,-338,432967000,1.8195833333333336
2015-01-15,109,-344,432967000,0.36541666666666667
2015-01-15,109,-343,432967000,1.3281944444444445
2015-01-15,109,-339,432967000,8.8730555555555544
2015-01-15,109,-341,432967000,3.2533333333333334
2015-01-15,109,-337,432967000,1.5402777777777779
2015-01-15,109,-169,616999035,3.0854166666666671
2015-01-15,365,-68,224024320,5.7194444444444441
2015-01-15,365,1213,412348673,7.8654166666666665
2015-01-15,365,1214,412348673,0.53263888888888888
2015-01-15,365,1212,412348673,1.6534722222222222
2015-01-15,365,151,247140610,0.20444444444444443
2015-01-15,365,-66,224075280,4.7390277777777774
2015-01-15,365,114,247147280,3.1431944444444442
2015-01-15,365,152,247304980,0.8208333333333333
2015-01-15,365,-390,224048150,0.47680555555555554
2015-01-15,365,-386,224048150,1.6558333333333333
2015-01-15,365,-385,224048150,1.5848611111111111
2015-01-15,365,-389,224048150,0.50097222222222215
2015-01-15,365,116,247147290,4.2415277777777778
2015-01-15,365,358,271072028,0.71611111111111114
2015-01-15,365,360,271072028,0.43305555555555558
2015-01-15,365,359,271072028,1.2822222222222224
2015-01-15,365,-66,224094750,3.373472222222222
2015-01-15,365,137,247306530,1.8127777777777778
2015-01-15,365,136,247306530,6.4155555555555557
2015-01-15,365,135,247306530,2.1801388888888891
2015-01-15,365,-46,224166440,1.9480555555555554
2015-01-15,365,-45,224166440,2.3087500000000003
2015-01-15,365,-68,224078380,6.8695833333333329
2015-01-15,365,-45,224151870,3.3670833333333343
2015-01-15,365,-46,224151870,2.2668055555555555
2015-01-15,365,153,247300930,2.86
2015-01-15,365,152,247300930,4.500972222222221
2015-01-15,365,-45,224386370,1.25
2015-01-15,365,1212,412348742,1.0098611111111111
2015-01-15,365,1213,412348742,1.0383333333333333
2015-01-15,365,123,247300180,1.1677777777777778
2015-01-15,365,121,247300180,1.6920833333333334
2015-01-15,365,-46,224018520,1.5183333333333331
2015-01-15,365,148,247144290,3.933472222222222
2015-01-15,365,149,247144290,2.0320833333333335
2015-01-15,365,147,247144290,3.8388888888888895
2015-01-15,365,150,247145580,1.038888888888889
2015-01-15,365,151,247145580,9.02388888888889
2015-01-15,365,-67,224026480,1.0468055555555555
2015-01-15,365,-38,224006770,1.1330555555555555
2015-01-15,365,-37,224006770,2.3168055555555558
2015-01-15,365,153,247145080,2.4456944444444444
2015-01-15,365,152,247145080,2.8226388888888887
2015-01-15,365,152,247140990,3.4762500000000003
2015-01-15,365,153,247140990,1.4141666666666666
2015-01-15,365,119,247149950,2.3768055555555554
2015-01-15,365,-29,224241280,7.3805555555555555
2015-01-15,365,151,247142020,0.68222222222222229
2015-01-15,365,152,247142020,5.9040277777777774
2015-01-15,365,-67,224100230,1.2802777777777778
2015-01-15,365,142,247145870,1.0613888888888889
2015-01-15,365,143,247145870,3.6675000000000004
2015-01-15,365,-45,224260750,0.875
2015-01-15,365,360,271066002,1.6304166666666668
2015-01-15,365,359,271066002,1.9691666666666667
2015-01-15,365,-46,224009880,0.82805555555555554
2015-01-15,365,-45,224009880,2.5081944444444444
2015-01-15,365,146,247300760,0.4095833333333333
2015-01-15,365,148,247300760,3.01375
2015-01-15,365,147,247300760,3.3627777777777781
2015-01-15,365,149,247300760,1.4568055555555555
2015-01-15,365,360,271072153,1.5570833333333332
2015-01-15,365,151,247141020,0.41236111111111107
2015-01-15,365,115,247081890,6.50763888888889
2015-01-15,365,-45,224096930,0.835
2015-01-15,365,-42,224096930,1.5373611111111112
2015-01-15,365,-43,224096930,1.6640277777777777
2015-01-15,365,-66,224032170,4.8890277777777778
2015-01-15,365,115,247144110,7.9197222222222212
2015-01-15,365,-44,224328880,0.42347222222222225
2015-01-15,365,-45,224328880,2.7470833333333338
2015-01-15,365,116,247148210,2.8759722222222219
2015-01-15,365,119,247148210,1.6881944444444446
2015-01-15,365,117,247148210,1.2925
2015-01-15,365,120,247148210,1.6011111111111109
2015-01-15,365,114,247143860,4.5925
2015-01-15,365,115,247143860,5.5805555555555548
2015-01-15,365,152,247301060,0.20416666666666666
2015-01-15,365,-43,224068550,3.3458333333333337
2015-01-15,365,-44,224068550,1.1302777777777779
2015-01-15,365,149,247061710,1.1043055555555554
2015-01-15,365,-41,224178640,1.5054166666666664
2015-01-15,365,-42,224178640,4.24888888888889
2015-01-15,365,-43,224178640,2.737222222222222
2015-01-15,365,-43,224114130,0.45444444444444443
2015-01-15,365,-41,224114130,1.2970833333333331
2015-01-15,365,-42,224114130,1.9425000000000001
2015-01-15,365,1213,412330963,0.45041666666666669
2015-01-15,365,142,247149280,2.3113888888888892
2015-01-15,365,143,247149280,4.8668055555555565
2015-01-15,365,151,247301090,1.0447222222222221
2015-01-15,365,148,247300580,3.8547222222222226
2015-01-15,365,147,247300580,3.5066666666666664
2015-01-15,365,149,247300580,2.4056944444444448
2015-01-15,365,-28,224167140,10.56125
2015-01-15,365,-154,263405550,6.4652777777777777
2015-01-15,365,-45,224051190,1.7647222222222223
2015-01-15,365,147,247305470,2.740555555555555
2015-01-15,365,149,247305470,2.7005555555555549
2015-01-15,365,148,247305470,3.6368055555555556
2015-01-15,621,-44,231327000,10.926388888888889
2015-01-15,621,-44,231326000,6.2673611111111107
2015-01-15,621,-406,331208000,3.1420833333333333
2015-01-15,621,-65,231173000,8.32138888888889
2015-01-15,621,-66,231173000,8.00013888888889
2015-01-15,621,-65,231170000,8.568888888888889
2015-01-15,621,-66,231170000,6.0375000000000005
2015-01-15,621,-46,231106000,8.5741666666666667
2015-01-15,621,-46,231105000,9.3956944444444446
2015-01-15,621,-69,231190000,0.20124999999999998
2015-01-15,-147,-1140,431797000,0.72444444444444434
2015-01-15,-147,-1141,431797000,1.4633333333333329
2015-01-15,-147,629,416002325,0.7401388888888889
2015-01-15,-147,-1268,441043000,0.72930555555555554
2015-01-15,-147,-1208,432881000,0.64694444444444443
2015-01-15,-147,-1245,440612000,2.6551388888888892
2015-01-15,-147,-1242,440612000,1.0725
2015-01-15,-147,-1246,440612000,1.9037499999999998
2015-01-15,-147,-1243,440612000,2.3000000000000003
2015-01-15,-147,-1248,440612000,3.5983333333333332
2015-01-15,-147,-1247,440612000,1.9620833333333332
2015-01-15,-147,-1223,432515000,0.51583333333333337
2015-01-15,-147,-1171,431853000,1.1573611111111111
2015-01-15,110,-171,616999035,4.26875
2015-01-15,110,-170,616999035,0.42527777777777775
2015-01-15,110,-169,616999035,0.98583333333333334
2015-01-15,110,-345,431395000,5.1711111111111121
2015-01-15,110,-343,431395000,0.57944444444444443
2015-01-15,110,-344,431395000,0.45125
2015-01-15,110,-342,431395000,0.70694444444444449
2015-01-15,110,-341,431395000,0.20805555555555555
2015-01-15,366,115,247141890,1.0725
2015-01-15,366,-27,224014850,2.9615277777777775
2015-01-15,366,-66,224030980,3.0887499999999997
2015-01-15,366,361,271072015,1.59
2015-01-15,366,360,271072015,2.9479166666666665
2015-01-15,366,-66,224075280,1.1965277777777779
2015-01-15,366,-67,224075280,0.26625
2015-01-15,366,-45,224107280,1.0431944444444445
2015-01-15,366,-44,224107280,3.4091666666666671
2015-01-15,366,-42,224107280,0.20666666666666667
2015-01-15,366,-43,224107280,2.4054166666666665
2015-01-15,366,361,271072017,0.84472222222222226
2015-01-15,366,360,271072017,2.4031944444444444
2015-01-15,366,-66,224410130,4.3386111111111108
2015-01-15,366,-384,224048150,5.8569444444444443
2015-01-15,366,361,271072535,13.056666666666665
2015-01-15,366,-66,224015640,1.5694444444444442
2015-01-15,366,115,247147290,2.4666666666666668
2015-01-15,366,360,271072028,0.93625
2015-01-15,366,-66,224094750,4.1141666666666667
2015-01-15,366,-66,224104990,1.8402777777777777
2015-01-15,366,360,271072544,4.6127777777777776
2015-01-15,366,361,271072544,12.28125
2015-01-15,366,135,247306530,2.1945833333333331
2015-01-15,366,134,247306530,7.969444444444445
2015-01-15,366,133,247306530,1.1681944444444445
2015-01-15,366,-39,224026920,2.9561111111111114
2015-01-15,366,-37,224026920,1.375
2015-01-15,366,-38,224026920,10.962916666666663
2015-01-15,366,-45,224166440,5.2544444444444434
2015-01-15,366,-66,224103720,1.8
2015-01-15,366,-67,224103720,0.26138888888888889
2015-01-15,366,-42,224081450,1.4531944444444442
2015-01-15,366,1218,412348722,0.15083333333333335
2015-01-15,366,1217,412348722,0.71444444444444444
2015-01-15,366,-42,224072760,0.42347222222222225
2015-01-15,366,-38,224337720,2.7052777777777779
2015-01-15,366,-37,224337720,12.927638888888891
2015-01-15,366,1218,412348729,1.0427777777777778
2015-01-15,366,1217,412348729,0.67416666666666658
2015-01-15,366,-45,224151870,1.6883333333333332
2015-01-15,366,1217,412348735,3.3944444444444448
2015-01-15,366,-42,224083520,1.7033333333333334
2015-01-15,366,151,247300930,0.22083333333333333
2015-01-15,366,152,247300930,1.7180555555555554
2015-01-15,366,153,247300930,1.0558333333333334
2015-01-15,366,-66,224077380,2.9916666666666667
2015-01-15,366,-67,224096580,1.8404166666666668
2015-01-15,366,1216,412348742,1.2190277777777778
2015-01-15,366,1217,412348742,0.72347222222222229
2015-01-15,366,1214,412348742,1.2983333333333333
2015-01-15,366,1213,412348742,0.24555555555555555
2015-01-15,366,1215,412348742,1.2161111111111111
2015-01-15,366,-66,224117580,0.85736111111111113
2015-01-15,366,149,247300430,1.4795833333333335
2015-01-15,366,148,247300430,1.259722222222222
2015-01-15,366,-42,224115790,1.2875
2015-01-15,366,122,247300180,0.86958333333333337
2015-01-15,366,-66,224033370,1.097361111111111
2015-01-15,366,-66,224245850,0.97777777777777775
2015-01-15,366,142,247149410,3.3031944444444443
2015-01-15,366,-39,224176230,1.6148611111111111
2015-01-15,366,-41,224176230,1.6822222222222218
2015-01-15,366,-37,224176230,9.5434722222222224
2015-01-15,366,-38,224176230,1.9804166666666667
2015-01-15,366,-40,224176230,2.0980555555555553
2015-01-15,366,-44,224020840,0.42069444444444443
2015-01-15,366,-67,224026480,1.1776388888888889
2015-01-15,366,-68,224026480,0.29444444444444445
2015-01-15,366,152,247145080,1.1430555555555555
2015-01-15,366,153,247145080,2.88
2015-01-15,366,-66,224047740,1.5429166666666667
2015-01-15,366,152,247140990,2.8859722222222222
2015-01-15,366,153,247140990,2.0554166666666669
2015-01-15,366,151,247142020,1.810972222222222
2015-01-15,366,152,247142020,2.4584722222222219
2015-01-15,366,144,247149190,0.20833333333333334
2015-01-15,366,-67,224100230,1.5497222222222222
2015-01-15,366,-66,224100230,1.4938888888888888
2015-01-15,366,-66,224057990,4.6022222222222222
2015-01-15,366,-42,224084620,3.1
2015-01-15,366,143,247145870,3.3529166666666668
2015-01-15,366,142,247145870,2.4754166666666664
2015-01-15,366,-66,224174990,0.97791666666666677
2015-01-15,366,-67,224174990,0.74736111111111114
2015-01-15,366,-67,224046990,5.7033333333333331
2015-01-15,366,-43,224260750,0.65416666666666656
2015-01-15,366,-44,224260750,4.0766666666666662
2015-01-15,366,-45,224260750,2.7944444444444447
2015-01-15,366,358,271066002,4.5879166666666666
2015-01-15,366,360,271066002,1.3358333333333332
2015-01-15,366,359,271066002,3.6206944444444442
2015-01-15,366,-44,224009880,0.41625
2015-01-15,366,-66,224148120,0.96861111111111109
2015-01-15,366,-67,224148120,0.93486111111111114
2015-01-15,366,146,247300760,0.60722222222222222
2015-01-15,366,361,271072153,1.9822222222222223
2015-01-15,366,359,271072153,4.0490277777777779
2015-01-15,366,360,271072153,5.7559722222222218
2015-01-15,366,115,247081890,11.393749999999999
2015-01-15,366,-42,224076970,1.0581944444444447
2015-01-15,366,-67,224032170,5.22875
2015-01-15,366,115,247144110,8.6831944444444424
2015-01-15,366,-44,224328880,2.725
2015-01-15,366,-45,224328880,1.4580555555555557
2015-01-15,366,-134,224100530,7.1419444444444444
2015-01-15,366,114,247143860,2.5881944444444445
2015-01-15,366,115,247143860,5.6733333333333329
2015-01-15,366,361,271072692,2.1645833333333333
2015-01-15,366,359,271072692,3.6718055555555558
2015-01-15,366,360,271072692,4.9538888888888888
2015-01-15,366,281,271072182,1.8415277777777779
2015-01-15,366,282,271072182,2.8029166666666665
2015-01-15,366,-26,224130750,9.6768055555555552
2015-01-15,366,-27,224130750,4.024861111111111
2015-01-15,366,-33,224029390,11.360138888888889
2015-01-15,366,1218,412348623,0.45625000000000004
2015-01-15,366,1217,412348623,0.22375
2015-01-15,366,-41,224178640,0.89041666666666663
2015-01-15,366,-42,224114130,0.21097222222222223
2015-01-15,366,-44,224114130,1.5329166666666667
2015-01-15,366,-43,224114130,1.7384722222222222
2015-01-15,366,-41,224114130,1.2933333333333332
2015-01-15,366,142,247149280,1.6945833333333333
2015-01-15,366,143,247149280,0.61125
2015-01-15,366,-42,224234720,0.63305555555555548
2015-01-15,366,-42,224220130,3.5813888888888892
2015-01-15,366,-44,224220130,0.65875
2015-01-15,366,-43,224220130,2.9908333333333328
2015-01-15,366,-41,224220130,1.2905555555555557
2015-01-15,366,359,271072492,2.2584722222222222
2015-01-15,366,-45,224260340,0.68277777777777771
2015-01-15,366,-44,224260340,4.1751388888888892
2015-01-15,366,-43,224260340,3.844444444444445
2015-01-15,366,-42,224260340,1.5254166666666666
2015-01-15,366,-44,224051190,3.4154166666666668
2015-01-15,366,-45,224051190,0.84069444444444441
2015-01-15,366,-43,224051190,2.2899999999999996
2015-01-15,366,-44,224060150,0.20652777777777778
2015-01-15,366,361,271072765,1.0494444444444444
2015-01-15,366,359,271072765,1.7519444444444445
2015-01-15,366,360,271072765,2.9022222222222225
2015-01-15,366,-42,224220670,0.6625
2015-01-15,622,-42,231326000,7.0772222222222219
2015-01-15,622,-406,331208000,5.6590277777777782
2015-01-15,622,53,257458620,0.824861111111111
2015-01-15,622,52,257458620,0.72791666666666666
2015-01-15,-402,1685,512300107,1.5083333333333333
2015-01-15,-402,1686,512300107,0.3208333333333333
2015-01-15,-402,1683,512300107,8.5841666666666683
2015-01-15,-402,1684,512300107,1.6963888888888887
2015-01-15,-146,-1141,431797000,4.1072222222222221
2015-01-15,-146,-1140,431797000,0.5475
2015-01-15,-146,629,416002325,5.8599999999999994
2015-01-15,-146,-1268,441043000,5.408888888888888
2015-01-15,-146,-1208,432881000,3.1552777777777776
2015-01-15,-146,-1222,432515000,0.7498611111111112
2015-01-15,-146,-1223,432515000,4.808472222222222
2015-01-15,-146,-1172,431853000,4.4568055555555555
2015-01-15,-146,-1171,431853000,1.0193055555555555
2015-01-15,-146,-1247,441825000,11.011666666666667
2015-01-15,-146,-1246,441014000,17.503055555555555
2015-01-15,111,-169,616807000,0.7286111111111111
2015-01-15,111,-170,616807000,3.145138888888888
2015-01-15,111,-171,616999035,0.57916666666666661
2015-01-15,111,-1235,412440236,0.61652777777777767
2015-01-15,111,-339,431395000,1.8093055555555553
2015-01-15,111,-336,431395000,3.6786111111111115
2015-01-15,111,-341,431395000,0.22736111111111112
2015-01-15,111,-335,431395000,2.7040277777777781
2015-01-15,111,-340,431395000,0.79736111111111119
2015-01-15,111,-337,431395000,1.743611111111111
2015-01-15,111,-338,431395000,1.7004166666666665
2015-01-15,367,115,247141890,0.20402777777777778
2015-01-15,367,-67,224030980,1.3883333333333334
2015-01-15,367,360,271072015,1.6068055555555558
2015-01-15,367,359,271072015,4.1963888888888885
2015-01-15,367,-67,224075280,1.8393055555555557
2015-01-15,367,359,271072017,3.6130555555555559
2015-01-15,367,358,271072017,0.46638888888888885
2015-01-15,367,360,271072017,1.6568055555555556
2015-01-15,367,-67,224410130,1.9647222222222223
2015-01-15,367,-66,224410130,2.9581944444444446
2015-01-15,367,-384,224048150,1.43625
2015-01-15,367,-67,224015640,4.1793055555555556
2015-01-15,367,-66,224015640,1.1281944444444445
2015-01-15,367,118,247147290,2.2606944444444448
2015-01-15,367,117,247147290,2.915694444444445
2015-01-15,367,116,247147290,1.5877777777777777
2015-01-15,367,115,247147290,0.99680555555555539
2015-01-15,367,-67,224094750,2.4523611111111112
2015-01-15,367,-66,224094750,2.4154166666666663
2015-01-15,367,-66,224104990,4.5204166666666667
2015-01-15,367,-67,224104990,1.4973611111111111
2015-01-15,367,346,271062056,4.6340277777777779
2015-01-15,367,-67,224103720,5.8222222222222229
2015-01-15,367,-66,224103720,0.89722222222222214
2015-01-15,367,-42,224081450,0.2023611111111111
2015-01-15,367,-42,224072760,0.65013888888888882
2015-01-15,367,1217,412348735,2.6147222222222224
2015-01-15,367,-42,224083520,0.42805555555555552
2015-01-15,367,-66,224077380,0.28611111111111109
2015-01-15,367,-67,224077380,3.6576388888888891
2015-01-15,367,-66,224096580,1.0555555555555556
2015-01-15,367,-67,224096580,5.9927777777777784
2015-01-15,367,1217,412348742,1.8004166666666668
2015-01-15,367,-67,224117580,1.7568055555555553
2015-01-15,367,-66,224117580,3.1287499999999997
2015-01-15,367,-67,224033370,2.1970833333333331
2015-01-15,367,-66,224033370,1.4156944444444444
2015-01-15,367,-67,224245850,4.0975
2015-01-15,367,-66,224245850,1.5048611111111112
2015-01-15,367,-39,224045150,1.1834722222222223
2015-01-15,367,-41,224045150,4.0654166666666667
2015-01-15,367,-40,224045150,3.4152777777777779
2015-01-15,367,-42,224045150,0.21111111111111111
2015-01-15,367,-20,224046430,0.28208333333333335
2015-01-15,367,-31,224115550,1.5597222222222222
2015-01-15,367,142,247149410,3.6852777777777774
2015-01-15,367,143,247149410,1.6343055555555555
2015-01-15,367,347,271040354,0.11569444444444445
2015-01-15,367,346,271040354,0.29458333333333331
2015-01-15,367,-39,224260450,2.8697222222222223
2015-01-15,367,-40,224260450,4.808472222222222
2015-01-15,367,-67,224071790,1.5123611111111113
2015-01-15,367,-68,224026480,2.1483333333333334
2015-01-15,367,-67,224047740,7.136388888888888
2015-01-15,367,-66,224047740,0.23583333333333334
2015-01-15,367,120,247149950,2.5366666666666666
2015-01-15,367,309,271072387,1.3905555555555553
2015-01-15,367,308,271072387,1.5858333333333332
2015-01-15,367,143,247149190,2.6640277777777777
2015-01-15,367,144,247149190,1.2319444444444445
2015-01-15,367,-66,224100230,0.5559722222222222
2015-01-15,367,-67,224100230,4.7288888888888891
2015-01-15,367,-71,224111750,12.904027777777777
2015-01-15,367,-72,224111750,0.31041666666666667
2015-01-15,367,-66,224057990,0.52208333333333334
2015-01-15,367,-67,224057990,2.3129166666666663
2015-01-15,367,-72,224096140,11.915694444444444
2015-01-15,367,142,247145870,0.81305555555555564
2015-01-15,367,143,247145870,1.0434722222222221
2015-01-15,367,-67,224174990,5.1502777777777782
2015-01-15,367,-66,224174990,2.6622222222222223
2015-01-15,367,-66,224065430,2.2152777777777777
2015-01-15,367,-67,224065430,6.467083333333334
2015-01-15,367,-67,224148120,5.11263888888889
2015-01-15,367,-66,224148120,2.5481944444444444
2015-01-15,367,115,247081890,1.4918055555555556
2015-01-15,367,-27,225943970,9.8701388888888868
2015-01-15,367,-67,224032170,1.5248611111111112
2015-01-15,367,115,247144110,1.1222222222222222
2015-01-15,367,360,271072692,1.2408333333333335
2015-01-15,367,346,271072202,12.169999999999998
2015-01-15,367,-67,224214990,0.70444444444444443
2015-01-15,367,-66,224214990,3.4445833333333331
2015-01-15,367,152,247145170,4.5786111111111119
2015-01-15,367,1218,412348631,9.81527777777778
2015-01-15,367,1217,412348631,1.908611111111111
2015-01-15,367,1225,800029403,0.10069444444444445
2015-01-15,367,359,271072492,2.9444444444444442
2015-01-15,367,360,271072492,4.661666666666668
2015-01-15,367,1217,412348655,10.723333333333334
2015-01-15,367,1218,412348655,9.9043055555555561
2015-01-15,367,152,247080950,5.5404166666666672
2015-01-15,367,153,247080950,2.8955555555555552
2015-01-15,367,360,271072765,0.94430555555555562
2015-01-15,367,358,271072765,1.0906944444444444
2015-01-15,367,359,271072765,2.0904166666666666
2015-01-15,367,143,247300350,0.20569444444444446
2015-01-15,367,144,247300350,1.0273611111111112
2015-01-15,623,60,257136640,1.1772222222222222
2015-01-15,623,-44,231327000,3.8304166666666668
2015-01-15,623,-46,231327000,1.48625
2015-01-15,623,-45,231327000,7.8306944444444442
2015-01-15,623,-45,231326000,2.3361111111111112
2015-01-15,623,-46,231326000,4.5738888888888889
2015-01-15,623,-78,231343000,3.2433333333333336
2015-01-15,623,-79,231343000,6.2272222222222231
2015-01-15,623,52,257458620,0.55833333333333335
2015-01-15,623,-44,231010000,7.0719444444444441
2015-01-15,623,-48,231010000,6.28875
2015-01-15,623,-38,231084000,0.73625
2015-01-15,623,-40,231084000,7.8306944444444442
2015-01-15,623,-48,231009000,7.8325
2015-01-15,-145,-1140,431797000,0.66916666666666669
2015-01-15,-145,-1268,441043000,3.8469444444444441
2015-01-15,-145,-1208,432881000,2.2779166666666666
2015-01-15,-145,-1222,432515000,0.61263888888888873
2015-01-15,-145,-1185,431490000,4.7166666666666668
2015-01-15,112,-170,616807000,1.2318055555555556
2015-01-15,112,-171,616807000,0.20430555555555557
2015-01-15,112,-1236,412440236,4.3963888888888887
2015-01-15,112,-1235,412440236,1.0597222222222222
2015-01-15,112,-172,273350650,1.3030555555555556
2015-01-15,368,115,247141890,4.87097222222222
2015-01-15,368,1224,412000009,0.85958333333333325
2015-01-15,368,-69,224234250,11.540138888888889
2015-01-15,368,-68,224075280,3.1950000000000003
2015-01-15,368,-67,224410130,4.9701388888888891
2015-01-15,368,-68,224015640,2.1066666666666669
2015-01-15,368,-67,224015640,1.2887499999999998
2015-01-15,368,117,247147290,0.88750000000000007
2015-01-15,368,-68,224104990,2.2056944444444446
2015-01-15,368,-73,224145440,11.155555555555555
2015-01-15,368,-72,224145440,1.0526388888888889
2015-01-15,368,-73,224045350,13.611527777777777
2015-01-15,368,-72,224085290,11.913333333333334
2015-01-15,368,115,247146030,1.6897222222222223
2015-01-15,368,-72,224116790,23.801944444444445
2015-01-15,368,-67,224162360,8.60902777777778
2015-01-15,368,-66,224162360,2.0316666666666667
2015-01-15,368,1224,412555588,3.5484722222222222
2015-01-15,368,-68,224077380,1.8036111111111111
2015-01-15,368,-67,224096580,3.6023611111111111
2015-01-15,368,-72,224046660,4.1722222222222216
2015-01-15,368,-18,224132420,1.6805555555555554
2015-01-15,368,-73,224066630,11.883194444444445
2015-01-15,368,-66,224117580,2.7127777777777773
2015-01-15,368,-67,224117580,1.2890277777777779
2015-01-15,368,308,271072080,0.6744444444444444
2015-01-15,368,-68,224033370,3.0166666666666666
2015-01-15,368,-67,224033370,0.8223611111111111
2015-01-15,368,-68,224071790,1.25125
2015-01-15,368,153,247147120,4.3008333333333324
2015-01-15,368,154,247147120,0.22916666666666669
2015-01-15,368,-68,224026480,2.7351388888888888
2015-01-15,368,-67,224026480,1.298888888888889
2015-01-15,368,130,247305840,1.2608333333333333
2015-01-15,368,1224,412320386,0.25972222222222219
2015-01-15,368,309,271072387,11.824583333333333
2015-01-15,368,308,271072387,1.3488888888888888
2015-01-15,368,143,247149190,3.9122222222222218
2015-01-15,368,-68,224100230,1.6002777777777779
2015-01-15,368,-67,224057990,0.86097222222222225
2015-01-15,368,-68,224057990,2.6955555555555555
2015-01-15,368,-73,224044170,11.681666666666667
2015-01-15,368,-73,224096140,11.556944444444444
2015-01-15,368,1228,120702604,7.6388888888888884
2015-01-15,368,144,247145870,1.0206944444444443
2015-01-15,368,143,247145870,3.1583333333333332
2015-01-15,368,-67,224174990,1.215138888888889
2015-01-15,368,-68,224174990,2.412638888888889
2015-01-15,368,-68,224065430,3.1345833333333331
2015-01-15,368,-68,224148120,2.0973611111111108
2015-01-15,368,-72,224099270,5.6516666666666664
2015-01-15,368,-73,224099270,11.204722222222223
2015-01-15,368,-67,224214990,5.0261111111111116
2015-01-15,368,-68,224214990,1.5652777777777778
2015-01-15,368,152,247145170,3.158611111111111
2015-01-15,368,-65,224252120,4.6366666666666676
2015-01-15,368,-18,224137950,11.990277777777777
2015-01-15,368,-26,224225760,2.1304166666666666
2015-01-15,368,-1219,367491040,2.3727777777777779
2015-01-15,368,1228,412283886,7.7868055555555555
2015-01-15,368,-73,224093680,0.83069444444444451
2015-01-15,368,-72,224093680,11.365277777777777
2015-01-15,368,152,247080950,0.75430555555555556
2015-01-15,368,143,247300350,7.0487499999999983
2015-01-15,624,60,257136640,1.137361111111111
2015-01-15,624,61,257112440,2.2691666666666666
2015-01-15,624,61,257445500,0.44430555555555551
2015-01-15,624,62,257445500,1.8041666666666669
2015-01-15,624,-78,231343000,7.5583333333333327
2015-01-15,624,-79,231343000,3.3469444444444445
2015-01-15,624,53,257034440,0.51138888888888889
2015-01-15,624,54,257034440,0.48166666666666663
2015-01-15,624,-47,231106000,12.444027777777777
2015-01-15,624,-44,231010000,2.34125
2015-01-15,624,-45,231010000,4.585
2015-01-15,624,-46,231105000,12.41
2015-01-15,624,-45,231009000,12.208194444444445
2015-01-15,-144,-1161,431703560,7.4179166666666676
2015-01-15,-144,-1140,431797000,0.63069444444444445
2015-01-15,-144,-1268,441043000,1.5726388888888887
2015-01-15,-144,-1208,432881000,7.3009722222222226
2015-01-15,-144,516,416083600,6.0675
2015-01-15,-144,-1222,432515000,5.2390277777777774
2015-01-15,113,-172,616807000,5.015416666666666
2015-01-15,113,-170,616807000,0.62236111111111114
2015-01-15,113,-171,616807000,2.2094444444444448
2015-01-15,113,-172,273366690,2.940833333333333
2015-01-15,113,-171,273366690,0.30513888888888885
2015-01-15,113,-1236,412440236,1.7586111111111109
2015-01-15,113,-1228,412591865,5.8388888888888886
2015-01-15,113,-172,273350650,3.5445833333333328
2015-01-15,369,-74,224106760,12.448611111111113
2015-01-15,369,-69,224135190,12.27
2015-01-15,369,-68,224135190,11.354305555555555
2015-01-15,369,-74,224078870,8.3165277777777771
2015-01-15,369,-73,224053280,0.6025
2015-01-15,369,-72,224053280,12.858472222222222
2015-01-15,369,115,247146030,0.8419444444444445
2015-01-15,369,-67,224320560,18.902500000000003
2015-01-15,369,-71,224163640,5.6409722222222225
2015-01-15,369,-18,224132420,0.63611111111111107
2015-01-15,369,271,271072600,0.14541666666666667
2015-01-15,369,272,271072600,3.3805555555555555
2015-01-15,369,153,247147120,5.5876388888888888
2015-01-15,369,154,247147120,1.1293055555555553
2015-01-15,369,130,247305840,3.6708333333333334
2015-01-15,369,273,271062137,0.22888888888888886
2015-01-15,369,-68,224138370,5.6930555555555555
2015-01-15,369,-70,224029570,8.875694444444445
2015-01-15,369,-71,224029570,2.7359722222222222
2015-01-15,369,-68,224029570,11.13486111111111
2015-01-15,369,142,247149190,3.0615277777777776
2015-01-15,369,143,247149190,0.81597222222222221
2015-01-15,369,-75,224014730,5.1701388888888893
2015-01-15,369,-74,224014730,6.8168055555555558
2015-01-15,369,139,247145630,1.2338888888888888
2015-01-15,369,130,247149480,3.1836111111111114
2015-01-15,369,128,247143370,2.7822222222222224
2015-01-15,369,-18,224137950,0.65569444444444447
2015-01-15,369,-68,224142560,3.4572222222222222
2015-01-15,369,-69,224142560,3.85375
2015-01-15,369,-68,224206830,11.338055555555554
2015-01-15,369,-70,224206830,11.367500000000001
2015-01-15,369,143,247300350,0.8272222222222223
2015-01-15,369,142,247300350,0.82680555555555557
2015-01-15,625,52,257557600,1.6377777777777776
2015-01-15,625,60,257445500,8.7418055555555547
2015-01-15,625,55,257085840,5.2618055555555552
2015-01-15,625,55,257613500,0.43861111111111112
2015-01-15,625,54,257034440,0.30138888888888887
2015-01-15,625,52,259136720,8.6906944444444427
2015-01-15,625,53,259136720,0.42236111111111113
2015-01-15,625,-47,231084000,7.8680555555555554
2015-01-15,-143,-1140,431797000,0.59652777777777777
2015-01-15,-143,-1269,441043000,2.7231944444444443
2015-01-15,-143,-1268,441043000,1.9693055555555559
2015-01-15,-143,-1208,432881000,2.4184722222222228
2015-01-15,-143,-1207,432881000,3.3768055555555558
2015-01-15,-143,-1223,432515000,3.7054166666666672
2015-01-15,114,-172,616807000,1.0711111111111111
2015-01-15,114,-171,616807000,2.0981944444444443
2015-01-15,114,-170,616807000,1.1040277777777778
2015-01-15,114,-172,273366690,1.9054166666666665
2015-01-15,114,-171,273366690,4.50902777777778
2015-01-15,114,-172,273350650,4.1447222222222226
2015-01-15,370,211,239136000,10.661527777777779
2015-01-15,370,123,247143690,1.2723611111111111
2015-01-15,370,-71,224093450,11.355
2015-01-15,370,-72,224093450,1.6833333333333333
2015-01-15,370,-73,224093450,8.3040277777777778
2015-01-15,370,-72,224077580,4.915
2015-01-15,370,128,247140880,1.2206944444444443
2015-01-15,370,127,247140880,1.4066666666666667
2015-01-15,370,129,247140880,1.2930555555555556
2015-01-15,370,-72,224083730,22.43472222222222
2015-01-15,370,-74,224078870,4.302777777777778
2015-01-15,370,139,247131670,2.2874999999999996
2015-01-15,370,137,247131670,1.9263888888888889
2015-01-15,370,138,247131670,3.7433333333333341
2015-01-15,370,138,247306520,9.188194444444445
2015-01-15,370,137,247306520,1.3055555555555556
2015-01-15,370,138,247131160,1.403888888888889
2015-01-15,370,137,247131160,10.086805555555555
2015-01-15,370,139,247131160,1.2504166666666667
2015-01-15,370,136,247140890,0.67541666666666655
2015-01-15,370,136,247030820,0.96541666666666659
2015-01-15,370,115,247146030,0.20694444444444443
2015-01-15,370,138,247142960,3.3440277777777778
2015-01-15,370,139,247142960,9.0793055555555569
2015-01-15,370,137,247142960,2.202638888888889
2015-01-15,370,135,247147570,10.473749999999999
2015-01-15,370,137,247147570,0.98875
2015-01-15,370,-72,224163640,1.015138888888889
2015-01-15,370,-73,224163640,0.43055555555555558
2015-01-15,370,138,247120440,1.8766666666666665
2015-01-15,370,137,247120440,2.6208333333333336
2015-01-15,370,138,247142970,11.662777777777777
2015-01-15,370,139,247142970,0.62055555555555553
2015-01-15,370,123,247304770,0.72722222222222221
2015-01-15,370,114,247301700,0.42236111111111113
2015-01-15,370,138,247127110,6.1965277777777779
2015-01-15,370,139,247127110,8.6530555555555573
2015-01-15,370,137,247127110,1.2898611111111111
2015-01-15,370,138,247142990,10.608749999999999
2015-01-15,370,140,247303280,0.41694444444444445
2015-01-15,370,137,247303280,2.3354166666666667
2015-01-15,370,138,247303280,3.725
2015-01-15,370,139,247303280,3.5031944444444445
2015-01-15,370,130,247305840,1.4540277777777777
2015-01-15,370,129,247305840,3.0504166666666666
2015-01-15,370,138,247144310,5.2968055555555562
2015-01-15,370,139,247144310,2.4206944444444445
2015-01-15,370,-74,224282230,15.622638888888888
2015-01-15,370,-67,224186490,11.366111111111111
2015-01-15,370,137,247140220,0.22263888888888889
2015-01-15,370,-72,224178560,11.828611111111112
2015-01-15,370,-73,224178560,8.7895833333333329
2015-01-15,370,-70,224073350,8.394861111111112
2015-01-15,370,-69,224073350,7.1161111111111106
2015-01-15,370,123,247145350,0.33166666666666667
2015-01-15,370,-73,224022920,11.234305555555556
2015-01-15,370,-72,224022920,13.029027777777776
2015-01-15,370,138,247143820,5.9668055555555553
2015-01-15,370,139,247143820,0.88375
2015-01-15,370,136,247140240,0.22486111111111112
2015-01-15,370,138,247143830,4.4006944444444436
2015-01-15,370,140,247143830,0.83125
2015-01-15,370,139,247143830,2.2906944444444441
2015-01-15,370,137,247143830,2.7779166666666666
2015-01-15,370,136,247145630,2.0981944444444443
2015-01-15,370,139,247145630,0.2026388888888889
2015-01-15,370,138,247145630,1.88
2015-01-15,370,137,247145630,3.6805555555555558
2015-01-15,370,130,247149480,3.0719444444444441
2015-01-15,370,129,247149480,1.99125
2015-01-15,370,-72,224282280,0.21930555555555556
2015-01-15,370,-71,224282280,1.2640277777777778
2015-01-15,370,271,271072179,23.329861111111114
2015-01-15,370,-73,224092340,12.920138888888888
2015-01-15,370,136,247142070,0.34541666666666665
2015-01-15,370,136,247140280,0.42625
2015-01-15,370,131,247142840,2.9458333333333337
2015-01-15,370,132,247142840,6.0044444444444451
2015-01-15,370,138,247144120,1.8516666666666666
2015-01-15,370,137,247144120,3.6525000000000007
2015-01-15,370,135,247144120,0.64152777777777781
2015-01-15,370,136,247144120,3.4401388888888893
2015-01-15,370,136,247142080,0.41930555555555554
2015-01-15,370,127,247144390,4.5601388888888881
2015-01-15,370,128,247144390,2.2136111111111108
2015-01-15,370,114,247146950,9.5475
2015-01-15,370,272,271072457,1.3498611111111112
2015-01-15,370,128,247143370,2.1934722222222223
2015-01-15,370,127,247143370,4.4827777777777778
2015-01-15,370,271,271072970,1.3824999999999998
2015-01-15,370,272,271072970,5.16125
2015-01-15,370,138,247304660,7.4847222222222225
2015-01-15,370,139,247304660,1
2015-01-15,370,270,237911000,1.5305555555555554
2015-01-15,370,269,237911000,0.225
2015-01-15,370,138,247147750,3.0125
2015-01-15,370,139,247147750,0.84277777777777785
2015-01-15,370,134,247145710,4.0683333333333334
2015-01-15,370,123,247140340,5.5468055555555553
2015-01-15,370,-72,224079860,5.7131944444444445
2015-01-15,370,-77,263407870,1.3831944444444446
2015-01-15,626,-252,251155000,3.3818055555555557
2015-01-15,626,-251,251155000,1.1111111111111112
2015-01-15,626,52,257557600,0.2113888888888889
2015-01-15,626,65,257264000,0.20958333333333334
2015-01-15,626,56,257085840,6.7551388888888875
2015-01-15,626,55,257085840,1.9136111111111109
2015-01-15,626,-74,231181000,1.7152777777777779
2015-01-15,626,-73,231181000,3.235
2015-01-15,-398,1734,512000192,11.574722222222221
2015-01-15,-398,1733,512000192,1.7377777777777776
2015-01-15,-142,-1140,431797000,0.68208333333333337
2015-01-15,-142,-1113,432924000,0.42625
2015-01-15,-142,-1112,432924000,2.00125
2015-01-15,-142,-1208,432881000,1.0409722222222222
2015-01-15,-142,514,416080500,6.9329166666666664
2015-01-15,-142,515,416083600,1.9556944444444444
2015-01-15,-142,-1223,432515000,1.7244444444444436
2015-01-15,-142,604,645089000,0.47902777777777772
2015-01-15,115,-171,616807000,1.1113888888888888
2015-01-15,115,-170,616807000,0.28277777777777779
2015-01-15,115,-171,273366690,1.9163888888888889
2015-01-15,115,-172,273366690,2.3734722222222224
2015-01-15,115,-172,273350650,0.915
2015-01-15,371,212,239136000,0.21430555555555555
2015-01-15,371,134,247147780,1.0370833333333334
2015-01-15,371,135,247147780,1.9691666666666665
2015-01-15,371,136,247147780,2.1026388888888885
2015-01-15,371,123,247143690,9.23166666666667
2015-01-15,371,124,247143690,7.8727777777777765
2015-01-15,371,126,247140880,1.7011111111111108
2015-01-15,371,129,247140880,1.1845833333333333
2015-01-15,371,130,247140880,2.3430555555555554
2015-01-15,371,127,247140880,0.49611111111111111
2015-01-15,371,113,247080210,5.0922222222222233
2015-01-15,371,112,247080210,0.77777777777777779
2015-01-15,371,136,247306520,4.1819444444444445
2015-01-15,371,137,247306520,0.21416666666666667
2015-01-15,371,137,247131160,0.36541666666666667
2015-01-15,371,135,247131160,0.23194444444444445
2015-01-15,371,136,247131160,3.685833333333334
2015-01-15,371,135,247140890,0.22347222222222224
2015-01-15,371,134,247140890,0.20652777777777778
2015-01-15,371,136,247140890,2.4756944444444442
2015-01-15,371,136,247030820,0.6677777777777778
2015-01-15,371,134,247030820,0.43875
2015-01-15,371,135,247030820,0.638888888888889
2015-01-15,371,136,247142960,5.3693055555555551
2015-01-15,371,134,247147570,1.27375
2015-01-15,371,135,247147570,2.8858333333333333
2015-01-15,371,136,247147570,1.751527777777778
2015-01-15,371,137,247120440,0.43069444444444449
2015-01-15,371,136,247120440,3.1527777777777777
2015-01-15,371,1227,800019258,1.0568055555555556
2015-01-15,371,129,247124540,0.6069444444444444
2015-01-15,371,130,247124540,5.0822222222222218
2015-01-15,371,123,247304770,4.7665277777777773
2015-01-15,371,124,247304770,11.039027777777779
2015-01-15,371,113,247301700,3.036111111111111
2015-01-15,371,114,247301700,0.20611111111111111
2015-01-15,371,137,247127110,1.6015277777777779
2015-01-15,371,120,247146060,5.387083333333333
2015-01-15,371,136,247142990,3.1043055555555554
2015-01-15,371,135,247142990,0.53319444444444453
2015-01-15,371,1227,412535636,0.89277777777777778
2015-01-15,371,136,247303280,1.2926388888888889
2015-01-15,371,137,247303280,0.95708333333333329
2015-01-15,371,129,247305840,1.1502777777777777
2015-01-15,371,134,247140210,0.83444444444444443
2015-01-15,371,136,247140210,1.5480555555555555
2015-01-15,371,135,247140210,1.235
2015-01-15,371,136,247144310,2.61375
2015-01-15,371,-73,224282230,12.133055555555556
2015-01-15,371,136,247140220,2.98375
2015-01-15,371,135,247146110,0.43694444444444447
2015-01-15,371,134,247146110,0.43638888888888888
2015-01-15,371,123,247145350,2.2811111111111111
2015-01-15,371,124,247145350,3.7120833333333336
2015-01-15,371,125,247145350,0.41527777777777775
2015-01-15,371,135,247143820,2.2904166666666668
2015-01-15,371,136,247143820,2.7684722222222224
2015-01-15,371,130,247143310,4.1501388888888888
2015-01-15,371,134,247140240,0.20958333333333334
2015-01-15,371,135,247140240,0.20583333333333331
2015-01-15,371,136,247140240,1.2884722222222222
2015-01-15,371,137,247143830,0.51402777777777775
2015-01-15,371,136,247145630,1.4822222222222221
2015-01-15,371,129,247143080,0.71944444444444444
2015-01-15,371,129,247149480,1.0141666666666667
2015-01-15,371,123,247145650,9.17361111111111
2015-01-15,371,136,247142070,0.45819444444444446
2015-01-15,371,134,247142070,1.3116666666666665
2015-01-15,371,135,247142070,1.2834722222222221
2015-01-15,371,134,247140280,0.21097222222222223
2015-01-15,371,135,247140280,0.20555555555555555
2015-01-15,371,136,247140280,1.5448611111111112
2015-01-15,371,130,247142840,1.7388888888888889
2015-01-15,371,135,247144120,2.5031944444444445
2015-01-15,371,134,247304380,1.9323611111111112
2015-01-15,371,135,247304380,6.5318055555555556
2015-01-15,371,136,247142080,0.85
2015-01-15,371,134,247142080,1.0051388888888888
2015-01-15,371,135,247142080,1.5056944444444442
2015-01-15,371,127,247144390,1.4
2015-01-15,371,126,247144390,4.1443055555555564
2015-01-15,371,113,247146950,0.64888888888888885
2015-01-15,371,127,247143370,0.64125
2015-01-15,371,126,247143370,6.9583333333333348
2015-01-15,371,269,237911000,1.2445833333333334
2015-01-15,371,270,237911000,2.1045833333333333
2015-01-15,371,136,247147750,4.745
2015-01-15,371,134,247145710,0.275
2015-01-15,371,132,247145710,0.70152777777777775
2015-01-15,371,133,247145710,5.4076388888888882
2015-01-15,371,123,247140340,16.624861111111109
2015-01-15,627,-249,251155000,6.902916666666667
2015-01-15,627,-250,251155000,1.2054166666666668
2015-01-15,627,65,259293820,1.0583333333333331
2015-01-15,627,65,257264000,1.0695833333333331
2015-01-15,627,64,257140120,0.20597222222222222
2015-01-15,-397,-566,701000778,12.182777777777778
2015-01-15,-397,1732,512000192,1.7751388888888888
2015-01-15,-141,-1159,431703560,1.0331944444444443
2015-01-15,-141,-1140,431797000,4.6170833333333334
2015-01-15,-141,-1113,432924000,0.56097222222222221
2015-01-15,-141,-1111,432924000,2.1820833333333334
2015-01-15,-141,513,416080500,4.22125
2015-01-15,-141,-1250,440933000,2.9747222222222223
2015-01-15,-141,-1249,440933000,0.12763888888888889
2015-01-15,-141,-1247,440933000,7.7209722222222217
2015-01-15,-141,-1248,440933000,1.4011111111111112
2015-01-15,-141,-1244,440933000,0.13333333333333333
2015-01-15,-141,-1196,431802000,0.92624999999999991
2015-01-15,-141,515,416083600,1.6380555555555554
2015-01-15,-141,-1223,432515000,1.5463888888888884
2015-01-15,-141,604,645089000,0.49166666666666664
2015-01-15,-141,605,645089000,5.7752777777777773
2015-01-15,372,134,247147780,0.42125
2015-01-15,372,1230,412666633,0.20055555555555554
2015-01-15,372,1229,412666633,0.30291666666666667
2015-01-15,372,126,247140880,1.7083333333333333
2015-01-15,372,113,247080210,0.23347222222222222
2015-01-15,372,111,247080210,5.0702777777777781
2015-01-15,372,112,247080210,16.649583333333329
2015-01-15,372,134,247140890,0.8504166666666666
2015-01-15,372,133,247030820,0.87402777777777785
2015-01-15,372,133,247144490,1.5373611111111112
2015-01-15,372,132,247144490,0.98625000000000007
2015-01-15,372,115,247146030,0.54722222222222228
2015-01-15,372,130,247124540,5.9472222222222229
2015-01-15,372,125,247304770,1.5002777777777778
2015-01-15,372,111,247301700,1.0105555555555557
2015-01-15,372,112,247301700,1.6891666666666665
2015-01-15,372,130,247302220,2.2108333333333334
2015-01-15,372,131,247302220,1.4958333333333333
2015-01-15,372,129,247305840,2.1051388888888889
2015-01-15,372,134,247140210,0.21527777777777779
2015-01-15,372,133,247140220,0.42500000000000004
2015-01-15,372,1227,800035708,1.0798611111111112
2015-01-15,372,133,247146110,0.90680555555555564
2015-01-15,372,-90,263416450,5.4002777777777782
2015-01-15,372,112,247142790,0.46166666666666667
2015-01-15,372,126,247145350,0.41347222222222224
2015-01-15,372,125,247145350,2.0851388888888884
2015-01-15,372,130,247143310,6.1654166666666663
2015-01-15,372,134,247140240,1.0640277777777778
2015-01-15,372,266,237370000,11.581805555555556
2015-01-15,372,1227,412568998,1.432638888888889
2015-01-15,372,129,247143080,3.5095833333333339
2015-01-15,372,130,247149480,3.6418055555555555
2015-01-15,372,124,247145650,2.939861111111111
2015-01-15,372,134,247142070,0.20513888888888887
2015-01-15,372,134,247140280,0.43069444444444444
2015-01-15,372,133,247140280,0.62611111111111117
2015-01-15,372,134,247304380,3.6887499999999998
2015-01-15,372,133,247142080,0.2013888888888889
2015-01-15,372,134,247142080,0.42944444444444441
2015-01-15,372,1227,800019396,2.2858333333333332
2015-01-15,372,126,247144390,1.0259722222222223
2015-01-15,372,126,247143370,1.0251388888888888
2015-01-15,372,1227,412551888,2.4513888888888888
2015-01-15,372,270,237911000,2.08
2015-01-15,372,128,247141610,1.1973611111111111
2015-01-15,372,129,247141610,1.0169444444444444
2015-01-15,372,127,247141610,4.5713888888888876
2015-01-15,372,132,247145710,1.0806944444444444
2015-01-15,372,1228,412016888,0.17416666666666666
2015-01-15,628,-82,231146000,9.3390277777777779
2015-01-15,628,-247,251155000,7.00125
2015-01-15,628,-246,251155000,1.5095833333333333
2015-01-15,628,66,259293820,0.41541666666666666
2015-01-15,628,65,259293820,0.88208333333333333
2015-01-15,-396,1718,512161000,13.590555555555556
2015-01-15,-140,-1085,431893000,5.8618055555555575
2015-01-15,-140,-1086,431893000,4.0218055555555559
2015-01-15,-140,-1159,431703560,6.537638888888889
2015-01-15,-140,-1111,432924000,1.4361111111111111
2015-01-15,-140,-1113,432924000,0.50430555555555556
2015-01-15,-140,513,416080500,10.468472222222221
2015-01-15,-140,-1253,441584000,3.5379166666666664
2015-01-15,-140,-1251,441584000,1.778888888888889
2015-01-15,-140,-1252,441584000,1.3594444444444447
2015-01-15,-140,-1247,441584000,3.0536111111111111
2015-01-15,-140,-1244,441584000,0.79875
2015-01-15,-140,-1249,441584000,2.4593055555555559
2015-01-15,-140,-1246,441584000,1.3470833333333334
2015-01-15,-140,-1250,441584000,1.5669444444444445
2015-01-15,-140,-1248,441584000,4.8975
2015-01-15,-140,-1245,441584000,1.2912499999999998
2015-01-15,-140,-1245,440933000,3.4111111111111105
2015-01-15,-140,-1244,440933000,1.1305555555555555
2015-01-15,-140,-1243,440933000,0.081944444444444445
2015-01-15,-140,-1250,440933000,0.77388888888888885
2015-01-15,-140,-1249,440933000,1.8694444444444442
2015-01-15,-140,-1248,440933000,0.3527777777777778
2015-01-15,-140,-1196,431802000,0.51930555555555558
2015-01-15,-140,-1197,431802000,1.3115277777777778
2015-01-15,-140,-1223,432515000,3.5252777777777777
2015-01-15,373,1262,440003840,4.1326388888888888
2015-01-15,373,129,247140360,1.1780555555555556
2015-01-15,373,130,247140360,0.45249999999999996
2015-01-15,373,151,247305480,1.4427777777777777
2015-01-15,373,126,247141140,3.4493055555555556
2015-01-15,373,125,247141140,2.3183333333333334
2015-01-15,373,128,247141140,1.6429166666666666
2015-01-15,373,127,247141140,1.3962499999999998
2015-01-15,373,151,247142180,1.873472222222222
2015-01-15,373,124,247141940,1.6638888888888888
2015-01-15,373,128,247141940,1.7668055555555555
2015-01-15,373,127,247141940,1.2468055555555555
2015-01-15,373,125,247141940,3.4766666666666666
2015-01-15,373,126,247141940,4.12625
2015-01-15,373,129,247141940,0.93055555555555547
2015-01-15,373,-94,263401270,5.1252777777777778
2015-01-15,373,-93,263401270,0.85055555555555551
2015-01-15,373,129,247124540,0.21652777777777776
2015-01-15,373,130,247124540,1.9040277777777779
2015-01-15,373,1197,800038212,0.89861111111111114
2015-01-15,373,130,247147080,0.76958333333333329
2015-01-15,373,129,247147080,0.125
2015-01-15,373,130,247302220,0.42388888888888887
2015-01-15,373,129,247302220,1.9841666666666666
2015-01-15,373,126,247140710,0.67472222222222222
2015-01-15,373,1193,412328058,2.9708333333333332
2015-01-15,373,133,247140220,0.21541666666666667
2015-01-15,373,1226,412324735,0.550138888888889
2015-01-15,373,127,247145350,1.377361111111111
2015-01-15,373,126,247145350,1.4252777777777776
2015-01-15,373,128,247145350,0.20555555555555555
2015-01-15,373,130,247143310,1.0602777777777779
2015-01-15,373,129,247143310,1.0713888888888889
2015-01-15,373,126,247144080,0.72361111111111109
2015-01-15,373,266,237370000,2.1934722222222223
2015-01-15,373,1228,412200352,0.70375
2015-01-15,373,127,247143330,1.2554166666666666
2015-01-15,373,128,247143330,0.95472222222222225
2015-01-15,373,125,247143330,4.5668055555555558
2015-01-15,373,126,247143330,2.0356944444444443
2015-01-15,373,1198,412326054,0.94361111111111118
2015-01-15,373,129,247143080,3.3083333333333331
2015-01-15,373,130,247143080,0.3651388888888889
2015-01-15,373,130,247149480,0.21916666666666668
2015-01-15,373,133,247142070,0.4513888888888889
2015-01-15,373,133,247142080,0.83041666666666669
2015-01-15,373,127,247143120,1.4595833333333332
2015-01-15,373,126,247143120,1.0655555555555556
2015-01-15,373,128,247143120,1.1470833333333332
2015-01-15,373,126,247149020,1.3030555555555556
2015-01-15,373,151,247140580,1.6151388888888887
2015-01-15,373,126,247141610,3.5391666666666666
2015-01-15,373,248,237654000,0.83041666666666669
2015-01-15,373,1227,412016888,0.26125
2015-01-15,373,151,247141630,1.6784722222222221
2015-01-15,629,-515,331184000,8.68625
2015-01-15,629,-514,331184000,12.347222222222221
2015-01-15,-395,1733,512000192,8.9666666666666668
2015-01-15,-395,1718,512161000,4.5170833333333338
2015-01-15,-139,-1085,431893000,0.62958333333333327
2015-01-15,-139,-1086,431893000,1.2333333333333332
2015-01-15,-139,616,416002885,5.8722222222222218
2015-01-15,-139,-1113,432924000,0.50555555555555565
2015-01-15,-139,-1110,432924000,1.3819444444444442
2015-01-15,-139,-1111,432924000,0.661111111111111
2015-01-15,-139,-1197,431802000,0.56930555555555562
2015-01-15,-139,-1196,431802000,1.2747222222222221
2015-01-15,-139,-1195,431802000,0.58194444444444449
2015-01-15,-139,515,416083600,9.0755555555555567
2015-01-15,-139,-1241,440782000,4.2116666666666669
2015-01-15,-139,-1099,432374000,4.172361111111111
2015-01-15,-139,-1252,440246000,3.5806944444444446
2015-01-15,-139,-1249,440246000,3.1820833333333334
2015-01-15,-139,-1251,440246000,1.0330555555555554
2015-01-15,-139,-1250,440246000,1.6795833333333332
2015-01-15,374,128,247140360,0.86388888888888893
2015-01-15,374,128,247145230,0.12111111111111111
2015-01-15,374,115,247143440,0.75944444444444448
2015-01-15,374,241,237599000,4.6509722222222223
2015-01-15,374,242,237599000,1.4391666666666669
2015-01-15,374,240,237599000,1.7304166666666667
2015-01-15,374,-94,263401270,0.926111111111111
2015-01-15,374,128,247140410,0.20847222222222223
2015-01-15,374,129,247140410,0.4004166666666667
2015-01-15,374,-10,224027970,0.95847222222222228
2015-01-15,374,-9,224027970,4.4581944444444446
2015-01-15,374,-13,224241730,1.2776388888888888
2015-01-15,374,-12,224241730,1.2415277777777778
2015-01-15,374,-10,224241730,0.62805555555555559
2015-01-15,374,-11,224241730,0.82069444444444439
2015-01-15,374,128,247140420,2.8936111111111114
2015-01-15,374,130,247140420,1.2584722222222222
2015-01-15,374,129,247140420,3.7023611111111108
2015-01-15,374,127,247140420,1.9461111111111113
2015-01-15,374,129,247141960,4.12625
2015-01-15,374,126,247141960,4.67625
2015-01-15,374,127,247141960,3.6134722222222222
2015-01-15,374,126,247149670,5.6398611111111112
2015-01-15,374,128,247149670,5.0866666666666669
2015-01-15,374,128,247142250,1.4220833333333334
2015-01-15,374,129,247142250,0.23236111111111113
2015-01-15,374,127,247142250,1.1990277777777778
2015-01-15,374,126,247142250,0.75277777777777777
2015-01-15,374,130,247041390,1.1819444444444445
2015-01-15,374,-10,224089260,1.5402777777777779
2015-01-15,374,-13,224194230,9.51763888888889
2015-01-15,374,-11,224064450,1.0362500000000001
2015-01-15,374,1191,412868297,13.869999999999997
2015-01-15,374,127,247149020,3.4629166666666666
2015-01-15,374,105,247147510,7.9636111111111108
2015-01-15,374,106,247147510,10.475694444444445
2015-01-15,630,-84,231146000,11.643194444444443
2015-01-15,630,-239,251062110,2.30125
2015-01-15,630,-203,251344000,2.3343055555555554
2015-01-15,630,-202,251344000,2.7031944444444438
2015-01-15,630,-212,251129000,0.679861111111111
2015-01-15,630,-213,251129000,0.26222222222222225
2015-01-15,630,-202,251427000,0.87069444444444444
2015-01-15,630,-203,251427000,1.0341666666666667
2015-01-15,630,71,257096140,1.8981944444444445
2015-01-15,630,70,257096140,1.943611111111111
2015-01-15,-394,-567,701000778,12.657361111111111
2015-01-15,-138,-1086,431893000,1.0334722222222221
2015-01-15,-138,-1085,431893000,0.59138888888888885
2015-01-15,-138,-1247,440733000,11.22013888888889
2015-01-15,-138,-1110,432924000,4.1598611111111108
2015-01-15,-138,-1113,432924000,0.48486111111111108
2015-01-15,-138,-1196,431802000,2.1406944444444447
2015-01-15,-138,-1195,431802000,5.0325
2015-01-15,-138,515,416083600,3.8634722222222222
2015-01-15,-138,610,645089000,12.974444444444446
2015-01-15,375,-10,224090120,5.08388888888889
2015-01-15,375,-11,224090120,1.6466666666666665
2015-01-15,375,116,247143440,1.0529166666666667
2015-01-15,375,240,237599000,2.43875
2015-01-15,375,-94,263401270,1.3744444444444444
2015-01-15,375,116,247309110,3.0887499999999997
2015-01-15,375,117,247309110,1.0608333333333333
2015-01-15,375,-9,224027970,2.4156944444444441
2015-01-15,375,-10,224027970,1.5487499999999998
2015-01-15,375,-12,224241730,1.2148611111111109
2015-01-15,375,-11,224241730,0.83833333333333337
2015-01-15,375,-10,224241730,0.85097222222222224
2015-01-15,375,242,241063000,1.1302777777777777
2015-01-15,375,241,241063000,10.639583333333334
2015-01-15,375,-4,224088940,4.15125
2015-01-15,375,125,247145370,5.7277777777777779
2015-01-15,375,-12,224089260,4.0152777777777775
2015-01-15,375,-11,224089260,2.3116666666666661
2015-01-15,375,-12,224064450,5.0461111111111112
2015-01-15,375,-11,224064450,4.3094444444444457
2015-01-15,375,-10,224126930,2.7388888888888885
2015-01-15,375,-11,224126930,1.7091666666666667
2015-01-15,375,-9,224084460,1.9522222222222221
2015-01-15,375,-10,224084460,3.803055555555555
2015-01-15,375,106,247147510,2.3281944444444442
2015-01-15,631,-244,251156000,12.39013888888889
2015-01-15,631,-244,251062110,3.6527777777777777
2015-01-15,631,-181,251083110,3.8181944444444444
2015-01-15,631,-179,251083110,1.5415277777777776
2015-01-15,631,-204,251034000,1.0331944444444445
2015-01-15,631,-208,251034000,0.87319444444444438
2015-01-15,631,-205,251034000,0.86111111111111116
2015-01-15,631,-209,251034000,0.82527777777777789
2015-01-15,631,-207,251034000,0.77333333333333343
2015-01-15,631,-210,251034000,3.2998611111111109
2015-01-15,631,-206,251034000,0.60152777777777777
2015-01-15,631,-218,251129000,0.21152777777777779
2015-01-15,631,-222,251129000,7.3479166666666664
2015-01-15,631,-217,251129000,0.84138888888888874
2015-01-15,631,-223,251129000,0.7525
2015-01-15,631,-214,251129000,1.0340277777777778
2015-01-15,631,-216,251129000,0.83916666666666662
2015-01-15,631,-215,251129000,0.80972222222222223
2015-01-15,631,-213,251129000,1.8797222222222223
2015-01-15,631,-212,251129000,0.58680555555555558
2015-01-15,631,-220,251129000,0.20319444444444446
2015-01-15,631,-219,251129000,0.42194444444444446
2015-01-15,631,-221,251129000,1.1980555555555557
2015-01-15,631,-214,251011000,0.8125
2015-01-15,631,-219,251011000,1.1109722222222222
2015-01-15,631,-216,251011000,1.4691666666666667
2015-01-15,631,-220,251011000,0.920138888888889
2015-01-15,631,-213,251011000,1.2193055555555556
2015-01-15,631,-217,251011000,1.5241666666666669
2015-01-15,631,-212,251011000,1.4274999999999998
2015-01-15,631,-218,251011000,2.0983333333333336
2015-01-15,631,-215,251011000,0.41513888888888889
2015-01-15,631,-221,251011000,1.2558333333333334
2015-01-15,631,-202,251427000,1.2249999999999999
2015-01-15,631,-203,251427000,3.4963888888888883
2015-01-15,-137,-1086,431893000,5.669722222222223
2015-01-15,-137,-1085,431893000,0.69847222222222227
2015-01-15,-137,-1248,440733000,10.657083333333334
2015-01-15,-137,-1100,431613000,2.5626388888888889
2015-01-15,-137,-1114,432924000,0.10958333333333334
2015-01-15,-137,-1113,432924000,0.51777777777777778
2015-01-15,-137,-1241,440782000,9.8043055555555565
2015-01-15,-137,-1096,431022000,0.62263888888888885
2015-01-15,-137,-1097,431022000,2.3236111111111111
2015-01-15,-137,-1093,431022000,0.51236111111111116
2015-01-15,-137,-1092,431022000,0.48499999999999993
2015-01-15,-137,-1094,431022000,0.54555555555555557
2015-01-15,-137,-1095,431022000,0.38750000000000007
2015-01-15,120,-313,431855000,5.7293055555555554
2015-01-15,376,116,247143440,0.48972222222222217
2015-01-15,376,240,237599000,4.5894444444444451
2015-01-15,376,239,237599000,4.116944444444445
2015-01-15,376,-94,263401270,0.92541666666666667
2015-01-15,376,117,247309110,6.67236111111111
2015-01-15,376,118,247309110,0.65041666666666664
2015-01-15,376,116,247309110,2.3884722222222221
2015-01-15,376,1216,415091028,5.5327777777777776
2015-01-15,376,241,241063000,1.5331944444444443
2015-01-15,376,242,241063000,1.1040277777777776
2015-01-15,376,1221,800037229,0.1373611111111111
2015-01-15,376,1225,800025462,5.2520833333333332
2015-01-15,376,1226,800025462,3.7179166666666665
2015-01-15,376,1221,800036229,0.95819444444444446
2015-01-15,376,1214,412836266,0.22069444444444442
2015-01-15,376,1215,412213702,1.5013888888888887
2015-01-15,376,1214,412213702,0.23805555555555558
2015-01-15,376,1216,412213702,0.21277777777777779
2015-01-15,376,231,237014000,0.33611111111111114
2015-01-15,376,232,237014000,5.5223611111111115
2015-01-15,632,-221,251310110,0.94680555555555557
2015-01-15,632,-220,251310110,1.3698611111111112
2015-01-15,632,-242,251156000,7.0986111111111114
2015-01-15,632,-190,251331110,0.20833333333333331
2015-01-15,632,-188,251331110,6.1083333333333352
2015-01-15,632,-189,251331110,1.2727777777777778
2015-01-15,632,-220,251383110,6.9998611111111133
2015-01-15,632,-242,251164000,4.1683333333333339
2015-01-15,632,-177,251083110,7.0655555555555551
2015-01-15,632,-203,251034000,0.80541666666666667
2015-01-15,632,-202,251034000,0.81430555555555562
2015-01-15,632,-201,251034000,0.40958333333333335
2015-01-15,632,-220,251230110,0.51763888888888887
2015-01-15,632,-221,251230110,4.0105555555555554
2015-01-15,632,-215,251011000,1.4816666666666667
2015-01-15,632,-216,251011000,1.0911111111111111
2015-01-15,632,-214,251011000,0.61930555555555555
2015-01-15,632,-213,251011000,0.40055555555555555
2015-01-15,632,-203,251427000,0.20694444444444443
2015-01-15,632,84,257177340,0.29472222222222222
2015-01-15,-136,-1085,431893000,3.3130555555555556
2015-01-15,-136,-1102,431613000,2.4709722222222217
2015-01-15,-136,-1101,431613000,4.4283333333333328
2015-01-15,-136,-1100,431613000,0.6375
2015-01-15,-136,-1114,432924000,0.6184722222222222
2015-01-15,-136,-1107,432346000,2.4918055555555556
2015-01-15,-136,-1195,431802000,2.205138888888889
2015-01-15,-136,-1240,440782000,3.5844444444444439
2015-01-15,-136,-1092,431022000,0.52027777777777784
2015-01-15,-136,-1091,431022000,0.17652777777777778
2015-01-15,-136,-1251,440045000,0.9308333333333334
2015-01-15,-136,-1246,440045000,0.24555555555555553
2015-01-15,-136,-1248,440045000,3.4073611111111108
2015-01-15,-136,-1247,440045000,1.2931944444444445
2015-01-15,-136,-1250,440045000,0.665138888888889
2015-01-15,-136,-1249,440045000,0.51791666666666669
2015-01-15,-136,-1099,432374000,2.6020833333333333
2015-01-15,377,241,237374000,1.5958333333333334
2015-01-15,377,-94,263401270,1.3205555555555555
2015-01-15,377,117,247309110,0.67069444444444448
2015-01-15,377,102,247142460,8.1069444444444443
2015-01-15,377,101,247142460,6.2611111111111111
2015-01-15,377,1216,415091028,8.4933333333333376
2015-01-15,377,-6,224027550,1.4694444444444446
2015-01-15,377,236,237540000,1.0359722222222223
2015-01-15,377,1214,412836266,5.009166666666669
2015-01-15,377,244,237027000,11.597222222222223
2015-01-15,377,243,237027000,0.61763888888888885
2015-01-15,377,1216,412213702,0.21263888888888888
2015-01-15,377,1214,412213702,4.7393055555555552
2015-01-15,377,243,240429000,1.3970833333333335
2015-01-15,377,242,240429000,1.7891666666666666
2015-01-15,377,244,240429000,0.3223611111111111
2015-01-15,377,241,240429000,0.31958333333333333
2015-01-15,377,243,237506000,1.0429166666666667
2015-01-15,377,242,237506000,2.8916666666666666
2015-01-15,377,-7,224168930,10.287916666666666
2015-01-15,377,-6,224168930,0.4836111111111111
2015-01-15,377,232,237014000,5.4454166666666666
2015-01-15,377,233,237014000,2.1166666666666667
2015-01-15,377,-6,224072690,1.5634722222222224
2015-01-15,633,-219,251310110,4.09375
2015-01-15,633,-220,251310110,3.5576388888888886
2015-01-15,633,-241,251156000,1.5459722222222223
2015-01-15,633,-190,251331110,0.4226388888888889
2015-01-15,633,-189,251331110,5.38111111111111
2015-01-15,633,-188,251331110,6.1208333333333345
2015-01-15,633,-220,251383110,0.4525
2015-01-15,633,-221,251383110,0.93875
2015-01-15,633,-245,251062110,3.6693055555555558
2015-01-15,633,-243,251164000,8.6144444444444446
2015-01-15,633,82,257412800,4.9951388888888886
2015-01-15,633,81,257412800,0.8768055555555555
2015-01-15,633,82,257161420,0.44638888888888889
2015-01-15,633,81,257161420,0.25222222222222224
2015-01-15,633,-218,251254000,1.8723611111111111
2015-01-15,633,-219,251254000,2.0391666666666666
2015-01-15,633,-217,251254000,1.6138888888888889
2015-01-15,-391,1724,512001926,0.6709722222222223
2015-01-15,-135,628,416004168,6.94986111111111
2015-01-15,-135,629,416004168,3.8381944444444445
2015-01-15,-135,-1101,431613000,1.1834722222222223
2015-01-15,-135,-1100,431613000,0.49138888888888888
2015-01-15,-135,-1102,431613000,1.2788888888888892
2015-01-15,-135,-1114,432924000,5.9420833333333345
2015-01-15,-135,-1249,440645000,5.2891666666666666
2015-01-15,-135,-1248,440645000,0.49430555555555555
2015-01-15,-135,-1107,432346000,0.82791666666666675
2015-01-15,-135,-1195,431802000,1.5495833333333333
2015-01-15,-135,-1239,440782000,1.5334722222222223
2015-01-15,-135,-1090,431022000,4.4459722222222222
2015-01-15,-135,-1091,431022000,0.66708333333333336
2015-01-15,-135,-1250,440045000,3.3163888888888886
2015-01-15,-135,-1251,440045000,5.099444444444444
2015-01-15,-135,-1099,432374000,0.6711111111111111
2015-01-15,378,1217,412324617,0.94555555555555548
2015-01-15,378,1218,412324617,2.9501388888888891
2015-01-15,378,-6,224162840,2.1081944444444445
2015-01-15,378,1212,412005678,3.2901388888888889
2015-01-15,378,243,237374000,0.83208333333333329
2015-01-15,378,242,237374000,1.6922222222222223
2015-01-15,378,-95,263401270,0.20208333333333334
2015-01-15,378,-94,263401270,0.87472222222222218
2015-01-15,378,101,247142460,6.0880555555555551
2015-01-15,378,-7,224044370,2.1643055555555559
2015-01-15,378,-7,224154730,11.815416666666668
2015-01-15,378,1211,900900213,3.4897222222222219
2015-01-15,378,90,247307130,1.0081944444444444
2015-01-15,378,91,247307130,7.47375
2015-01-15,378,-6,224027550,4.1611111111111114
2015-01-15,378,235,237540000,4.153194444444444
2015-01-15,378,234,237540000,3.9783333333333335
2015-01-15,378,233,237540000,1.4740277777777775
2015-01-15,378,236,237540000,3.2783333333333338
2015-01-15,378,243,237027000,0.51666666666666661
2015-01-15,378,244,237027000,0.93333333333333335
2015-01-15,378,244,240429000,2.2209722222222221
2015-01-15,378,90,247146450,0.70597222222222222
2015-01-15,378,-6,224168930,0.22736111111111112
2015-01-15,378,-7,224168930,1.2912500000000002
2015-01-15,378,250,237654000,1.3845833333333335
2015-01-15,378,235,237526000,11.190833333333332
2015-01-15,378,236,237526000,3.9769444444444439
2015-01-15,378,234,237526000,0.20555555555555555
2015-01-15,378,-6,224072690,3.7443055555555564
2015-01-15,634,-221,251383110,1.1983333333333333
2015-01-15,634,-247,251062110,1.5970833333333334
2015-01-15,634,-216,251136110,0.20555555555555555
2015-01-15,634,-218,251136110,1.4670833333333335
2015-01-15,634,-217,251136110,2.5740277777777778
2015-01-15,634,-390,257466000,3.2893055555555559
2015-01-15,634,-392,257466000,11.367777777777777
2015-01-15,634,-391,257466000,1.2156944444444446
2015-01-15,634,-393,257466000,5.1845833333333333
2015-01-15,634,-215,251230110,0.40652777777777777
2015-01-15,634,-214,251230110,0.20291666666666666
2015-01-15,634,82,257161420,0.22180555555555556
2015-01-15,634,81,257161420,0.76763888888888887
2015-01-15,634,-216,251254000,2.7772222222222229
2015-01-15,634,-215,251254000,1.2473611111111109
2015-01-15,634,-219,251254000,0.54125
2015-01-15,-134,-1249,440788000,5.172361111111111
2015-01-15,-134,624,416004168,3.7311111111111117
2015-01-15,-134,625,416004168,8.875694444444445
2015-01-15,-134,-1101,431613000,0.19194444444444442
2015-01-15,-134,-1102,431613000,1.3540277777777769
2015-01-15,-134,-1100,431613000,0.72625000000000006
2015-01-15,-134,-1107,432346000,0.47375
2015-01-15,-134,-1108,432346000,0.085833333333333331
2015-01-15,-134,-1195,431802000,0.89083333333333325
2015-01-15,-134,-1194,431802000,0.34680555555555559
2015-01-15,-134,-1240,440782000,2.8933333333333331
2015-01-15,-134,-1239,440782000,0.72444444444444445
2015-01-15,-134,-1091,431022000,0.41930555555555554
2015-01-15,-134,-1090,431022000,0.95833333333333337
2015-01-15,-134,-1098,431022000,2.6506944444444445
2015-01-15,-134,-1251,440045000,2.0470833333333336
2015-01-15,-134,-1099,432374000,0.75263888888888875
2015-01-15,123,-174,663092000,3.1693055555555558
2015-01-15,123,-175,663092000,5.604166666666667
2015-01-15,379,-7,224191750,2.8272222222222219
2015-01-15,379,241,237610000,1.3819444444444444
2015-01-15,379,-6,224162840,5.5180555555555566
2015-01-15,379,-7,224100120,7.3247222222222206
2015-01-15,379,243,237374000,1.1306944444444444
2015-01-15,379,-95,263401270,1.7222222222222223
2015-01-15,379,-94,263401270,1.8316666666666666
2015-01-15,379,121,247140920,1.2856944444444443
2015-01-15,379,242,237618000,2.95625
2015-01-15,379,240,237618000,0.6413888888888889
2015-01-15,379,243,237618000,11.408194444444444
2015-01-15,379,-7,224044370,4.1826388888888895
2015-01-15,379,-7,224177240,5.8755555555555556
2015-01-15,379,267,271069033,0.7369444444444444
2015-01-15,379,268,271069033,1.9812500000000002
2015-01-15,379,210,237382000,0.87486111111111109
2015-01-15,379,211,237382000,1.0508333333333333
2015-01-15,379,1419,431700348,1.5247222222222223
2015-01-15,379,-6,224055940,0.22222222222222221
2015-01-15,379,210,237914000,0.8123611111111112
2015-01-15,379,211,237914000,0.82805555555555554
2015-01-15,379,210,240314000,0.8668055555555555
2015-01-15,379,-7,224333460,4.353472222222222
2015-01-15,379,-7,224156570,4.4554166666666672
2015-01-15,379,-6,224027550,3.7926388888888884
2015-01-15,379,-7,224151990,3.2526388888888893
2015-01-15,379,-7,224138680,1.6880555555555556
2015-01-15,379,244,240419000,0.43638888888888888
2015-01-15,379,210,237155000,1.07875
2015-01-15,379,-7,224215230,0.86486111111111108
2015-01-15,379,211,240120000,3.11375
2015-01-15,379,210,240120000,1.8899999999999997
2015-01-15,379,-7,224022730,5.6270833333333332
2015-01-15,379,240,240802000,0.41125
2015-01-15,379,241,240802000,16.110694444444444
2015-01-15,379,-7,224131820,4.5559722222222216
2015-01-15,379,250,237654000,0.75
2015-01-15,379,-6,224072690,1.9586111111111109
2015-01-15,635,80,258027020,0.21083333333333332
2015-01-15,635,79,258027020,1.5719444444444446
2015-01-15,635,-221,251383110,0.64222222222222225
2015-01-15,635,-246,251062110,1.8377777777777777
2015-01-15,635,80,927852,1.3393055555555557
2015-01-15,635,79,927852,2.1143055555555557
2015-01-15,635,-221,251136110,4.9552777777777779
2015-01-15,635,-217,251136110,1.3337499999999998
2015-01-15,635,-218,251136110,1.7951388888888888
2015-01-15,635,-219,251136110,1.9702777777777776
2015-01-15,635,-220,251136110,1.8629166666666666
2015-01-15,635,80,257026440,1.8626388888888887
2015-01-15,635,79,257026440,0.22708333333333333
2015-01-15,635,-215,251230110,0.20111111111111113
2015-01-15,635,-380,259565000,6.3052777777777784
2015-01-15,635,-215,251254000,0.85444444444444445
2015-01-15,-133,-1276,441374000,0.31236111111111109
2015-01-15,-133,-1278,441374000,5.8633333333333342
2015-01-15,-133,-1277,441374000,1.0165277777777777
2015-01-15,-133,-1279,441374000,3.8594444444444442
2015-01-15,-133,-1100,431613000,0.71555555555555561
2015-01-15,-133,-1108,432346000,3.0388888888888892
2015-01-15,-133,-1194,431802000,1.3683333333333334
2015-01-15,-133,-1185,431663000,2.6916666666666669
2015-01-15,-133,-1186,431663000,3.5751388888888891
2015-01-15,-133,-1098,431022000,1.3527777777777776
2015-01-15,-133,-1251,440045000,1.4625
2015-01-15,-133,-1099,432374000,0.65013888888888882
2015-01-15,124,-174,663092000,3.5365277777777777
2015-01-15,124,-175,663092000,4.7881944444444429
2015-01-15,124,-176,663092000,0.86944444444444446
2015-01-15,124,-1665,431704110,1.5791666666666668
2015-01-15,124,-1666,431704110,1.7999999999999998
2015-01-15,124,-1667,431704110,4.1788888888888893
2015-01-15,380,114,247143430,9.2763888888888886
2015-01-15,380,-6,224162840,0.23375
2015-01-15,380,211,237535000,0.21388888888888891
2015-01-15,380,210,237535000,1.4970833333333331
2015-01-15,380,-91,263402280,0.85125
2015-01-15,380,-5,224177460,1.9504166666666665
2015-01-15,380,-95,263401270,0.41388888888888886
2015-01-15,380,-5,224055870,4.3454166666666669
2015-01-15,380,-4,224055870,3.9986111111111109
2015-01-15,380,-7,224044370,1.1620833333333334
2015-01-15,380,266,271069033,10.459583333333333
2015-01-15,380,267,271069033,1.6070833333333332
2015-01-15,380,210,237446000,1.2766666666666666
2015-01-15,380,211,237382000,0.20916666666666667
2015-01-15,380,210,237382000,2.9729166666666673
2015-01-15,380,1191,412328048,0.67486111111111113
2015-01-15,380,1419,431700348,1.5127777777777776
2015-01-15,380,209,237914000,2.5611111111111109
2015-01-15,380,208,237914000,0.88458333333333339
2015-01-15,380,210,237914000,3.8129166666666667
2015-01-15,380,210,240314000,1.6469444444444445
2015-01-15,380,-3,224093360,4.8444444444444441
2015-01-15,380,244,240419000,2.2320833333333332
2015-01-15,380,210,237155000,2.3626388888888892
2015-01-15,380,210,240120000,1.6844444444444444
2015-01-15,380,211,240120000,1.9212500000000001
2015-01-15,380,240,240802000,0.30305555555555558
2015-01-15,380,96,247150290,1.8506944444444444
2015-01-15,380,1191,800037077,0.40375
2015-01-15,380,-90,263265000,3.4906944444444443
2015-01-15,380,-89,263265000,0.41236111111111107
2015-01-15,380,125,247146220,0.50444444444444447
2015-01-15,380,123,247141870,1.3291666666666666
2015-01-15,380,124,247141870,0.21375
2015-01-15,636,-245,251062110,1.8530555555555555
2015-01-15,636,-165,251228000,0.61430555555555555
2015-01-15,636,-164,251228000,7.0495833333333335
2015-01-15,636,-172,251228000,3.6206944444444447
2015-01-15,636,-171,251228000,1.5091666666666668
2015-01-15,636,-377,259023000,3.67625
2015-01-15,636,-206,251428000,0.66555555555555557
2015-01-15,636,-207,251428000,0.65166666666666662
2015-01-15,636,-223,251848640,0.42
2015-01-15,636,-222,251848640,0.63680555555555551
2015-01-15,636,-380,259565000,13.244583333333333
2015-01-15,636,-224,251761110,11.87305555555556
2015-01-15,636,90,257138420,0.43763888888888891
2015-01-15,636,89,257138420,0.42069444444444443
2015-01-15,-132,-1136,431424000,2.6787500000000004
2015-01-15,-132,-1135,431424000,0.69152777777777763
2015-01-15,-132,-1284,441374000,1.6163888888888887
2015-01-15,-132,-1282,441374000,3.2179166666666665
2015-01-15,-132,-1285,441374000,0.92222222222222228
2015-01-15,-132,-1283,441374000,1.6970833333333335
2015-01-15,-132,-1100,431613000,0.525138888888889
2015-01-15,-132,-1217,432914000,0.42097222222222225
2015-01-15,-132,-1108,432346000,1.9818055555555554
2015-01-15,-132,-1107,432346000,0.11236111111111111
2015-01-15,-132,-1105,432346000,4.2779166666666661
2015-01-15,-132,-1106,432346000,0.26958333333333334
2015-01-15,-132,-1284,441018000,3.1597222222222219
2015-01-15,-132,-1194,431802000,3.7456944444444442
2015-01-15,-132,-1186,431663000,5.6802777777777775
2015-01-15,-132,-1098,431022000,1.1615277777777779
2015-01-15,-132,-1252,440045000,3.5404166666666668
2015-01-15,-132,-1099,432374000,0.42777777777777781
2015-01-15,125,-174,663092000,0.65236111111111117
2015-01-15,125,-175,663092000,2.8052777777777775
2015-01-15,125,-1664,431704110,9.58083333333333
2015-01-15,125,-169,663134000,1.5072222222222222
2015-01-15,381,213,240234000,4.8876388888888895
2015-01-15,381,210,237535000,1.3820833333333331
2015-01-15,381,216,237566000,0.65263888888888888
2015-01-15,381,209,237566000,0.851111111111111
2015-01-15,381,215,237566000,1.4802777777777778
2015-01-15,381,0,224082230,2.5779166666666669
2015-01-15,381,2,224082230,3.5733333333333333
2015-01-15,381,-1,224082230,0.71638888888888885
2015-01-15,381,150,247149630,0.20569444444444446
2015-01-15,381,-4,224055870,0.37083333333333335
2015-01-15,381,-5,224055870,0.23194444444444445
2015-01-15,381,-3,224055870,0.76736111111111116
2015-01-15,381,130,247141190,8.79125
2015-01-15,381,-3,224259150,1.077638888888889
2015-01-15,381,213,239132000,1.6449999999999998
2015-01-15,381,0,224306530,0.56388888888888888
2015-01-15,381,135,247143780,1.5262499999999999
2015-01-15,381,134,247144560,3.6238888888888887
2015-01-15,381,210,237446000,0.627361111111111
2015-01-15,381,212,237446000,4.801111111111112
2015-01-15,381,211,237446000,2.3141666666666665
2015-01-15,381,211,237382000,3.5402777777777783
2015-01-15,381,210,237382000,0.61236111111111113
2015-01-15,381,212,237382000,4.4361111111111109
2015-01-15,381,1185,412328048,0.31638888888888889
2015-01-15,381,1419,431700348,1.4537499999999999
2015-01-15,381,209,237914000,2.1236111111111113
2015-01-15,381,126,247143070,6.8916666666666657
2015-01-15,381,125,247143070,2.3194444444444446
2015-01-15,381,210,237155000,1.0515277777777778
2015-01-15,381,211,237155000,1.5179166666666664
2015-01-15,381,212,237155000,0.80388888888888888
2015-01-15,381,215,240707000,1.4597222222222221
2015-01-15,381,216,240707000,1.2773611111111112
2015-01-15,381,134,247280830,5.6873611111111106
2015-01-15,381,215,237464000,1.233888888888889
2015-01-15,381,212,237464000,2.725
2015-01-15,381,216,237464000,0.83472222222222225
2015-01-15,381,211,240120000,2.5330555555555554
2015-01-15,381,212,240120000,5.6712500000000006
2015-01-15,381,210,240120000,0.20986111111111111
2015-01-15,381,-3,224007640,5.0358333333333327
2015-01-15,381,-2,224007640,1.1727777777777779
2015-01-15,381,-119,204236000,0.65138888888888891
2015-01-15,381,-118,204236000,0.64277777777777778
2015-01-15,381,128,247302370,7.2709722222222215
2015-01-15,381,129,247302370,5.4009722222222223
2015-01-15,381,125,247146220,5.6199999999999992
2015-01-15,381,126,247146220,0.64708333333333334
2015-01-15,381,-2,224092140,1.1852777777777779
2015-01-15,381,130,247149040,0.23736111111111111
2015-01-15,637,-227,251140110,3.5477777777777781
2015-01-15,637,-228,251140110,2.0184722222222224
2015-01-15,637,-167,251438110,1.6523611111111112
2015-01-15,637,-166,251438110,3.7859722222222221
2015-01-15,637,-141,251054110,7.0620833333333337
2015-01-15,637,-140,251054110,2.3055555555555554
2015-01-15,637,-142,251054110,4.5911111111111111
2015-01-15,637,-213,251319110,0.21402777777777776
2015-01-15,637,-216,251319110,0.24027777777777776
2015-01-15,637,-214,251319110,1.058472222222222
2015-01-15,637,-215,251319110,0.96944444444444433
2015-01-15,637,-210,251809110,0.20500000000000002
2015-01-15,637,-244,251062110,1.2248611111111112
2015-01-15,637,-164,251228000,0.20277777777777778
2015-01-15,637,-165,251228000,2.8598611111111114
2015-01-15,637,-227,251723110,4.3100000000000005
2015-01-15,637,-226,251723110,2.8926388888888885
2015-01-15,637,-220,251296110,3.6543055555555553
2015-01-15,637,-221,251296110,4.42125
2015-01-15,637,-218,251253110,2.8352777777777778
2015-01-15,637,-217,251253110,4.8719444444444457
2015-01-15,637,-219,251253110,1.4169444444444446
2015-01-15,637,-224,251754110,5.8831944444444426
2015-01-15,637,-223,251754110,2.4395833333333337
2015-01-15,637,-225,251754110,1.7443055555555558
2015-01-15,637,-223,251847570,0.4211111111111111
2015-01-15,637,-222,251847570,12.506388888888885
2015-01-15,637,-388,259023000,7.3666666666666671
2015-01-15,637,-377,259023000,3.0777777777777779
2015-01-15,637,-389,259023000,3.4845833333333331
2015-01-15,637,-387,259023000,2.672361111111111
2015-01-15,637,-211,251428000,4.4187499999999993
2015-01-15,637,-210,251428000,0.20958333333333334
2015-01-15,637,-207,251428000,1.1797222222222223
2015-01-15,637,-262,251219110,0.22986111111111113
2015-01-15,637,-264,251790000,1.0491666666666666
2015-01-15,637,-263,251790000,0.86166666666666658
2015-01-15,637,-216,251533240,1.4980555555555557
2015-01-15,637,-223,251848640,6.6029166666666663
2015-01-15,637,-222,251848640,4.0506944444444448
2015-01-15,637,-379,259565000,2.2804166666666665
2015-01-15,637,-224,251761110,0.35583333333333333
2015-01-15,637,-225,251840470,8.14097222222222
2015-01-15,637,-224,251840470,2.5836111111111109
2015-01-15,637,-216,251494110,2.0112500000000004
2015-01-15,637,-209,251468000,0.41652777777777777
2015-01-15,637,-212,251468000,2.5252777777777777
2015-01-15,637,-211,251468000,0.21236111111111111
2015-01-15,637,-210,251468000,1.0386111111111112
2015-01-15,637,-208,251468000,2.3597222222222225
2015-01-15,637,-226,251301110,0.20472222222222222
2015-01-15,637,-222,251847670,2.1608333333333332
2015-01-15,637,-223,251847670,8.3427777777777781
2015-01-15,-387,483,432927000,8.0877777777777773
2015-01-15,-131,-1135,431424000,0.65541666666666665
2015-01-15,-131,-1216,432468000,2.7694444444444444
2015-01-15,-131,-1217,432468000,0.45111111111111113
2015-01-15,-131,-1100,431613000,0.50388888888888883
2015-01-15,-131,-1217,432914000,3.1405555555555562
2015-01-15,-131,-1108,432346000,1.3602777777777777
2015-01-15,-131,-1106,432346000,0.69847222222222216
2015-01-15,-131,-1107,432346000,0.5723611111111111
2015-01-15,-131,-1280,441018000,3.9780555555555557
2015-01-15,-131,-1284,441018000,0.5838888888888889
2015-01-15,-131,-1098,431022000,0.49027777777777776
2015-01-15,-131,-1097,431022000,0.50708333333333333
2015-01-15,-131,-1099,432374000,0.63777777777777778
2015-01-15,382,1204,412286208,10.755416666666667
2015-01-15,382,1205,412286209,2.277916666666667
2015-01-15,382,1204,412286209,2.7538888888888886
2015-01-15,382,1204,412286213,5.6294444444444443
2015-01-15,382,213,240234000,1.6440277777777779
2015-01-15,382,-1,224006930,2.5972222222222219
2015-01-15,382,0,224006930,1.5276388888888888
2015-01-15,382,1204,412286227,15.050555555555556
2015-01-15,382,1204,412286484,3.4304166666666669
2015-01-15,382,1204,412286243,2.3823611111111109
2015-01-15,382,-89,263402280,2.7179166666666665
2015-01-15,382,212,237566000,1.7086111111111109
2015-01-15,382,211,237566000,1.8895833333333334
2015-01-15,382,213,237566000,0.41833333333333333
2015-01-15,382,215,237566000,0.4044444444444445
2015-01-15,382,209,237566000,3.9859722222222231
2015-01-15,382,214,237566000,1.8856944444444446
2015-01-15,382,210,237566000,1.8822222222222225
2015-01-15,382,131,247146550,5.8023611111111117
2015-01-15,382,130,247146550,5.3462500000000013
2015-01-15,382,1181,800019517,1.5541666666666667
2015-01-15,382,150,247149630,5.9247222222222229
2015-01-15,382,-4,224267590,1.1169444444444445
2015-01-15,382,214,237383000,1.707916666666667
2015-01-15,382,217,237383000,0.64375
2015-01-15,382,216,237383000,3.4056944444444444
2015-01-15,382,215,237383000,3.988611111111112
2015-01-15,382,213,239132000,3.1970833333333339
2015-01-15,382,1,224306530,0.32097222222222221
2015-01-15,382,208,237457000,2.282083333333333
2015-01-15,382,209,237457000,2.6870833333333328
2015-01-15,382,222,237329000,0.40541666666666665
2015-01-15,382,224,237329000,1.1262500000000002
2015-01-15,382,225,237329000,0.23333333333333334
2015-01-15,382,4,224143980,0.24305555555555558
2015-01-15,382,211,237446000,1.4558333333333331
2015-01-15,382,212,237446000,3.1561111111111111
2015-01-15,382,213,237446000,1.6669444444444443
2015-01-15,382,211,237382000,1.4683333333333333
2015-01-15,382,212,237382000,1.3559722222222221
2015-01-15,382,-4,224237690,2.0126388888888886
2015-01-15,382,1419,431700348,1.691527777777778
2015-01-15,382,216,237445000,5.2459722222222211
2015-01-15,382,215,237445000,1.4801388888888889
2015-01-15,382,217,237445000,0.63319444444444439
2015-01-15,382,209,237914000,2.184166666666667
2015-01-15,382,211,237914000,0.68027777777777776
2015-01-15,382,210,237914000,1.3125
2015-01-15,382,215,237444000,3.6738888888888885
2015-01-15,382,216,237444000,5.7636111111111115
2015-01-15,382,1212,413615008,2.705138888888889
2015-01-15,382,1211,413615008,2.5619444444444448
2015-01-15,382,-2,224135340,2.1627777777777775
2015-01-15,382,-1,224135340,3.2765277777777779
2015-01-15,382,-3,224074680,2.97625
2015-01-15,382,213,237155000,1.8063888888888888
2015-01-15,382,212,237155000,5.203611111111111
2015-01-15,382,211,237155000,2.9194444444444438
2015-01-15,382,217,240707000,0.64236111111111116
2015-01-15,382,213,240707000,4.18375
2015-01-15,382,215,240707000,0.31236111111111109
2015-01-15,382,216,240707000,4.3338888888888887
2015-01-15,382,214,240707000,1.5916666666666668
2015-01-15,382,2,224072890,2.29375
2015-01-15,382,-3,224139450,3.6070833333333332
2015-01-15,382,-4,224139450,0.89847222222222212
2015-01-15,382,212,237464000,2.5181944444444442
2015-01-15,382,215,237464000,0.41347222222222219
2015-01-15,382,216,237464000,0.42208333333333331
2015-01-15,382,213,237464000,6.1908333333333339
2015-01-15,382,214,237464000,2.7613888888888893
2015-01-15,382,-310,204856000,1.0166666666666666
2015-01-15,382,211,240120000,1.7113888888888891
2015-01-15,382,212,240120000,0.26236111111111116
2015-01-15,382,-3,224265670,2.8386111111111108
2015-01-15,382,-4,224265670,0.67236111111111119
2015-01-15,382,-2,224007640,1.6731944444444444
2015-01-15,382,131,247302360,3.705
2015-01-15,382,132,247302360,1.0870833333333334
2015-01-15,382,130,247302360,5.2218055555555569
2015-01-15,382,129,247302360,1.4956944444444444
2015-01-15,382,-4,224265690,2.3919444444444444
2015-01-15,382,-95,263500263,0.27333333333333332
2015-01-15,382,-96,263500263,1.85
2015-01-15,382,-266,204204780,4.9359722222222233
2015-01-15,382,-267,204204780,0.62666666666666671
2015-01-15,382,129,247149040,4.8126388888888894
2015-01-15,382,131,247149040,1.8630555555555557
2015-01-15,382,130,247149040,3.9961111111111109
2015-01-15,382,1204,412286194,0.41805555555555557
2015-01-15,382,1205,412286194,0.43208333333333337
2015-01-15,638,-228,251140110,1.515138888888889
2015-01-15,638,-229,251789110,0.62861111111111112
2015-01-15,638,-213,251319110,0.21138888888888888
2015-01-15,638,-210,251809110,1.4725000000000001
2015-01-15,638,-211,251809110,4.9498611111111108
2015-01-15,638,-212,251809110,1.5077777777777777
2015-01-15,638,-243,251062110,0.90402777777777776
2015-01-15,638,-225,251723110,0.21777777777777779
2015-01-15,638,-227,251723110,0.68069444444444449
2015-01-15,638,-226,251723110,1.2552777777777777
2015-01-15,638,-220,251296110,1.3495833333333334
2015-01-15,638,-218,251253110,0.32152777777777775
2015-01-15,638,-224,251754110,0.67
2015-01-15,638,-222,251847570,0.2375
2015-01-15,638,-228,251081110,1.4195833333333332
2015-01-15,638,-388,259023000,0.7725
2015-01-15,638,-228,251283110,4.1231944444444455
2015-01-15,638,-262,251219110,1.1172222222222221
2015-01-15,638,-264,251219110,2.359861111111111
2015-01-15,638,-263,251219110,10.927916666666665
2015-01-15,638,-264,251790000,2.8220833333333335
2015-01-15,638,-216,251533240,1.25
2015-01-15,638,-211,251361740,5.7580555555555559
2015-01-15,638,-210,251361740,1.9686111111111111
2015-01-15,638,-216,251494110,0.22222222222222221
2015-01-15,638,-228,251504110,3.7718055555555554
2015-01-15,638,-226,251301110,0.6791666666666667
2015-01-15,638,-225,251301110,1.9695833333333335
2015-01-15,638,-222,251847670,0.86986111111111108
2015-01-15,638,-223,251847670,0.85777777777777775
2015-01-15,-386,483,432927000,3.6262499999999998
2015-01-15,-386,894,412440372,12.436805555555557
2015-01-15,-386,893,412440372,12.455555555555556
2015-01-15,-386,900,412440373,10.902083333333332
2015-01-15,-130,-1139,431424000,2.8504166666666673
2015-01-15,-130,-1135,431424000,0.39458333333333334
2015-01-15,-130,-1217,432468000,0.12666666666666665
2015-01-15,-130,-1219,432468000,0.36222222222222222
2015-01-15,-130,-1218,432468000,0.54569444444444448
2015-01-15,-130,-1100,431613000,0.68749999999999989
2015-01-15,-130,-1217,432914000,0.14430555555555555
2015-01-15,-130,-1218,432914000,0.48722222222222222
2015-01-15,-130,-1106,432346000,0.55236111111111108
2015-01-15,-130,-1107,432346000,0.59583333333333344
2015-01-15,-130,-1108,432346000,1.3316666666666663
2015-01-15,-130,-1280,441018000,1.1472222222222224
2015-01-15,-130,-1281,441018000,0.62805555555555559
2015-01-15,-130,-1284,441018000,0.66013888888888872
2015-01-15,-130,-1185,431663000,0.86555555555555541
2015-01-15,-130,-1097,431022000,3.4584722222222219
2015-01-15,-130,-1099,432374000,0.68194444444444435
2015-01-15,-130,872,431700210,2.3431944444444448
2015-01-15,127,-1259,412693340,17.542361111111113
2015-01-15,383,1205,412286208,4.3209722222222222
2015-01-15,383,1204,412286209,7.8725000000000005
2015-01-15,383,1204,412286213,13.511805555555553
2015-01-15,383,-1,224006930,2.880555555555556
2015-01-15,383,0,224006930,1.3598611111111112
2015-01-15,383,1204,412286227,1.2913888888888889
2015-01-15,383,1203,412286484,1.5090277777777776
2015-01-15,383,1204,412286484,3.4020833333333336
2015-01-15,383,1204,412286243,6.5854166666666671
2015-01-15,383,157,247134010,3.8473611111111117
2015-01-15,383,-3,224267590,1.9312500000000001
2015-01-15,383,-4,224267590,3.8934722222222224
2015-01-15,383,216,237383000,2.5456944444444445
2015-01-15,383,-2,224306530,2.3156944444444445
2015-01-15,383,-1,224014440,4.6308333333333334
2015-01-15,383,209,237457000,3.3226388888888896
2015-01-15,383,208,237457000,2.0680555555555551
2015-01-15,383,223,237329000,3.7283333333333339
2015-01-15,383,222,237329000,3.061805555555555
2015-01-15,383,224,237329000,2.2318055555555554
2015-01-15,383,4,224143980,0.89083333333333337
2015-01-15,383,209,237222000,0.21430555555555555
2015-01-15,383,-3,224237690,0.63180555555555551
2015-01-15,383,-4,224237690,3.6568055555555556
2015-01-15,383,216,237445000,3.2002777777777776
2015-01-15,383,217,237445000,0.62638888888888888
2015-01-15,383,215,237445000,0.81402777777777768
2015-01-15,383,-95,263269000,1.6554166666666665
2015-01-15,383,-94,263269000,0.21347222222222223
2015-01-15,383,210,237914000,1.0918055555555557
2015-01-15,383,209,237914000,1.0431944444444445
2015-01-15,383,1204,800016021,2.0386111111111109
2015-01-15,383,1205,800016021,2.6798611111111112
2015-01-15,383,216,237444000,1.8754166666666663
2015-01-15,383,1212,413615008,1.3562500000000002
2015-01-15,383,1211,413615008,0.55847222222222226
2015-01-15,383,0,224135340,2.8538888888888891
2015-01-15,383,-2,224135340,1.1430555555555557
2015-01-15,383,1178,412286385,7.8716666666666661
2015-01-15,383,-2,224074680,1.6622222222222223
2015-01-15,383,-1,224074680,3.2440277777777777
2015-01-15,383,-3,224074680,0.25013888888888891
2015-01-15,383,216,240707000,3.3979166666666663
2015-01-15,383,217,240707000,0.41916666666666669
2015-01-15,383,-4,224139450,0.63819444444444451
2015-01-15,383,-4,224265670,1.5373611111111112
2015-01-15,383,-3,224265670,2.8762499999999998
2015-01-15,383,258,237805000,5.3445833333333335
2015-01-15,383,259,237805000,2.658611111111111
2015-01-15,383,257,237805000,6.0752777777777789
2015-01-15,383,155,247144660,4.3455555555555554
2015-01-15,383,-4,224265690,2.3122222222222226
2015-01-15,383,-3,224265690,2.8930555555555553
2015-01-15,383,157,247131370,0.87055555555555564
2015-01-15,383,155,247130860,6.5465277777777775
2015-01-15,383,2,224182770,4.5897222222222229
2015-01-15,383,1204,412286194,3.1525
2015-01-15,383,262,271072503,0.83694444444444449
2015-01-15,639,-228,251364110,4.3247222222222224
2015-01-15,639,-229,251789110,0.8602777777777777
2015-01-15,639,-261,251026000,3.1284722222222228
2015-01-15,639,-262,251026000,0.84680555555555559
2015-01-15,639,-260,251026000,0.20569444444444446
2015-01-15,639,-230,251269000,0.85472222222222227
2015-01-15,639,98,257235600,1.5
2015-01-15,639,-228,251081110,2.6516666666666664
2015-01-15,639,-136,251049110,1.3923611111111112
2015-01-15,639,-135,251049110,0.82611111111111113
2015-01-15,639,-264,251219110,1.5101388888888891
2015-01-15,639,-263,251219110,4.6802777777777775
2015-01-15,639,-265,251219110,0.61416666666666664
2015-01-15,639,-266,251790000,3.4816666666666665
2015-01-15,639,-136,251143110,1.914722222222222
2015-01-15,639,-137,251143110,1.6918055555555553
2015-01-15,639,-138,251143110,0.62277777777777776
2015-01-15,639,-229,251590110,4.7633333333333328
2015-01-15,639,-229,251504110,3.5068055555555553
2015-01-15,639,-228,251504110,0.20541666666666666
2015-01-15,639,-262,251318000,3.63875
2015-01-15,-385,484,432927000,0.98888888888888893
2015-01-15,-385,483,432927000,4.9529166666666669
2015-01-15,-385,895,412440373,11.652083333333334
2015-01-15,-129,-1139,431424000,1.1415277777777779
2015-01-15,-129,-1135,431424000,0.591388888888889
2015-01-15,-129,-1219,432468000,0.69055555555555559
2015-01-15,-129,-1100,431613000,0.83333333333333348
2015-01-15,-129,874,431700560,8.5165277777777781
2015-01-15,-129,873,431700560,3.0922222222222224
2015-01-15,-129,-1218,432914000,0.57805555555555554
2015-01-15,-129,-1108,432346000,3.0431944444444445
2015-01-15,-129,-1286,441018000,0.094305555555555545
2015-01-15,-129,-1281,441018000,1.7423611111111106
2015-01-15,-129,-1285,441018000,0.68180555555555566
2015-01-15,-129,-1282,441018000,2.8826388888888888
2015-01-15,-129,-1284,441018000,0.8388888888888888
2015-01-15,-129,-1185,431663000,0.69597222222222233
2015-01-15,-129,-1099,432374000,0.51750000000000007
2015-01-15,-129,873,431700210,0.64291666666666658
2015-01-15,-129,872,431700210,0.16652777777777777
2015-01-15,384,-1,224305940,0.51430555555555557
2015-01-15,384,-2,224305940,5.3098611111111111
2015-01-15,384,157,247134010,3.1694444444444443
2015-01-15,384,158,247134010,2.1225
2015-01-15,384,159,247134010,0.44055555555555553
2015-01-15,384,-4,224267590,0.65958333333333341
2015-01-15,384,-3,224267590,1.9431944444444449
2015-01-15,384,1217,412205405,3.2615277777777778
2015-01-15,384,-2,224306530,0.43319444444444444
2015-01-15,384,208,237457000,0.65430555555555547
2015-01-15,384,209,237457000,1.2672222222222222
2015-01-15,384,209,237222000,8.5751388888888886
2015-01-15,384,1211,800031863,1.4113888888888888
2015-01-15,384,1212,800031863,2.7765277777777779
2015-01-15,384,1213,800031863,3.3436111111111111
2015-01-15,384,-3,224237690,1.7069444444444444
2015-01-15,384,158,247131770,1.0954166666666665
2015-01-15,384,1217,412205443,4.1075
2015-01-15,384,158,247130010,0.63777777777777778
2015-01-15,384,159,247130010,0.45416666666666672
2015-01-15,384,-2,224074680,0.81097222222222232
2015-01-15,384,-2,224139450,3.3988888888888886
2015-01-15,384,-4,224139450,0.41152777777777777
2015-01-15,384,-3,224139450,1.4465277777777776
2015-01-15,384,-543,224472000,4.8152777777777782
2015-01-15,384,-542,224472000,4.21125
2015-01-15,384,1213,412702405,0.78583333333333338
2015-01-15,384,-3,224265670,1.3015277777777778
2015-01-15,384,-2,224265670,0.21694444444444444
2015-01-15,384,1216,412201671,0.77125
2015-01-15,384,1215,412201671,1.7063888888888892
2015-01-15,384,258,237805000,3.0251388888888897
2015-01-15,384,257,237805000,0.20694444444444443
2015-01-15,384,259,237805000,0.61916666666666664
2015-01-15,384,156,247144660,2.8051388888888891
2015-01-15,384,155,247144660,4.3120833333333337
2015-01-15,384,-3,224265690,1.7170833333333333
2015-01-15,384,156,247131370,0.43902777777777779
2015-01-15,384,158,247131370,0.42791666666666667
2015-01-15,384,157,247131370,5.8609722222222222
2015-01-15,384,156,247130860,0.42208333333333331
2015-01-15,384,155,247130860,7.197222222222222
2015-01-15,384,1216,412211189,1.6694444444444443
2015-01-15,384,1215,412211189,2.692361111111111
2015-01-15,640,-229,251588110,0.67902777777777779
2015-01-15,640,-157,251065110,1.6368055555555556
2015-01-15,640,-161,251438110,1.9448611111111112
2015-01-15,640,-160,251438110,0.885
2015-01-15,640,-261,251026000,1.4341666666666664
2015-01-15,640,-259,251026000,1.1270833333333332
2015-01-15,640,-260,251026000,2.04
2015-01-15,640,-161,251057000,2.7609722222222226
2015-01-15,640,-160,251057000,0.60375
2015-01-15,640,98,257631600,0.73722222222222222
2015-01-15,640,-230,251269000,1.2766666666666668
2015-01-15,640,-134,251049110,2.3725
2015-01-15,640,-131,251049110,1.693888888888889
2015-01-15,640,-133,251049110,2.3481944444444443
2015-01-15,640,-132,251049110,0.75083333333333324
2015-01-15,640,-527,331428000,0.40986111111111112
2015-01-15,640,-528,331428000,4.1370833333333339
2015-01-15,640,-268,251790000,1.5293055555555555
2015-01-15,640,-133,251143110,2.498472222222222
2015-01-15,640,-132,251143110,0.21125
2015-01-15,640,-136,251143110,0.4244444444444444
2015-01-15,640,-134,251143110,2.5399999999999996
2015-01-15,640,-135,251143110,1.9670833333333331
2015-01-15,640,-260,251318000,5.5095833333333335
2015-01-15,640,-261,251318000,1.5179166666666668
2015-01-15,-384,484,432927000,0.29291666666666666
2015-01-15,-384,483,432927000,0.60375
2015-01-15,-128,-1135,431424000,0.55861111111111117
2015-01-15,-128,-1139,431424000,1.2295833333333328
2015-01-15,-128,-1219,432468000,0.70430555555555563
2015-01-15,-128,-1216,432468000,2.3390277777777775
2015-01-15,-128,-1099,431613000,5.0929166666666665
2015-01-15,-128,-1218,432914000,0.68097222222222231
2015-01-15,-128,-1217,432914000,2.894166666666667
2015-01-15,-128,872,432282000,2.543194444444445
2015-01-15,-128,873,432282000,0.315
2015-01-15,-128,-1185,431663000,0.6873611111111112
2015-01-15,-128,-1099,432374000,5.1393055555555556
2015-01-15,-128,874,431700210,0.7125
2015-01-15,-128,875,431700210,0.16819444444444445
2015-01-15,129,-172,663134000,0.20694444444444443
2015-01-15,385,0,224233730,12.387083333333333
2015-01-15,385,-1,224305940,3.6343055555555552
2015-01-15,385,1216,412055081,0.65791666666666671
2015-01-15,385,1215,412055081,2.6770833333333335
2015-01-15,385,1233,412211264,0.13305555555555557
2015-01-15,385,1230,800036417,0.65194444444444444
2015-01-15,385,1231,800036417,6.5261111111111108
2015-01-15,385,1217,412205405,0.46666666666666667
2015-01-15,385,261,237809000,10.622499999999999
2015-01-15,385,209,237222000,8.0126388888888886
2015-01-15,385,0,224323960,4.950972222222223
2015-01-15,385,-1,224323960,0.21958333333333332
2015-01-15,385,1,224323960,5.74875
2015-01-15,385,159,247131770,0.46666666666666667
2015-01-15,385,158,247131770,0.65722222222222215
2015-01-15,385,157,247131770,1.5234722222222223
2015-01-15,385,1,224127360,5.6069444444444443
2015-01-15,385,1217,412205443,1.1181944444444445
2015-01-15,385,-93,263500177,4.3125
2015-01-15,385,262,237519000,0.86944444444444446
2015-01-15,385,261,237519000,4.3943055555555555
2015-01-15,385,157,247130010,2.1931944444444444
2015-01-15,385,159,247130010,0.21666666666666667
2015-01-15,385,-1,224054950,7.2516666666666669
2015-01-15,385,-542,224472000,4.3718055555555555
2015-01-15,385,-99,263341000,2.7079166666666663
2015-01-15,385,-100,263341000,0.20013888888888889
2015-01-15,385,1215,412201672,4.7222222222222223
2015-01-15,385,1216,412201672,1.9454166666666668
2015-01-15,385,-95,263410890,3.4997222222222222
2015-01-15,385,16,224048850,7.0331944444444439
2015-01-15,385,14,224048860,1.3340277777777776
2015-01-15,385,87,247150060,0.53763888888888889
2015-01-15,385,86,247150060,8.1294444444444434
2015-01-15,385,1216,412211189,3.0313888888888889
2015-01-15,641,101,257220620,5.5666666666666664
2015-01-15,641,100,257220620,3.3280555555555553
2015-01-15,641,-229,251588110,2.4251388888888887
2015-01-15,641,-230,251588110,0.48486111111111108
2015-01-15,641,-527,331209000,4.5998611111111112
2015-01-15,641,-526,331209000,4.5744444444444454
2015-01-15,641,-261,251026000,0.64958333333333329
2015-01-15,641,99,257631600,0.46513888888888888
2015-01-15,641,100,257631600,0.22513888888888889
2015-01-15,641,102,257235600,3.2738888888888886
2015-01-15,641,-130,251049110,1.0826388888888889
2015-01-15,641,-129,251049110,5.263472222222223
2015-01-15,641,-128,251049110,0.61472222222222217
2015-01-15,641,-529,331428000,1.2513888888888887
2015-01-15,641,-528,331428000,0.6151388888888889
2015-01-15,641,-269,251790000,3.8236111111111111
2015-01-15,641,-131,251143110,1.7840277777777778
2015-01-15,641,-133,251143110,0.2697222222222222
2015-01-15,-127,-1135,431424000,0.575
2015-01-15,-127,-1139,431424000,1.245972222222222
2015-01-15,-127,-1136,431424000,0.55833333333333335
2015-01-15,-127,-1137,431424000,4.941527777777778
2015-01-15,-127,-1219,432468000,0.68472222222222212
2015-01-15,-127,-1216,432468000,1.8352777777777776
2015-01-15,-127,-1218,432914000,0.66055555555555556
2015-01-15,-127,-1217,432914000,1.8743055555555552
2015-01-15,-127,874,432282000,0.68069444444444449
2015-01-15,-127,873,432282000,0.32097222222222221
2015-01-15,-127,-1185,431663000,0.67916666666666659
2015-01-15,-127,-841,730050000,0.42361111111111116
2015-01-15,-127,875,431700210,1.5368055555555553
2015-01-15,-127,874,431700210,3.306111111111111
2015-01-15,-127,876,431700210,0.37069444444444444
2015-01-15,130,-172,663134000,0.81291666666666673
2015-01-15,130,-177,224387000,2.0377777777777775
2015-01-15,130,-301,431927000,0.40625
2015-01-15,130,-300,431927000,3.3666666666666671
2015-01-15,130,-305,431927000,1.902222222222222
2015-01-15,130,-304,431927000,2.9698611111111108
2015-01-15,130,-303,431927000,4.2286111111111113
2015-01-15,130,-302,431927000,0.59652777777777777
2015-01-15,386,1,224233730,17.273194444444442
2015-01-15,386,2,224139290,2.6143055555555557
2015-01-15,386,1,224139290,1.9661111111111111
2015-01-15,386,1,224145180,4.9105555555555549
2015-01-15,386,95,247050530,0.57777777777777772
2015-01-15,386,1178,800011814,5.9847222222222225
2015-01-15,386,1178,110898998,6.7405555555555559
2015-01-15,386,13,224222790,0.66375
2015-01-15,386,1213,412125015,0.91847222222222225
2015-01-15,386,1212,412125015,3.8388888888888886
2015-01-15,386,1180,400286568,2.2477777777777779
2015-01-15,386,157,247131770,3.8630555555555559
2015-01-15,386,158,247130750,0.89458333333333351
2015-01-15,386,-266,204203650,2.1066666666666665
2015-01-15,386,-267,204203650,3.6415277777777781
2015-01-15,386,261,237519000,6.0656944444444445
2015-01-15,386,262,237519000,3.0718055555555552
2015-01-15,386,259,237519000,3.1668055555555554
2015-01-15,386,157,247130010,4.5761111111111115
2015-01-15,386,156,247130010,1.0805555555555557
2015-01-15,386,1180,412283549,7.1633333333333331
2015-01-15,386,1180,412283553,13.651666666666667
2015-01-15,386,0,224054950,2.1530555555555555
2015-01-15,386,1,224054950,3.2336111111111108
2015-01-15,386,157,247131320,6.0166666666666666
2015-01-15,386,156,247131320,0.61652777777777779
2015-01-15,386,158,247131320,2.5655555555555556
2015-01-15,386,-542,224472000,3.2350000000000003
2015-01-15,386,-99,263341000,7.803472222222223
2015-01-15,386,-96,263410890,0.62222222222222223
2015-01-15,386,-95,263410890,2.3108333333333331
2015-01-15,386,1178,110706891,5.9459722222222222
2015-01-15,386,1178,413703115,3.5348611111111117
2015-01-15,386,1178,412286155,7.5024999999999986
2015-01-15,386,1178,412286157,13.549722222222224
2015-01-15,386,1177,412286157,1.0333333333333334
2015-01-15,386,15,224021710,3.36125
2015-01-15,386,13,224021710,3.8329166666666663
2015-01-15,386,1213,412322003,4.709027777777778
2015-01-15,386,1178,412286168,3.6319444444444446
2015-01-15,386,1180,412284134,17.163472222222225
2015-01-15,386,88,247150060,0.2072222222222222
2015-01-15,386,87,247150060,1.825
2015-01-15,386,259,237206000,4.5370833333333334
2015-01-15,386,262,237206000,1.3643055555555554
2015-01-15,386,261,237206000,4.7275
2015-01-15,386,1214,412201206,6.0558333333333332
2015-01-15,386,9,224140280,1.1023611111111111
2015-01-15,386,8,224140280,2.169861111111111
2015-01-15,386,-100,204267000,1.2001388888888889
2015-01-15,386,266,271008508,11.708611111111111
2015-01-15,642,-526,331209000,0.62430555555555556
2015-01-15,642,-527,331209000,3.51375
2015-01-15,642,-128,251049110,0.54694444444444446
2015-01-15,642,-147,251086000,10.428055555555559
2015-01-15,642,-148,251086000,4.1909722222222223
2015-01-15,642,-128,251143110,1.3116666666666668
2015-01-15,642,-129,251143110,1.2352777777777777
2015-01-15,-382,-743,725000970,4.450277777777778
2015-01-15,-126,-1139,431424000,4.6829166666666673
2015-01-15,-126,-1135,431424000,1.0041666666666667
2015-01-15,-126,-1216,432468000,2.02125
2015-01-15,-126,-1219,432468000,0.711111111111111
2015-01-15,-126,-1217,432914000,2.5876388888888888
2015-01-15,-126,-1218,432914000,0.58305555555555555
2015-01-15,-126,875,432282000,1.0172222222222222
2015-01-15,-126,874,432282000,2.9488888888888889
2015-01-15,-126,-1185,431663000,5.4195833333333336
2015-01-15,-126,-1249,440900000,12.151111111111112
2015-01-15,-126,-841,730050000,6.1891666666666652
2015-01-15,-126,876,431700210,4.810138888888889
2015-01-15,-126,875,431700210,0.325
2015-01-15,-126,877,431700210,0.36513888888888885
2015-01-15,-126,874,431700980,0.30722222222222223
2015-01-15,-126,873,431700980,0.661111111111111
2015-01-15,-126,872,431700980,0.37736111111111109
2015-01-15,131,-172,247118400,8.969444444444445
2015-01-15,131,-173,247118400,12.963194444444447
2015-01-15,131,-177,224387000,4.8979166666666671
2015-01-15,131,-305,431927000,0.35444444444444445
2015-01-15,131,-306,431927000,0.59555555555555562
2015-01-15,131,-307,431927000,5.0250000000000021
2015-01-15,387,1231,412202752,0.47194444444444444
2015-01-15,387,1220,412205572,12.609444444444442
2015-01-15,387,1231,412204049,0.73222222222222222
2015-01-15,387,1232,412204049,1.1829166666666666
2015-01-15,387,1177,412286481,0.5345833333333333
2015-01-15,387,1177,412068888,7.5088888888888894
2015-01-15,387,2,224139290,0.99986111111111109
2015-01-15,387,1179,412284191,3.0380555555555553
2015-01-15,387,1178,412284191,2.434166666666667
2015-01-15,387,1232,412200225,0.44458333333333333
2015-01-15,387,1231,412200225,0.79666666666666663
2015-01-15,387,1231,412200226,0.50263888888888886
2015-01-15,387,96,247050530,2.1934722222222218
2015-01-15,387,1232,412200229,4.794027777777778
2015-01-15,387,1178,800011814,14.903888888888886
2015-01-15,387,1178,110703143,1.5390277777777777
2015-01-15,387,1178,110898998,11.951666666666663
2015-01-15,387,1208,412205622,0.47541666666666671
2015-01-15,387,4,224057930,0.25013888888888891
2015-01-15,387,1218,412201303,2.4011111111111112
2015-01-15,387,1220,412180569,7.3311111111111114
2015-01-15,387,1220,412205407,0.88888888888888884
2015-01-15,387,1218,412201581,2.20125
2015-01-15,387,1208,412205421,0.40916666666666668
2015-01-15,387,1177,412286574,1.6561111111111109
2015-01-15,387,1178,412286574,0.28375
2015-01-15,387,1176,412286574,0.38402777777777775
2015-01-15,387,1221,412205423,1.4015277777777777
2015-01-15,387,1220,412205423,10.318472222222223
2015-01-15,387,1178,412283516,8.6372222222222241
2015-01-15,387,1179,412283516,4.4905555555555559
2015-01-15,387,158,247130750,2.9743055555555555
2015-01-15,387,157,247130750,3.3170833333333332
2015-01-15,387,1231,412203653,0.12736111111111112
2015-01-15,387,1218,412201626,2.9575
2015-01-15,387,1178,412325278,1.7947222222222223
2015-01-15,387,1220,412205473,12.598055555555556
2015-01-15,387,158,247130280,1.0859722222222223
2015-01-15,387,159,247130280,4.4013888888888886
2015-01-15,387,160,247130280,1.7875
2015-01-15,387,161,247130290,0.43486111111111109
2015-01-15,387,160,247130290,0.42777777777777776
2015-01-15,387,158,247131320,0.673611111111111
2015-01-15,387,15,224078780,2.4704166666666665
2015-01-15,387,1177,412325567,13.498888888888889
2015-01-15,387,-542,224472000,3.7623611111111108
2015-01-15,387,1224,905115075,1.9645833333333333
2015-01-15,387,-99,263341000,1.7248611111111112
2015-01-15,387,1178,110706891,15.409583333333334
2015-01-15,387,1177,413703115,0.25680555555555551
2015-01-15,387,1178,413703115,17.59875
2015-01-15,387,1178,412286155,13.895833333333334
2015-01-15,387,1178,412286157,6.896527777777778
2015-01-15,387,1178,412286159,19.887361111111108
2015-01-15,387,1177,412286159,1.5713888888888889
2015-01-15,387,161,247130320,0.63069444444444445
2015-01-15,387,1178,412286162,7.9073611111111095
2015-01-15,387,1178,412286165,5.2293055555555563
2015-01-15,387,1178,412286168,13.990833333333333
2015-01-15,387,1177,412286171,0.96708333333333341
2015-01-15,387,1178,412286171,2.7751388888888893
2015-01-15,387,1217,412201437,1.1661111111111111
2015-01-15,387,1218,412201437,1.4654166666666666
2015-01-15,387,1179,412284131,11.928055555555554
2015-01-15,387,1178,811021797,21.47666666666667
2015-01-15,387,2,224220650,0.56222222222222218
2015-01-15,387,87,247150060,0.22527777777777777
2015-01-15,387,9,224140280,2.0476388888888888
2015-01-15,387,1217,412200447,0.605
2015-01-15,643,-245,251221000,6.0959722222222226
2015-01-15,643,-377,258057000,6.2984722222222222
2015-01-15,643,-379,258057000,9.5377777777777766
2015-01-15,643,-380,258057000,5.1945833333333331
2015-01-15,643,-527,331209000,1.0308333333333333
2015-01-15,643,-526,331209000,0.41958333333333331
2015-01-15,643,-239,251226000,1.5106944444444446
2015-01-15,643,-146,251086000,1.0595833333333333
2015-01-15,643,-147,251086000,5.564166666666666
2015-01-15,643,-148,251086000,0.20166666666666666
2015-01-15,643,-377,259683000,4.9181944444444454
2015-01-15,643,-381,259683000,2.87625
2015-01-15,643,-380,259683000,1.5430555555555556
2015-01-15,643,-378,259683000,8.4223611111111119
2015-01-15,643,-128,251143110,1.9831944444444445
2015-01-15,643,-127,251143110,3.0531944444444443
2015-01-15,643,-380,257153500,7.0820833333333333
2015-01-15,643,-379,257153500,8.0665277777777789
2015-01-15,-381,1740,512415000,3.7097222222222221
2015-01-15,-125,-1216,432468000,0.23847222222222222
2015-01-15,-125,-1219,432468000,4.8640277777777783
2015-01-15,-125,-1215,432468000,4.1136111111111111
2015-01-15,-125,-1217,432914000,8.40375
2015-01-15,-125,875,432282000,0.94597222222222221
2015-01-15,-125,876,432282000,5.6531944444444449
2015-01-15,-125,877,432282000,0.2401388888888889
2015-01-15,-125,-1249,440900000,4.8851388888888891
2015-01-15,-125,877,431700210,0.39180555555555552
2015-01-15,-125,878,431700210,0.6777777777777777
2015-01-15,-125,874,431700980,3.9691666666666676
2015-01-15,-125,875,431700980,0.53180555555555553
2015-01-15,-125,873,431700980,0.72097222222222213
2015-01-15,132,-177,224387000,1.3902777777777777
2015-01-15,132,-176,224387000,0.57666666666666666
2015-01-15,388,1231,412202752,0.28902777777777777
2015-01-15,388,1179,412388098,8.2343055555555562
2015-01-15,388,1180,412388098,0.65861111111111115
2015-01-15,388,1209,412201218,8.186805555555555
2015-01-15,388,1209,412226569,2.6758333333333333
2015-01-15,388,1209,412205577,7.3598611111111119
2015-01-15,388,1209,412021003,12.086944444444445
2015-01-15,388,1208,412021003,7.375
2015-01-15,388,1209,412202766,2.7927777777777778
2015-01-15,388,1209,412201233,6.1395833333333334
2015-01-15,388,1232,412204049,5.3797222222222221
2015-01-15,388,1231,412204049,3.6148611111111109
2015-01-15,388,1209,412205586,0.70027777777777778
2015-01-15,388,1,224027670,1.0234722222222221
2015-01-15,388,1209,412260888,3.9137500000000003
2015-01-15,388,2,224139290,0.64611111111111108
2015-01-15,388,161,247130650,4.7348611111111119
2015-01-15,388,160,247130650,5.9547222222222214
2015-01-15,388,1179,412284191,2.1240277777777781
2015-01-15,388,1177,412284191,1.4455555555555555
2015-01-15,388,1178,412284191,2.9118055555555555
2015-01-15,388,1196,412022048,9.1315277777777784
2015-01-15,388,1231,412200225,0.5375
2015-01-15,388,1232,412200225,7.551388888888888
2015-01-15,388,1,224071970,2.7702777777777778
2015-01-15,388,1231,412200226,0.34138888888888885
2015-01-15,388,1232,412200226,7.9986111111111109
2015-01-15,388,1178,412286756,8.6281944444444445
2015-01-15,388,1215,412201768,1.7886111111111109
2015-01-15,388,1209,657412398,5.1883333333333335
2015-01-15,388,1214,412201779,0.35972222222222222
2015-01-15,388,1208,412205622,1.4212500000000001
2015-01-15,388,1207,412205623,4.7325
2015-01-15,388,1208,412205623,0.60944444444444446
2015-01-15,388,79,247100480,1.7331944444444445
2015-01-15,388,80,247100480,1.3556944444444445
2015-01-15,388,81,247100480,2.7831944444444447
2015-01-15,388,1209,412205126,2.3236111111111111
2015-01-15,388,5,224120390,0.65333333333333332
2015-01-15,388,4,224057930,2.3530555555555557
2015-01-15,388,1178,412300884,11.984305555555556
2015-01-15,388,1209,412015451,5.146805555555555
2015-01-15,388,8,224167520,3.8751388888888885
2015-01-15,388,1210,412205418,11.774583333333334
2015-01-15,388,1209,412205419,5.1708333333333343
2015-01-15,388,1208,412205421,2.7444444444444445
2015-01-15,388,1209,412205422,3.360694444444444
2015-01-15,388,1179,412286574,0.27180555555555552
2015-01-15,388,1178,412286574,0.90027777777777773
2015-01-15,388,5,224094320,2.02
2015-01-15,388,5,224027250,2.5370833333333334
2015-01-15,388,1179,412300915,17.055277777777775
2015-01-15,388,80,247151990,4.2581944444444444
2015-01-15,388,79,247151990,1.4331944444444447
2015-01-15,388,5,224260470,1.4470833333333335
2015-01-15,388,5,224014460,1.5469444444444447
2015-01-15,388,1177,412283516,8.544027777777778
2015-01-15,388,1209,412211326,6.69625
2015-01-15,388,158,247130750,6.1066666666666674
2015-01-15,388,1231,412203653,0.98763888888888884
2015-01-15,388,159,247130250,1.4398611111111113
2015-01-15,388,158,247130250,0.91444444444444439
2015-01-15,388,5,224083120,1.2763888888888888
2015-01-15,388,160,247130290,3.044027777777778
2015-01-15,388,161,247130290,1.9984722222222222
2015-01-15,388,1209,412205496,8.6433333333333326
2015-01-15,388,1209,412201658,2.2268055555555555
2015-01-15,388,2,224073660,0.62777777777777777
2015-01-15,388,1,224073660,1.0338888888888889
2015-01-15,388,1229,412203453,1.76875
2015-01-15,388,1228,412203453,2.4015277777777779
2015-01-15,388,1227,412203453,0.30069444444444449
2015-01-15,388,5,224018370,1.4043055555555555
2015-01-15,388,1231,412203725,5.4998611111111106
2015-01-15,388,1209,412205518,3.8697222222222227
2015-01-15,388,1209,412110288,1.5298611111111111
2015-01-15,388,161,247130320,1.9173611111111111
2015-01-15,388,159,247130320,2.3963888888888887
2015-01-15,388,1209,412205533,0.819861111111111
2015-01-15,388,1179,412284131,3.7326388888888888
2015-01-15,388,5,224099560,0.84847222222222229
2015-01-15,388,4,224099560,0.20305555555555554
2015-01-15,388,1,224220650,2.5275
2015-01-15,388,2,224220650,2.8547222222222226
2015-01-15,388,1209,412202733,8.0779166666666669
2015-01-15,388,1209,456789999,2.1494444444444443
2015-01-15,388,2,224093430,0.63444444444444437
2015-01-15,388,1,224093430,0.84569444444444442
2015-01-15,388,1209,412001023,6.4695833333333344
2015-01-15,388,1208,412001023,0.39041666666666663
2015-01-15,644,-244,251221000,5.5676388888888892
2015-01-15,644,-245,251221000,0.96236111111111111
2015-01-15,644,-246,251221000,1.5127777777777778
2015-01-15,644,-247,251221000,1.3443055555555556
2015-01-15,644,-261,251026000,0.61097222222222225
2015-01-15,644,-526,331142000,2.6122222222222216
2015-01-15,644,-527,331142000,11.904722222222226
2015-01-15,644,-235,251368110,6.8747222222222213
2015-01-15,644,-233,251368110,0.86236111111111113
2015-01-15,644,-234,251368110,12.154027777777776
2015-01-15,644,-127,251048110,3.0394444444444439
2015-01-15,644,-377,259683000,1.0890277777777777
2015-01-15,644,-378,259683000,2.9163888888888891
2015-01-15,644,-377,257153500,1.5427777777777778
2015-01-15,644,-379,257153500,1.5583333333333333
2015-01-15,-380,1740,512415000,1.3559722222222221
2015-01-15,-124,-1191,431700830,3.9288888888888889
2015-01-15,-124,877,432282000,0.33763888888888893
2015-01-15,-124,878,432282000,0.67083333333333328
2015-01-15,-124,879,431700210,0.93194444444444446
2015-01-15,-124,874,431700980,0.23055555555555557
2015-01-15,-124,875,431700980,1.8861111111111108
2015-01-15,-124,876,431700980,4.1984722222222217
2015-01-15,133,-1209,413691210,23.344027777777775
2015-01-15,133,-176,224387000,3.8248611111111113
2015-01-15,389,1209,412205573,6.0966666666666676
2015-01-15,389,1209,412226569,6.2498611111111115
2015-01-15,389,1209,412202766,5.6329166666666666
2015-01-15,389,1177,412286481,0.5162500000000001
2015-01-15,389,1178,412286481,11.729861111111109
2015-01-15,389,1208,412205586,7.5451388888888893
2015-01-15,389,1,224027670,0.20277777777777778
2015-01-15,389,0,224027670,3.1223611111111111
2015-01-15,389,1,224071970,3.4262500000000005
2015-01-15,389,0,224071970,3.899027777777778
2015-01-15,389,1179,412284204,1.9884722222222222
2015-01-15,389,1180,412284204,0.57055555555555559
2015-01-15,389,1209,657412398,8.2026388888888881
2015-01-15,389,1209,412110135,8.2140277777777779
2015-01-15,389,80,247100480,3.5472222222222221
2015-01-15,389,79,247100480,3.0818055555555555
2015-01-15,389,91,247151940,6.7979166666666666
2015-01-15,389,92,247151940,14.459444444444447
2015-01-15,389,93,247151940,0.28875
2015-01-15,389,5,224134470,0.6375
2015-01-15,389,4,224134470,1.4845833333333331
2015-01-15,389,3,224134470,0.71819444444444447
2015-01-15,389,1209,412205126,9.30722222222222
2015-01-15,389,4,224120390,0.21125
2015-01-15,389,3,224120390,0.42944444444444441
2015-01-15,389,1209,412202567,7.9079166666666669
2015-01-15,389,-545,224189000,9.4806944444444454
2015-01-15,389,3,224057930,0.8325
2015-01-15,389,4,224057930,1.7269444444444444
2015-01-15,389,1178,412300884,3.4452777777777781
2015-01-15,389,1179,413705812,1.8711111111111109
2015-01-15,389,1178,413705812,7.7812500000000018
2015-01-15,389,1209,412015451,8.2984722222222231
2015-01-15,389,11,224034140,4.6662500000000007
2015-01-15,389,1209,412205151,4.7243055555555555
2015-01-15,389,9,224167520,2.55125
2015-01-15,389,1209,412205419,4.8295833333333347
2015-01-15,389,1208,412205421,3.752361111111111
2015-01-15,389,1209,412205422,9.6830555555555584
2015-01-15,389,1177,412286574,0.84666666666666668
2015-01-15,389,1178,412286574,12.698888888888892
2015-01-15,389,1180,412286574,0.34152777777777776
2015-01-15,389,1179,412286574,1.1283333333333334
2015-01-15,389,5,224094320,0.8931944444444444
2015-01-15,389,4,224094320,1.5333333333333337
2015-01-15,389,4,224027250,1.7197222222222222
2015-01-15,389,5,224027250,0.62194444444444441
2015-01-15,389,1178,412300915,0.25513888888888886
2015-01-15,389,79,247151990,2.5637499999999998
2015-01-15,389,5,224260470,0.21111111111111111
2015-01-15,389,4,224260470,2.1223611111111111
2015-01-15,389,1179,412351095,10.370694444444442
2015-01-15,389,1180,412351095,3.9127777777777784
2015-01-15,389,1184,412286327,2.6255555555555556
2015-01-15,389,4,224014460,1.9161111111111111
2015-01-15,389,5,224014460,0.68666666666666665
2015-01-15,389,1184,412286335,8.7379166666666688
2015-01-15,389,159,247130250,2.3181944444444449
2015-01-15,389,161,247130250,1.4901388888888887
2015-01-15,389,158,247130250,0.23597222222222222
2015-01-15,389,1181,412283554,1.006388888888889
2015-01-15,389,1228,412203431,11.996111111111112
2015-01-15,389,1228,412203432,4.2855555555555549
2015-01-15,389,1227,412203433,0.68208333333333337
2015-01-15,389,-103,263403690,1.0247222222222223
2015-01-15,389,1228,412203438,4.3458333333333332
2015-01-15,389,1227,412203439,0.9775
2015-01-15,389,5,224083120,1.3222222222222224
2015-01-15,389,4,224083120,1.5729166666666665
2015-01-15,389,1228,412203441,3.4169444444444448
2015-01-15,389,161,247130290,1.2959722222222223
2015-01-15,389,160,247130290,2.586666666666666
2015-01-15,389,159,247130290,1.5216666666666665
2015-01-15,389,1227,412203447,3.9373611111111111
2015-01-15,389,1209,412205496,2.2497222222222226
2015-01-15,389,1209,412201658,0.96819444444444436
2015-01-15,389,1228,412203451,2.1902777777777778
2015-01-15,389,3,224073660,0.41111111111111115
2015-01-15,389,4,224073660,0.82458333333333333
2015-01-15,389,1,224073660,1.24125
2015-01-15,389,1227,412203452,0.96791666666666665
2015-01-15,389,0,224087230,2.3477777777777775
2015-01-15,389,1227,412203456,1.7180555555555554
2015-01-15,389,5,224018370,1.0944444444444443
2015-01-15,389,4,224018370,1.7848611111111112
2015-01-15,389,16,224071880,2.0934722222222222
2015-01-15,389,17,224071880,1.0254166666666666
2015-01-15,389,15,224071880,1.415
2015-01-15,389,1209,412205518,9.1280555555555551
2015-01-15,389,160,247130320,1.7370833333333335
2015-01-15,389,161,247130320,1.4630555555555556
2015-01-15,389,159,247130320,1.7419444444444443
2015-01-15,389,1209,412205533,7.1616666666666671
2015-01-15,389,1209,412202462,11.632361111111109
2015-01-15,389,1178,412284131,0.76833333333333331
2015-01-15,389,0,224070630,0.834861111111111
2015-01-15,389,1208,412205542,4.7236111111111114
2015-01-15,389,1178,412284134,5.1470833333333337
2015-01-15,389,3,224099560,0.84444444444444444
2015-01-15,389,4,224099560,1.0359722222222221
2015-01-15,389,0,224220650,1.8941666666666666
2015-01-15,389,1,224220650,1.8655555555555556
2015-01-15,389,1209,456789999,5.53138888888889
2015-01-15,389,2,224074740,1.8181944444444442
2015-01-15,389,1,224074740,0.20708333333333334
2015-01-15,389,3,224074740,4.2527777777777773
2015-01-15,389,0,224093430,1.7094444444444443
2015-01-15,389,1,224093430,1.4781944444444444
2015-01-15,645,-247,251221000,2.1980555555555554
2015-01-15,645,-262,251026000,0.40458333333333329
2015-01-15,645,-260,251026000,0.66361111111111115
2015-01-15,645,-261,251026000,3.1059722222222224
2015-01-15,645,-526,331142000,0.42
2015-01-15,645,-527,331142000,1.0447222222222221
2015-01-15,645,-263,251039110,1.5194444444444444
2015-01-15,645,-267,251039110,1.7883333333333336
2015-01-15,645,-266,251039110,1.999583333333333
2015-01-15,645,-262,251039110,3.3368055555555558
2015-01-15,645,-268,251039110,0.67472222222222222
2015-01-15,645,-265,251039110,3.7869444444444444
2015-01-15,645,90,257529000,8.2431944444444447
2015-01-15,645,-235,251368110,1.4102777777777777
2015-01-15,645,-126,251048110,0.84388888888888891
2015-01-15,645,-125,251048110,1.9276388888888889
2015-01-15,-123,631,533333001,5.4509722222222221
2015-01-15,-123,-1191,431700830,11.969027777777777
2015-01-15,-123,879,432282000,1.1361111111111111
2015-01-15,-123,639,416002269,5.8834722222222222
2015-01-15,-123,880,431700210,6.797083333333334
2015-01-15,-123,878,431700980,0.30527777777777776
2015-01-15,-123,877,431700980,0.62374999999999992
2015-01-15,134,-176,224387000,2.2487500000000002
2015-01-15,134,-175,224387000,0.41138888888888892
2015-01-15,390,1226,412203528,2.8722222222222222
2015-01-15,390,-1,224027670,1.4808333333333332
2015-01-15,390,0,224027670,2.2758333333333325
2015-01-15,390,1235,412206617,18.018472222222222
2015-01-15,390,1180,412284187,11.735555555555555
2015-01-15,390,13,224231980,0.64736111111111116
2015-01-15,390,14,224231980,0.21805555555555556
2015-01-15,390,1179,412284204,18.752916666666664
2015-01-15,390,1179,412284207,11.280277777777778
2015-01-15,390,234,237630000,11.286527777777779
2015-01-15,390,233,237630000,12.150416666666667
2015-01-15,390,78,247100480,2.0791666666666666
2015-01-15,390,79,247100480,1.201527777777778
2015-01-15,390,2,224134470,0.41500000000000004
2015-01-15,390,-543,224189000,11.796805555555554
2015-01-15,390,3,224057930,1.7734722222222219
2015-01-15,390,2,224057930,0.2097222222222222
2015-01-15,390,267,271072587,4.6136111111111111
2015-01-15,390,1235,412206421,2.87875
2015-01-15,390,12,224034140,1.6063888888888889
2015-01-15,390,1181,900010599,14.229999999999999
2015-01-15,390,1180,400286568,1.4801388888888889
2015-01-15,390,0,224139370,2.7218055555555556
2015-01-15,390,1179,412286574,1.2490277777777778
2015-01-15,390,1178,412286574,0.10777777777777778
2015-01-15,390,1180,412286574,1.16125
2015-01-15,390,4,224094320,1.2729166666666665
2015-01-15,390,3,224094320,1.0905555555555555
2015-01-15,390,3,224027250,1.5059722222222223
2015-01-15,390,4,224027250,1.0725
2015-01-15,390,78,247151990,2.1115277777777779
2015-01-15,390,4,224049270,1.2776388888888888
2015-01-15,390,3,224049270,1.0693055555555555
2015-01-15,390,4,224260470,0.85319444444444437
2015-01-15,390,3,224260470,1.4465277777777779
2015-01-15,390,1179,412351095,4.0566666666666675
2015-01-15,390,1229,800030074,2.3893055555555556
2015-01-15,390,4,224014460,1.2594444444444444
2015-01-15,390,3,224014460,1.5575
2015-01-15,390,-1,224045180,0.82819444444444446
2015-01-15,390,0,224045180,2.6838888888888892
2015-01-15,390,1206,412205438,4.1565277777777778
2015-01-15,390,1184,412286335,0.6069444444444444
2015-01-15,390,-1,224014210,1.0416666666666667
2015-01-15,390,16,224051330,0.8915277777777777
2015-01-15,390,17,224051330,1.6947222222222222
2015-01-15,390,160,247130250,3.1622222222222223
2015-01-15,390,159,247130250,0.77499999999999991
2015-01-15,390,161,247130250,0.41416666666666668
2015-01-15,390,10,224013460,7.1527777777777777
2015-01-15,390,1227,412203433,0.73625000000000007
2015-01-15,390,1236,412202922,3.4191666666666665
2015-01-15,390,1228,800030127,0.54083333333333328
2015-01-15,390,1229,800030127,2.5148611111111108
2015-01-15,390,1227,412203439,10.029583333333333
2015-01-15,390,3,224083120,0.65138888888888891
2015-01-15,390,4,224083120,1.8311111111111114
2015-01-15,390,1227,412203447,2.8116666666666665
2015-01-15,390,3,224073660,2.1173611111111108
2015-01-15,390,2,224073660,0.455
2015-01-15,390,1227,412203452,1.75125
2015-01-15,390,1235,412206525,0.9356944444444445
2015-01-15,390,-1,224087230,3.6013888888888892
2015-01-15,390,0,224087230,2.0929166666666665
2015-01-15,390,1227,412203456,3.8479166666666669
2015-01-15,390,3,224018370,1.0486111111111112
2015-01-15,390,4,224018370,1.7709722222222222
2015-01-15,390,0,224093890,0.20972222222222223
2015-01-15,390,1209,412200388,1.2148611111111112
2015-01-15,390,1210,412200388,1.1648611111111111
2015-01-15,390,17,224071880,0.41125
2015-01-15,390,18,224071880,0.62222222222222223
2015-01-15,390,1180,412283594,7.13375
2015-01-15,390,160,247130320,0.84083333333333332
2015-01-15,390,159,247130320,1.4258333333333333
2015-01-15,390,172,247131090,5.007777777777779
2015-01-15,390,1181,812284124,0.82263888888888892
2015-01-15,390,1180,812284124,6.0020833333333341
2015-01-15,390,1236,412206556,3.192361111111111
2015-01-15,390,1187,412283874,2.1887499999999998
2015-01-15,390,1180,412284132,13.54875
2015-01-15,390,0,224070630,1.6245833333333333
2015-01-15,390,-1,224070630,2.6291666666666664
2015-01-15,390,2,224099560,1.0531944444444443
2015-01-15,390,265,239222000,0.41361111111111115
2015-01-15,390,2,224074740,0.65555555555555545
2015-01-15,390,3,224074740,2.7458333333333336
2015-01-15,390,0,224093430,1.5015277777777776
2015-01-15,390,-1,224093430,2.695
2015-01-15,390,0,224013050,0.4276388888888889
2015-01-15,390,-1,224013050,3.3751388888888885
2015-01-15,390,2,224020220,1.0875
2015-01-15,390,1,224020220,2.335833333333333
2015-01-15,646,-246,251221000,0.7747222222222222
2015-01-15,646,-245,251221000,2.8127777777777778
2015-01-15,646,-263,251026000,0.41500000000000004
2015-01-15,646,-264,251026000,0.24402777777777776
2015-01-15,646,-527,331142000,0.40902777777777777
2015-01-15,646,-528,331142000,4.6629166666666659
2015-01-15,646,-269,251039110,3.2702777777777778
2015-01-15,646,-268,251039110,4.9226388888888888
2015-01-15,646,-240,251269000,2.40125
2015-01-15,646,-241,251269000,1.49625
2015-01-15,646,-243,251269000,3.46875
2015-01-15,646,-248,251439000,1.5083333333333333
2015-01-15,646,-249,251439000,5.7688888888888892
2015-01-15,646,89,257529000,4.7484722222222224
2015-01-15,646,90,257529000,6.2961111111111112
2015-01-15,646,-125,251048110,1.7256944444444444
2015-01-15,646,-238,251146440,13.760277777777777
2015-01-15,646,87,257079000,3.0652777777777778
2015-01-15,646,89,257079000,6.7329166666666671
2015-01-15,646,86,257079000,4.6309722222222218
2015-01-15,646,88,257079000,3.48125
2015-01-15,646,111,257086940,0.64180555555555552
2015-01-15,-634,998,440203000,6.0111111111111111
2015-01-15,-634,999,440203000,8.6279166666666658
2015-01-15,-122,-819,730016000,0.24152777777777779
2015-01-15,-122,630,533333001,10.770972222222222
2015-01-15,-122,636,533333007,5.888472222222223
2015-01-15,-122,-1191,431700830,3.1543055555555566
2015-01-15,-122,880,432282000,4.2062500000000007
2015-01-15,-122,881,432282000,2.5245833333333332
2015-01-15,-122,878,431700980,0.35125
2015-01-15,-122,879,431700980,0.31138888888888888
2015-01-15,135,-176,224387000,4.0818055555555555
2015-01-15,135,-175,224387000,1.9358333333333331
2015-01-15,391,1228,412203529,1.3929166666666666
2015-01-15,391,-1,224027670,2.419027777777778
2015-01-15,391,14,224231980,3.515138888888889
2015-01-15,391,15,224231980,1.2506944444444446
2015-01-15,391,13,224231980,0.38069444444444445
2015-01-15,391,78,247100480,1.0736111111111111
2015-01-15,391,2,224134470,1.7140277777777779
2015-01-15,391,2,224120390,0.40847222222222224
2015-01-15,391,1190,820080203,16.994999999999994
2015-01-15,391,1235,412206421,10.874583333333332
2015-01-15,391,1234,412206421,0.75722222222222224
2015-01-15,391,173,247130710,4.935833333333334
2015-01-15,391,172,247130710,2.3695833333333334
2015-01-15,391,1,224117340,0.67208333333333337
2015-01-15,391,-1,224139370,1.0365277777777777
2015-01-15,391,0,224139370,2.9336111111111114
2015-01-15,391,78,247151980,2.39625
2015-01-15,391,1190,412230000,0.38833333333333331
2015-01-15,391,3,224094320,0.85013888888888889
2015-01-15,391,78,247151990,0.52625
2015-01-15,391,3,224260470,0.44291666666666663
2015-01-15,391,3,224014460,0.65694444444444444
2015-01-15,391,0,224045180,0.62097222222222226
2015-01-15,391,-1,224045180,2.9068055555555556
2015-01-15,391,0,224014210,0.50291666666666668
2015-01-15,391,-1,224014210,1.7166666666666666
2015-01-15,391,16,224051330,1.9833333333333334
2015-01-15,391,17,224051330,0.20277777777777778
2015-01-15,391,77,247152020,0.87763888888888886
2015-01-15,391,1180,412283549,5.6269444444444456
2015-01-15,391,266,271072674,0.80319444444444454
2015-01-15,391,267,271072674,0.6743055555555556
2015-01-15,391,1237,412202922,5.2640277777777778
2015-01-15,391,1235,412202922,0.24125
2015-01-15,391,1236,412202922,1.8644444444444446
2015-01-15,391,1228,800030127,0.32916666666666666
2015-01-15,391,3,224083120,1.4972222222222225
2015-01-15,391,1191,412865968,0.46708333333333329
2015-01-15,391,2,224073660,1.2625000000000002
2015-01-15,391,1235,412206525,3.8711111111111109
2015-01-15,391,-1,224087230,1.8959722222222222
2015-01-15,391,3,224018370,0.91513888888888884
2015-01-15,391,2,224093890,0.86652777777777779
2015-01-15,391,1,224093890,1.9029166666666664
2015-01-15,391,0,224093890,1.8583333333333332
2015-01-15,391,-1,224122570,0.41805555555555551
2015-01-15,391,172,247131090,4.4420833333333327
2015-01-15,391,1236,412206556,2.2656944444444442
2015-01-15,391,1209,412205541,3.8688888888888888
2015-01-15,391,-2,224070630,0.20430555555555555
2015-01-15,391,-1,224070630,2.2936111111111108
2015-01-15,391,1,224099560,0.86819444444444449
2015-01-15,391,2,224099560,1.0772222222222223
2015-01-15,391,1,335559149,6.1169444444444441
2015-01-15,391,-1,224093430,1.0744444444444445
2015-01-15,391,-1,224013050,2.645694444444445
2015-01-15,391,0,224020220,1.9154166666666668
2015-01-15,391,1,224020220,2.9541666666666666
2015-01-15,647,-241,251846170,4.7376388888888883
2015-01-15,647,-264,251026000,0.1726388888888889
2015-01-15,647,-265,251026000,1.4286111111111111
2015-01-15,647,-243,251269000,3.7390277777777778
2015-01-15,647,-244,251269000,1.8147222222222221
2015-01-15,647,-250,251439000,7.5374999999999988
2015-01-15,647,-248,251439000,6.6080555555555556
2015-01-15,647,-123,251048110,0.20916666666666667
2015-01-15,647,-124,251048110,1.4751388888888888
2015-01-15,647,-125,251048110,0.41277777777777774
2015-01-15,-633,998,440203000,1.4952777777777779
2015-01-15,-633,999,440203000,1.1780555555555554
2015-01-15,-633,997,440203000,3.4888888888888885
2015-01-15,-121,-819,730016000,0.35069444444444442
2015-01-15,-121,-820,730016000,0.2722222222222222
2015-01-15,-121,1653,412209233,5.2443055555555551
2015-01-15,-121,-1191,431700830,4.2580555555555559
2015-01-15,-121,-1229,431329000,0.88055555555555554
2015-01-15,-121,-1231,431329000,0.44013888888888886
2015-01-15,-121,-1230,431329000,0.51819444444444451
2015-01-15,-121,-1228,431329000,0.69722222222222219
2015-01-15,-121,-1227,431329000,4.6901388888888889
2015-01-15,-121,879,431700980,6.7326388888888884
2015-01-15,136,-1197,412324210,5.8769444444444439
2015-01-15,392,265,271062043,4.345
2015-01-15,392,171,247060770,4.0102777777777776
2015-01-15,392,-2,224071730,2.2905555555555557
2015-01-15,392,-2,224008250,2.2488888888888892
2015-01-15,392,-3,224008250,0.41875
2015-01-15,392,265,271072317,9.9015277777777779
2015-01-15,392,-2,224087870,2.6818055555555556
2015-01-15,392,1,224134470,0.20375
2015-01-15,392,2,224134470,0.8322222222222222
2015-01-15,392,1236,412204372,4.0490277777777779
2015-01-15,392,1237,412204372,10.472083333333332
2015-01-15,392,1235,412206421,1.8026388888888887
2015-01-15,392,172,247130710,1.422361111111111
2015-01-15,392,0,224117340,5.02625
2015-01-15,392,1,224117340,1.8387499999999997
2015-01-15,392,265,271072862,2.598611111111111
2015-01-15,392,-1,224139370,3.3856944444444443
2015-01-15,392,77,247151980,2.7302777777777778
2015-01-15,392,81,247152250,1.7537499999999997
2015-01-15,392,80,247152250,2.9872222222222224
2015-01-15,392,0,224022140,1.4583333333333333
2015-01-15,392,-1,224045180,1.6969444444444446
2015-01-15,392,24,224189820,0.85861111111111121
2015-01-15,392,25,224189820,2.7640277777777773
2015-01-15,392,0,224014210,4.344444444444445
2015-01-15,392,-2,224097670,2.422361111111111
2015-01-15,392,264,240229000,1.8702777777777775
2015-01-15,392,265,240229000,4.802083333333333
2015-01-15,392,77,247152020,2.2930555555555556
2015-01-15,392,-2,224014490,1.2672222222222222
2015-01-15,392,-1,224014490,1.4529166666666669
2015-01-15,392,265,237348000,1.9226388888888888
2015-01-15,392,264,237348000,2.4137500000000003
2015-01-15,392,266,271072674,0.49152777777777779
2015-01-15,392,1236,412202922,1.3098611111111111
2015-01-15,392,1235,412202922,2.1990277777777778
2015-01-15,392,20,224004530,3.9786111111111109
2015-01-15,392,1235,412206525,0.4513888888888889
2015-01-15,392,19,224125630,3.9558333333333335
2015-01-15,392,-1,224068290,2.9348611111111111
2015-01-15,392,0,224093890,3.8329166666666663
2015-01-15,392,0,224122570,1.0209722222222222
2015-01-15,392,265,237623000,2.001527777777778
2015-01-15,392,264,237623000,0.66388888888888886
2015-01-15,392,-1,224167130,3.3280555555555558
2015-01-15,392,1235,412206556,4.7277777777777779
2015-01-15,392,-2,224070630,0.42361111111111116
2015-01-15,392,26,224409830,1.3041666666666667
2015-01-15,392,28,224409830,1.2329166666666667
2015-01-15,392,25,224409830,0.64541666666666664
2015-01-15,392,27,224409830,1.4531944444444442
2015-01-15,392,1,224099560,0.42361111111111116
2015-01-15,392,1234,412203769,0.23597222222222225
2015-01-15,392,-2,224013050,1.4433333333333334
2015-01-15,392,-1,224013050,1.0530555555555556
2015-01-15,392,26,224144890,0.21527777777777779
2015-01-15,392,19,224070140,2.8195833333333336
2015-01-15,392,0,224020220,1.1376388888888889
2015-01-15,648,-241,251044110,1.2873611111111112
2015-01-15,648,-241,251846170,4.0580555555555557
2015-01-15,648,112,257475120,7.4216666666666651
2015-01-15,648,-241,251405110,5.816250000000001
2015-01-15,648,-242,251405110,0.22625
2015-01-15,648,-243,251287110,2.75
2015-01-15,648,-242,251287110,0.20972222222222223
2015-01-15,648,-265,251026000,2.9558333333333331
2015-01-15,648,-241,251233110,3.9975
2015-01-15,648,-241,251350110,2.0756944444444447
2015-01-15,648,-127,251377000,1.4952777777777777
2015-01-15,648,-128,251377000,2.5659722222222223
2015-01-15,648,-125,251377000,0.85152777777777777
2015-01-15,648,-126,251377000,0.857361111111111
2015-01-15,648,-242,251242110,0.74847222222222221
2015-01-15,648,-241,251242110,3.7205555555555558
2015-01-15,648,-240,251242110,0.4647222222222222
2015-01-15,648,-242,251269000,0.32902777777777781
2015-01-15,648,-243,251269000,3.2444444444444445
2015-01-15,648,112,257633700,0.50374999999999992
2015-01-15,648,-124,251048110,0.20263888888888887
2015-01-15,648,-240,251408110,1.2875
2015-01-15,648,-241,251408110,2.2809722222222222
2015-01-15,648,-242,251408110,1.3434722222222222
2015-01-15,-376,1742,512415000,0.23430555555555554
2015-01-15,-120,-819,730016000,0.35680555555555554
2015-01-15,-120,-820,730016000,0.41763888888888889
2015-01-15,-120,-773,2083,0.20208333333333334
2015-01-15,-120,-1234,432936000,0.48625
2015-01-15,-120,1652,412209233,1.412638888888889
2015-01-15,-120,1653,412209233,1.623472222222222
2015-01-15,-120,-816,730019000,0.7220833333333333
2015-01-15,-120,-1224,440963000,5.9762499999999994
2015-01-15,-120,-1225,440963000,5.6724999999999994
2015-01-15,-120,-1231,431329000,0.59861111111111109
2015-01-15,393,81,247150870,2.2
2015-01-15,393,80,247150870,2.8831944444444444
2015-01-15,393,171,247060770,1.7011111111111112
2015-01-15,393,-2,224071730,3.7780555555555555
2015-01-15,393,-3,224008250,1.1531944444444446
2015-01-15,393,-2,224008250,1.8837499999999998
2015-01-15,393,-2,224087870,3.3722222222222218
2015-01-15,393,1,224117340,0.5558333333333334
2015-01-15,393,77,247151980,0.56944444444444442
2015-01-15,393,78,247151980,2.0445833333333332
2015-01-15,393,81,247152250,6.1452777777777792
2015-01-15,393,0,224022140,2.959027777777778
2015-01-15,393,23,224189820,0.83166666666666655
2015-01-15,393,24,224189820,1.0219444444444443
2015-01-15,393,0,224014210,1.7331944444444443
2015-01-15,393,-2,224097670,3.6580555555555549
2015-01-15,393,78,247152020,2.333333333333333
2015-01-15,393,-2,224014490,2.1291666666666669
2015-01-15,393,-1,224014490,2.5397222222222222
2015-01-15,393,33,224098720,1.0129166666666667
2015-01-15,393,263,237348000,0.21625
2015-01-15,393,264,237348000,4.6897222222222226
2015-01-15,393,-1,224173230,1.7434722222222225
2015-01-15,393,-2,224173230,0.66083333333333338
2015-01-15,393,20,224004530,0.61972222222222229
2015-01-15,393,19,224125630,2.2879166666666668
2015-01-15,393,20,224125630,2.0719444444444446
2015-01-15,393,-1,224068290,4.0874999999999995
2015-01-15,393,0,224093890,0.67236111111111119
2015-01-15,393,0,224122570,4.15736111111111
2015-01-15,393,263,237623000,0.83763888888888882
2015-01-15,393,264,237623000,4.1927777777777777
2015-01-15,393,-1,224167130,3.8477777777777784
2015-01-15,393,27,224409830,1.2298611111111111
2015-01-15,393,25,224409830,0.82861111111111119
2015-01-15,393,28,224409830,1.8445833333333332
2015-01-15,393,-1,224310520,0.625
2015-01-15,393,1233,412203769,4.1390277777777778
2015-01-15,393,29,224144890,1.1133333333333333
2015-01-15,393,27,224144890,3.7022222222222227
2015-01-15,393,26,224144890,1.2347222222222221
2015-01-15,393,28,224144890,1.1151388888888889
2015-01-15,393,20,224070140,1.4680555555555557
2015-01-15,393,19,224070140,2.9380555555555552
2015-01-15,649,-241,251044110,0.16430555555555557
2015-01-15,649,-237,251386640,17.615972222222222
2015-01-15,649,-236,251278110,0.21972222222222221
2015-01-15,649,-238,251405110,0.30069444444444449
2015-01-15,649,-241,251405110,0.71861111111111109
2015-01-15,649,-239,251405110,0.20958333333333334
2015-01-15,649,-238,251265110,1.013611111111111
2015-01-15,649,-240,251265110,1.0979166666666667
2015-01-15,649,-239,251265110,0.64513888888888882
2015-01-15,649,-241,251233110,0.65875
2015-01-15,649,-241,251350110,0.21569444444444444
2015-01-15,649,-239,251350110,0.53833333333333333
2015-01-15,649,-240,251350110,0.3225
2015-01-15,649,-126,251377000,1.2812499999999998
2015-01-15,649,-127,251377000,0.20916666666666667
2015-01-15,649,113,257351020,2.9241666666666668
2015-01-15,649,114,257351020,0.29125
2015-01-15,649,-241,251242110,0.45319444444444446
2015-01-15,649,-245,251167110,1.4701388888888889
2015-01-15,649,-247,251167110,1.4580555555555554
2015-01-15,649,-246,251167110,3.6888888888888891
2015-01-15,649,-125,251048110,0.20180555555555557
2015-01-15,649,-239,251558110,3.1966666666666668
2015-01-15,649,-242,251290110,0.26680555555555552
2015-01-15,-119,-819,730016000,0.70027777777777778
2015-01-15,-119,627,533333001,5.8862499999999995
2015-01-15,-119,-1234,432936000,0.7475
2015-01-15,-119,-1235,432936000,1.0265277777777777
2015-01-15,-119,1652,412209233,6.3504166666666659
2015-01-15,-119,-816,730019000,0.42319444444444448
2015-01-15,-119,-1227,440963000,10.762777777777778
2015-01-15,-119,-1204,432856000,3.3283333333333331
2015-01-15,-119,-1205,432856000,1.2390277777777778
2015-01-15,-119,-1231,431329000,0.54833333333333334
2015-01-15,394,-729,367008260,8.8219444444444424
2015-01-15,394,23,224313360,0.61375
2015-01-15,394,24,224313360,2.6862499999999994
2015-01-15,394,264,271062043,1.6231944444444444
2015-01-15,394,-2,224301340,0.25875000000000004
2015-01-15,394,-3,224301340,3.1576388888888887
2015-01-15,394,171,247060770,8.6597222222222214
2015-01-15,394,264,271072560,1.0820833333333333
2015-01-15,394,262,271072560,2.881388888888889
2015-01-15,394,263,271072560,6.0738888888888907
2015-01-15,394,-2,224071730,3.6148611111111109
2015-01-15,394,-3,224008250,1.4804166666666667
2015-01-15,394,-2,224008250,1.26375
2015-01-15,394,264,271072317,7.7552777777777777
2015-01-15,394,-2,224087870,3.7456944444444447
2015-01-15,394,171,247132480,0.93625
2015-01-15,394,172,247132480,13.445833333333331
2015-01-15,394,262,271072324,11.676388888888887
2015-01-15,394,172,247133520,2.3198611111111114
2015-01-15,394,171,247133520,6.1261111111111113
2015-01-15,394,80,247151980,1.2752777777777777
2015-01-15,394,79,247151980,1.6358333333333335
2015-01-15,394,78,247151980,1.5390277777777777
2015-01-15,394,-729,367143030,2.0948611111111113
2015-01-15,394,-728,367143030,10.874166666666667
2015-01-15,394,0,224022140,2.4869444444444442
2015-01-15,394,25,224189820,0.60583333333333333
2015-01-15,394,24,224189820,1.0469444444444445
2015-01-15,394,-2,224097670,3.625
2015-01-15,394,24,224134540,6.6359722222222226
2015-01-15,394,23,224134540,0.61416666666666664
2015-01-15,394,-2,224148620,1.8756944444444446
2015-01-15,394,-1,224148620,1.7161111111111109
2015-01-15,394,78,247152020,3.0265277777777779
2015-01-15,394,79,247152020,0.48333333333333334
2015-01-15,394,-1,224014490,0.21694444444444444
2015-01-15,394,-2,224014490,0.81930555555555562
2015-01-15,394,-1,224092830,2.1801388888888886
2015-01-15,394,-2,224092830,2.5595833333333333
2015-01-15,394,33,224098720,0.71263888888888882
2015-01-15,394,263,237348000,3.0345833333333339
2015-01-15,394,262,237348000,1.4584722222222222
2015-01-15,394,264,237348000,1.0636111111111111
2015-01-15,394,264,271072674,4.72
2015-01-15,394,-2,224167590,0.20541666666666666
2015-01-15,394,-3,224167590,1.4686111111111111
2015-01-15,394,-1,224173230,3.2065277777777772
2015-01-15,394,0,224173230,0.61763888888888885
2015-01-15,394,21,224004530,3.9825
2015-01-15,394,21,224250550,2.9679166666666665
2015-01-15,394,22,224250550,0.55625
2015-01-15,394,263,271072703,2.2273611111111111
2015-01-15,394,264,271072703,4.4105555555555558
2015-01-15,394,262,271072703,0.68875
2015-01-15,394,265,271072703,13.384305555555555
2015-01-15,394,-1,224068290,1.2570833333333333
2015-01-15,394,1,224122570,1.4901388888888887
2015-01-15,394,0,224122570,1.3152777777777775
2015-01-15,394,262,237623000,1.9627777777777775
2015-01-15,394,263,237623000,2.5620833333333333
2015-01-15,394,-1,224167130,1.1505555555555556
2015-01-15,394,1,224015340,2.1687499999999997
2015-01-15,394,0,224015340,0.21263888888888888
2015-01-15,394,-1,224310520,3.6995833333333334
2015-01-15,394,-2,224310520,7.3365277777777775
2015-01-15,650,-228,251598110,0.41472222222222221
2015-01-15,650,-229,251598110,1.0536111111111111
2015-01-15,650,-230,251598110,3.1315277777777779
2015-01-15,650,-236,251278110,0.82333333333333325
2015-01-15,650,-235,251278110,1.6762499999999998
2015-01-15,650,-248,251167110,5.8602777777777764
2015-01-15,650,-249,251167110,4.5919444444444446
2015-01-15,650,-247,251167110,1.7309722222222224
2015-01-15,650,-226,251431840,3.6086111111111112
2015-01-15,650,-240,251347110,0.83305555555555566
2015-01-15,-374,1741,512415000,4.0263888888888895
2015-01-15,-118,-819,730016000,0.63305555555555548
2015-01-15,-118,-1235,432936000,3.040972222222222
2015-01-15,-118,-1234,432936000,0.65513888888888894
2015-01-15,-118,-1274,431869000,0.55583333333333329
2015-01-15,-118,-1273,431869000,2.6723611111111114
2015-01-15,-118,10,431889000,2.6443055555555555
2015-01-15,-118,9,431889000,2.9147222222222222
2015-01-15,-118,-783,760018812,1.6722222222222223
2015-01-15,-118,-784,760018812,5.1986111111111111
2015-01-15,-118,-815,730019000,2.8668055555555565
2015-01-15,-118,-1204,432856000,0.73194444444444451
2015-01-15,-118,-783,76000201,0.71652777777777776
2015-01-15,-118,-784,76000201,0.68763888888888891
2015-01-15,-118,-783,760018644,2.2116666666666669
2015-01-15,-118,-1231,431329000,0.57972222222222225
2015-01-15,395,80,247152130,1.4527777777777777
2015-01-15,395,-732,367384580,4.5619444444444444
2015-01-15,395,-731,367384580,2.0191666666666666
2015-01-15,395,-93,263401740,3.5762500000000004
2015-01-15,395,-2,224301340,3.795
2015-01-15,395,-3,224301340,0.74055555555555552
2015-01-15,395,-1,224011550,1.8309722222222222
2015-01-15,395,0,224011550,0.70361111111111108
2015-01-15,395,260,271072294,2.799722222222222
2015-01-15,395,171,247132480,10.20888888888889
2015-01-15,395,-1,224027470,0.95888888888888879
2015-01-15,395,0,224027470,3.2874999999999996
2015-01-15,395,1,224027470,0.41847222222222225
2015-01-15,395,171,247133520,1.9183333333333332
2015-01-15,395,0,224129890,1.5066666666666664
2015-01-15,395,-1,224129890,1.3023611111111113
2015-01-15,395,-1,224148620,1.2926388888888889
2015-01-15,395,0,224148620,1.3302777777777779
2015-01-15,395,-2,224148620,2.205138888888889
2015-01-15,395,80,247152020,0.8156944444444445
2015-01-15,395,79,247152020,1.2916666666666665
2015-01-15,395,0,224092830,1.9398611111111113
2015-01-15,395,-1,224092830,2.5193055555555555
2015-01-15,395,-3,224167590,0.90013888888888882
2015-01-15,395,-2,224167590,5.1205555555555557
2015-01-15,395,83,247155630,0.31708333333333333
2015-01-15,395,0,224173230,2.2843055555555556
2015-01-15,395,-733,366991820,8.0947222222222219
2015-01-15,395,1,224015340,1.5452777777777778
2015-01-15,395,2,224015340,3.6312499999999992
2015-01-15,395,-2,224085740,0.41597222222222224
2015-01-15,395,-1,224310520,0.89833333333333332
2015-01-15,395,0,224310520,2.9769444444444439
2015-01-15,395,-1,224202750,2.8398611111111114
2015-01-15,395,0,224047870,0.86888888888888893
2015-01-15,395,-1,224047870,2.0001388888888889
2015-01-15,651,-132,251377000,0.40236111111111111
2015-01-15,651,-127,251377000,0.63250000000000006
2015-01-15,651,-129,251377000,2.0911111111111107
2015-01-15,651,-128,251377000,2.3048611111111112
2015-01-15,651,-131,251377000,0.82541666666666669
2015-01-15,651,-130,251377000,4.5422222222222226
2015-01-15,-373,1741,512415000,1.9708333333333332
2015-01-15,-117,-819,730016000,0.78486111111111112
2015-01-15,-117,-783,999000100,0.775
2015-01-15,-117,-784,999000100,11.736249999999998
2015-01-15,-117,-1234,432936000,0.600138888888889
2015-01-15,-117,1655,510056000,3.7859722222222221
2015-01-15,-117,628,525000003,5.1198611111111108
2015-01-15,-117,-1274,431869000,0.58694444444444449
2015-01-15,-117,8,431889000,0.34444444444444444
2015-01-15,-117,9,431889000,8.3030555555555541
2015-01-15,-117,886,432987000,1.0848611111111111
2015-01-15,-117,885,432987000,2.0205555555555552
2015-01-15,-117,-784,760018812,0.568888888888889
2015-01-15,-117,-815,730019000,6.8577777777777769
2015-01-15,-117,-1204,432856000,0.58847222222222217
2015-01-15,-117,-783,760012232,0.93055555555555547
2015-01-15,-117,-784,760012232,10.185833333333335
2015-01-15,-117,-784,76000201,10.912777777777778
2015-01-15,-117,-783,76000201,2.3094444444444444
2015-01-15,-117,-784,760018644,4.09625
2015-01-15,-117,-783,760018644,0.82500000000000007
2015-01-15,-117,-1089,432343000,2.5931944444444444
2015-01-15,396,-728,367625230,4.528888888888889
2015-01-15,396,-727,367625230,1.2825000000000002
2015-01-15,396,-733,367301390,11.17375
2015-01-15,396,-2,224301340,1.0795833333333333
2015-01-15,396,0,224011550,13.542222222222222
2015-01-15,396,260,271072294,12.209722222222224
2015-01-15,396,81,247082830,2.5070833333333331
2015-01-15,396,1,224027470,2.620138888888889
2015-01-15,396,2,224027470,1.3030555555555554
2015-01-15,396,-728,367583830,2.0701388888888888
2015-01-15,396,1,224129890,1.2527777777777778
2015-01-15,396,0,224129890,0.36972222222222217
2015-01-15,396,-1,224129890,8.5040277777777771
2015-01-15,396,-1,224148620,0.8469444444444445
2015-01-15,396,-1,224167590,0.83194444444444438
2015-01-15,396,-2,224167590,1.2870833333333334
2015-01-15,396,44,224209590,4.6466666666666665
2015-01-15,396,0,224171450,4.9776388888888885
2015-01-15,396,-1,224171450,0.44319444444444445
2015-01-15,396,-733,366991820,0.24791666666666665
2015-01-15,396,-2,224085740,0.41958333333333331
2015-01-15,396,-1,224085740,9.5634722222222219
2015-01-15,396,-1,224202750,10.098749999999999
2015-01-15,396,1,224047870,1.21375
2015-01-15,396,0,224047870,0.66166666666666663
2015-01-15,396,-1,224047870,11.49125
2015-01-15,-116,-821,730016000,6.5870833333333341
2015-01-15,-116,-820,730016000,2.8725
2015-01-15,-116,-1234,432936000,5.0906944444444449
2015-01-15,-116,1657,510056000,4.8106944444444437
2015-01-15,-116,-1274,431869000,0.58083333333333342
2015-01-15,-116,-1091,431602530,2.7154166666666666
2015-01-15,-116,8,431889000,0.67083333333333339
2015-01-15,-116,886,432987000,0.48055555555555551
2015-01-15,-116,-1207,432856000,1.3005555555555555
2015-01-15,-116,-1208,432856000,1.2812500000000002
2015-01-15,-116,-1209,432856000,1.2594444444444446
2015-01-15,-116,-1210,432856000,0.43986111111111115
2015-01-15,-116,-1206,432856000,3.1858333333333331
2015-01-15,-116,-1204,432856000,0.64333333333333342
2015-01-15,141,-329,224106130,6.6566666666666681
2015-01-15,397,83,247152130,3.1572222222222224
2015-01-15,397,82,247152130,0.22069444444444444
2015-01-15,397,-728,367625230,0.22888888888888886
2015-01-15,397,-727,367625230,2.2426388888888891
2015-01-15,397,21,224094480,2.8168055555555553
2015-01-15,397,23,224094480,0.40777777777777779
2015-01-15,397,22,224094480,1.6397222222222223
2015-01-15,397,1241,223456789,0.4259722222222222
2015-01-15,397,-729,367134520,4.5501388888888892
2015-01-15,397,22,224066890,1.8619444444444442
2015-01-15,397,23,224066890,0.82541666666666669
2015-01-15,397,24,224066890,0.94694444444444448
2015-01-15,397,25,224066890,1.0645833333333332
2015-01-15,397,21,224066890,0.41194444444444445
2015-01-15,397,81,247082830,16.32375
2015-01-15,397,0,224019540,0.52916666666666667
2015-01-15,397,-1,224019540,2.7193055555555561
2015-01-15,397,-729,367583830,0.20055555555555557
2015-01-15,397,5,224168820,2.4331944444444442
2015-01-15,397,4,224168820,1.1265277777777778
2015-01-15,397,-724,366218620,0.62138888888888888
2015-01-15,397,23,224068490,0.62430555555555556
2015-01-15,397,22,224068490,1.8425
2015-01-15,397,3,224184270,1.1455555555555557
2015-01-15,397,4,224184270,2.784583333333333
2015-01-15,397,5,224184270,1.6765277777777778
2015-01-15,397,-1,224132570,1.5238888888888886
2015-01-15,397,3,224222430,2.18625
2015-01-15,397,5,224222430,0.64041666666666663
2015-01-15,397,4,224222430,2.4219444444444442
2015-01-15,397,5,224132580,0.852638888888889
2015-01-15,397,-1,224085740,1.1776388888888889
2015-01-15,397,1,224047870,0.31527777777777777
2015-01-15,653,-128,251048110,0.20194444444444443
2015-01-15,653,-129,251048110,0.4080555555555555
2015-01-15,-371,1703,512392000,3.6645833333333329
2015-01-15,-371,1704,512392000,1.5954166666666667
2015-01-15,-371,1702,512392000,0.81124999999999992
2015-01-15,-371,1600,431693000,1.7845833333333334
2015-01-15,-115,-1236,432936000,3.7102777777777773
2015-01-15,-115,-1274,431869000,0.54041666666666677
2015-01-15,-115,8,431889000,0.37791666666666668
2015-01-15,-115,7,431889000,0.53250000000000008
2015-01-15,-115,9,431889000,0.75166666666666671
2015-01-15,-115,883,432987000,0.38583333333333336
2015-01-15,-115,880,432987000,7.4
2015-01-15,-115,885,432987000,1.6973611111111113
2015-01-15,-115,882,432987000,0.54319444444444442
2015-01-15,-115,884,432987000,5.5022222222222235
2015-01-15,-115,881,432987000,0.61527777777777781
2015-01-15,-115,886,432987000,3.8172222222222225
2015-01-15,-115,-1239,440656000,11.574722222222222
2015-01-15,-115,-1210,432856000,3.3072222222222227
2015-01-15,-115,-1204,432856000,5.0515277777777774
2015-01-15,-115,-1089,432343000,0.77791666666666659
2015-01-15,-115,-1229,431329000,3.3505555555555553
2015-01-15,-115,-1228,431329000,0.245
2015-01-15,142,-299,224081430,7.29861111111111
2015-01-15,142,-174,619002000,12.71375
2015-01-15,398,-733,367075080,1.04875
2015-01-15,398,-732,367075080,0.66611111111111121
2015-01-15,398,234,240021000,1.9072222222222222
2015-01-15,398,233,240021000,0.6365277777777778
2015-01-15,398,236,240021000,0.31388888888888888
2015-01-15,398,235,240021000,1.4874999999999998
2015-01-15,398,2,224176140,1.9063888888888889
2015-01-15,398,-728,367625230,0.3255555555555556
2015-01-15,398,24,224094480,1.6709722222222223
2015-01-15,398,23,224094480,1.2511111111111113
2015-01-15,398,1,224024850,0.79375
2015-01-15,398,2,224024850,1.1022222222222222
2015-01-15,398,-96,224091680,0.25027777777777777
2015-01-15,398,4,224137780,11.809444444444445
2015-01-15,398,-731,367134520,0.72472222222222227
2015-01-15,398,228,240104000,0.41958333333333331
2015-01-15,398,23,224066890,1.0316666666666667
2015-01-15,398,24,224066890,2.2790277777777779
2015-01-15,398,4,224134990,0.92736111111111108
2015-01-15,398,0,224019540,0.78833333333333333
2015-01-15,398,-1,224019540,0.31430555555555556
2015-01-15,398,-732,367583830,2.1795833333333334
2015-01-15,398,4,224168820,1.90375
2015-01-15,398,7,224068470,1.6365277777777778
2015-01-15,398,-723,366218620,1.2461111111111109
2015-01-15,398,-722,366218620,0.2125
2015-01-15,398,25,224068490,1.0391666666666666
2015-01-15,398,24,224068490,1.6752777777777779
2015-01-15,398,23,224068490,1.0580555555555555
2015-01-15,398,43,224209590,2.8727777777777779
2015-01-15,398,4,224044230,1.2798611111111111
2015-01-15,398,45,224020170,0.43069444444444449
2015-01-15,398,46,224020170,3.4645833333333336
2015-01-15,398,0,224132570,0.30111111111111111
2015-01-15,398,3,224222430,0.72638888888888886
2015-01-15,398,2,224222430,0.94138888888888894
2015-01-15,398,229,237900000,3.7941666666666665
2015-01-15,398,4,224132580,1.8738888888888892
2015-01-15,398,3,224132580,1.5834722222222224
2015-01-15,398,5,224132580,1.2919444444444446
2015-01-15,398,5,224019440,0.20541666666666669
2015-01-15,398,4,224019440,0.93041666666666667
2015-01-15,398,1197,900900087,0.20458333333333331
2015-01-15,654,-253,251298110,0.5691666666666666
2015-01-15,654,-252,251298110,8.8069444444444436
2015-01-15,654,-250,251298110,0.7023611111111111
2015-01-15,654,-251,251298110,10.716944444444444
2015-01-15,654,-116,251015000,7.0318055555555556
2015-01-15,654,-115,251015000,1.5356944444444445
2015-01-15,654,-114,251015000,3.0833333333333335
2015-01-15,654,-128,251048110,0.46513888888888888
2015-01-15,654,-131,251048110,1.7097222222222221
2015-01-15,654,-130,251048110,2.5759722222222221
2015-01-15,654,-129,251048110,2.2245833333333334
2015-01-15,654,121,257730500,1.3591666666666666
2015-01-15,-370,1705,512392000,0.24152777777777776
2015-01-15,-370,1704,512392000,4.216388888888889
2015-01-15,-370,1599,431693000,1.6362499999999998
2015-01-15,-370,1600,431693000,1.3080555555555555
2015-01-15,-114,-1236,432936000,1.6995833333333332
2015-01-15,-114,-1272,431869000,3.8804166666666693
2015-01-15,-114,-1274,431869000,0.62083333333333324
2015-01-15,-114,-1090,431602530,0.65847222222222224
2015-01-15,-114,7,431889000,0.59527777777777779
2015-01-15,-114,8,431889000,0.6133333333333334
2015-01-15,-114,6,431889000,0.11541666666666667
2015-01-15,-114,-1239,440656000,1.3776388888888889
2015-01-15,-114,-1089,432343000,0.51250000000000007
2015-01-15,-114,-1090,432343000,2.8788888888888895
2015-01-15,-114,-1228,431329000,1.2308333333333332
2015-01-15,-114,-1227,431329000,0.74125
2015-01-15,143,-174,619002000,0.325
2015-01-15,143,-328,224106130,2.7116666666666669
2015-01-15,399,-730,367075080,1.4570833333333333
2015-01-15,399,3,224176140,1.1143055555555557
2015-01-15,399,2,224024850,2.3806944444444444
2015-01-15,399,-96,224091680,5.8240277777777782
2015-01-15,399,98,247151671,1.7404166666666665
2015-01-15,399,-731,367134520,2.1398611111111112
2015-01-15,399,-735,367134520,4.4586111111111109
2015-01-15,399,228,240104000,1.5420833333333335
2015-01-15,399,227,240104000,1.4952777777777777
2015-01-15,399,229,240104000,0.43305555555555558
2015-01-15,399,4,224134990,3.2763888888888886
2015-01-15,399,-732,367583830,0.83694444444444449
2015-01-15,399,30,224005220,0.23902777777777778
2015-01-15,399,31,224005220,0.35416666666666669
2015-01-15,399,-733,367424880,1.9700000000000002
2015-01-15,399,8,224068470,1.4806944444444445
2015-01-15,399,7,224068470,0.86277777777777787
2015-01-15,399,-721,366218620,0.41958333333333331
2015-01-15,399,-722,366218620,0.84194444444444438
2015-01-15,399,4,224067470,10.999027777777776
2015-01-15,399,-226,224687000,5.3859722222222217
2015-01-15,399,29,224018350,3.1366666666666672
2015-01-15,399,30,224018350,0.92222222222222228
2015-01-15,399,28,224018350,1.2406944444444443
2015-01-15,399,31,224018350,1.2852777777777777
2015-01-15,399,43,224209590,1.0786111111111112
2015-01-15,399,3,224128190,3.3376388888888888
2015-01-15,399,4,224044230,2.9061111111111111
2015-01-15,399,2,224054990,0.24833333333333335
2015-01-15,399,228,237900000,2.4988888888888887
2015-01-15,399,229,237900000,0.20972222222222223
2015-01-15,399,35,224230370,1.5570833333333334
2015-01-15,399,36,224230370,0.55861111111111117
2015-01-15,399,4,224019440,0.94569444444444439
2015-01-15,399,5,224019440,2.3851388888888891
2015-01-15,399,98,247133170,1.7443055555555556
2015-01-15,655,-252,251298110,0.23888888888888887
2015-01-15,655,-116,251015000,9.3541666666666679
2015-01-15,655,-253,251211110,3.3497222222222227
2015-01-15,655,-252,251211110,1.10125
2015-01-15,655,-255,251211110,1.0695833333333333
2015-01-15,655,-254,251211110,2.7734722222222223
2015-01-15,-369,1600,431828000,2.6040277777777776
2015-01-15,-369,1706,512392000,0.70583333333333331
2015-01-15,-369,1705,512392000,1.1761111111111111
2015-01-15,-369,1601,431693000,1.6108333333333333
2015-01-15,-369,1600,431693000,3.2536111111111108
2015-01-15,-113,-1092,431702550,4.9070833333333344
2015-01-15,-113,-829,775615000,0.53986111111111112
2015-01-15,-113,837,431380000,4.9779166666666672
2015-01-15,-113,-1236,432936000,1.7652777777777779
2015-01-15,-113,1654,510056000,6.2236111111111105
2015-01-15,-113,-1274,431869000,0.56666666666666665
2015-01-15,-113,-1272,431869000,1.2587499999999998
2015-01-15,-113,-1090,431602530,0.55819444444444455
2015-01-15,-113,7,431889000,0.93611111111111112
2015-01-15,-113,6,431889000,0.072222222222222215
2015-01-15,-113,-1240,440656000,5.1883333333333335
2015-01-15,-113,-1089,432343000,0.52347222222222234
2015-01-15,-113,-1090,432343000,1.172361111111111
2015-01-15,-113,-1227,431329000,5.0119444444444445
2015-01-15,144,1571,416004411,5.8398611111111114
2015-01-15,144,-328,224106130,0.96958333333333324
2015-01-15,144,-327,224106130,1.0304166666666668
2015-01-15,400,226,237151000,0.20430555555555557
2015-01-15,400,-96,224091680,2.4729166666666669
2015-01-15,400,232,240105000,0.44055555555555559
2015-01-15,400,231,240105000,2.9684722222222217
2015-01-15,400,98,247151671,3.515138888888889
2015-01-15,400,227,240104000,2.065833333333333
2015-01-15,400,5,224134990,0.7961111111111111
2015-01-15,400,-732,367409750,6.1113888888888894
2015-01-15,400,33,224005220,0.72222222222222221
2015-01-15,400,34,224005220,2.338888888888889
2015-01-15,400,35,224073830,2.032083333333333
2015-01-15,400,-720,366218620,0.96833333333333338
2015-01-15,400,-721,366218620,1.8522222222222222
2015-01-15,400,226,237050000,0.43180555555555555
2015-01-15,400,227,240570000,3.7790277777777779
2015-01-15,400,226,240570000,0.20555555555555555
2015-01-15,400,-229,224687000,0.47069444444444442
2015-01-15,400,-228,224687000,3.5920833333333335
2015-01-15,400,226,237295000,3.5233333333333334
2015-01-15,400,227,237295000,0.21083333333333332
2015-01-15,400,3,224298660,2.0427777777777778
2015-01-15,400,98,247151030,1.1225
2015-01-15,400,11,224164540,1.1566666666666667
2015-01-15,400,10,224164540,0.21694444444444444
2015-01-15,400,4,224128190,0.18180555555555555
2015-01-15,400,3,224128190,0.3375
2015-01-15,400,232,240440000,0.45375
2015-01-15,400,231,240440000,0.91236111111111118
2015-01-15,400,4,224044230,9.03625
2015-01-15,400,43,224020170,1.663888888888889
2015-01-15,400,2,224054990,3.5802777777777779
2015-01-15,400,3,224054990,1.0574999999999999
2015-01-15,400,227,237218000,1.5104166666666665
2015-01-15,400,226,237218000,1.9527777777777777
2015-01-15,400,226,237399000,13.72111111111111
2015-01-15,400,228,237900000,2.5181944444444442
2015-01-15,400,226,237164000,1.8691666666666664
2015-01-15,400,36,224230370,0.22138888888888889
2015-01-15,400,226,240705000,0.20222222222222222
2015-01-15,400,227,240705000,4.6304166666666662
2015-01-15,400,5,224019440,2.8547222222222222
2015-01-15,400,98,247133170,3.185
2015-01-15,656,-216,251188740,6.1869444444444435
2015-01-15,656,-255,251330110,4.7247222222222227
2015-01-15,656,-253,251330110,4.86625
2015-01-15,656,-252,251330110,1.0034722222222223
2015-01-15,656,-254,251330110,1.545
2015-01-15,656,-282,251464000,0.75597222222222227
2015-01-15,656,-281,251464000,15.113611111111108
2015-01-15,656,-255,251211110,1.3736111111111111
2015-01-15,656,-256,251211110,0.36638888888888888
2015-01-15,656,-252,251035000,4.2520833333333332
2015-01-15,656,-236,251207110,0.90875000000000006
2015-01-15,-368,1596,431828000,1.588888888888889
2015-01-15,-368,1593,431828000,0.82194444444444437
2015-01-15,-368,1600,431828000,2.1604166666666664
2015-01-15,-368,1599,431828000,1.5936111111111111
2015-01-15,-368,1586,431828000,0.15666666666666668
2015-01-15,-368,1503,503660600,0.63236111111111115
2015-01-15,-368,1706,512392000,0.6544444444444445
2015-01-15,-368,1707,512392000,1.1095833333333334
2015-01-15,-368,1592,431693000,0.050138888888888886
2015-01-15,-368,1593,431693000,0.12513888888888891
2015-01-15,-368,1586,431693000,0.37972222222222218
2015-01-15,-112,-1092,431702550,1.5258333333333336
2015-01-15,-112,-829,775615000,0.65694444444444444
2015-01-15,-112,836,431380000,0.66527777777777775
2015-01-15,-112,840,431380000,2.6577777777777776
2015-01-15,-112,835,431380000,2.4526388888888886
2015-01-15,-112,838,431380000,0.65541666666666676
2015-01-15,-112,834,431380000,5.1137500000000014
2015-01-15,-112,839,431380000,0.49722222222222223
2015-01-15,-112,837,431380000,0.3651388888888889
2015-01-15,-112,545,416001838,6.249305555555555
2015-01-15,-112,-1236,432936000,3.7405555555555559
2015-01-15,-112,-1274,431869000,0.549861111111111
2015-01-15,-112,-1272,431869000,1.2548611111111112
2015-01-15,-112,-1090,431602530,0.14694444444444443
2015-01-15,-112,-1091,431602530,2.8727777777777779
2015-01-15,-112,742,416771000,0.56930555555555551
2015-01-15,-112,743,416771000,0.59319444444444447
2015-01-15,-112,740,416771000,2.7624999999999997
2015-01-15,-112,741,416771000,0.75013888888888891
2015-01-15,-112,-1090,432343000,1.2829166666666665
2015-01-15,-112,-1089,432343000,0.51388888888888884
2015-01-15,145,-297,224081430,4.180416666666666
2015-01-15,145,-327,224106130,1.235138888888889
2015-01-15,401,5,224210180,2.2833333333333332
2015-01-15,401,-738,367459590,0.32916666666666666
2015-01-15,401,226,237215000,3.7058333333333335
2015-01-15,401,226,237151000,6.3844444444444459
2015-01-15,401,-96,224091680,2.9743055555555551
2015-01-15,401,-96,225353000,3.8502777777777784
2015-01-15,401,229,240105000,8.8173611111111114
2015-01-15,401,231,240105000,2.0986111111111114
2015-01-15,401,228,237662000,0.32069444444444445
2015-01-15,401,227,237662000,3.9906944444444439
2015-01-15,401,226,237662000,3.975
2015-01-15,401,97,247151671,5.6890277777777785
2015-01-15,401,227,240104000,2.0748611111111108
2015-01-15,401,226,240104000,0.20430555555555555
2015-01-15,401,227,237245000,9.472361111111109
2015-01-15,401,226,237245000,7.0523611111111135
2015-01-15,401,226,237287000,2.2886111111111114
2015-01-15,401,-708,367059830,1.3979166666666667
2015-01-15,401,-707,367059830,1.1108333333333336
2015-01-15,401,226,237050000,4.1645833333333337
2015-01-15,401,227,237050000,0.83833333333333326
2015-01-15,401,228,240570000,1.4622222222222225
2015-01-15,401,231,240570000,0.40986111111111112
2015-01-15,401,227,240570000,3.7891666666666666
2015-01-15,401,230,240570000,1.5022222222222223
2015-01-15,401,226,240570000,2.3070833333333329
2015-01-15,401,229,240570000,1.5015277777777776
2015-01-15,401,-231,224687000,1.0256944444444445
2015-01-15,401,-229,224687000,0.80916666666666659
2015-01-15,401,-230,224687000,1.24125
2015-01-15,401,226,237295000,3.3051388888888891
2015-01-15,401,228,237295000,2.9195833333333332
2015-01-15,401,227,237295000,2.0583333333333331
2015-01-15,401,4,224298660,10.947916666666668
2015-01-15,401,97,247151030,1.3731944444444446
2015-01-15,401,96,247151030,0.44458333333333333
2015-01-15,401,98,247151030,2.665
2015-01-15,401,10,224164540,1.6894444444444445
2015-01-15,401,226,237880000,0.61805555555555558
2015-01-15,401,231,240440000,3.8697222222222227
2015-01-15,401,230,240440000,1.0181944444444444
2015-01-15,401,226,237218000,2.4570833333333333
2015-01-15,401,227,237218000,2.278888888888889
2015-01-15,401,227,237399000,0.61652777777777779
2015-01-15,401,226,237399000,7.8820833333333331
2015-01-15,401,228,237900000,2.9165277777777776
2015-01-15,401,229,237900000,1.3131944444444443
2015-01-15,401,226,237164000,10.460277777777778
2015-01-15,401,36,224230370,1.1276388888888891
2015-01-15,401,229,240705000,1.4581944444444446
2015-01-15,401,230,240705000,1.4141666666666666
2015-01-15,401,227,240705000,2.5363888888888892
2015-01-15,401,226,240705000,3.5152777777777788
2015-01-15,401,231,240705000,0.4025
2015-01-15,401,228,240705000,1.6734722222222218
2015-01-15,401,97,247133170,0.67833333333333334
2015-01-15,401,98,247133170,4.3977777777777778
2015-01-15,401,230,240107000,0.81430555555555562
2015-01-15,401,232,240107000,0.53569444444444447
2015-01-15,401,231,240107000,1.4455555555555555
2015-01-15,657,-280,251464000,1.5095833333333335
2015-01-15,657,-278,251464000,3.63625
2015-01-15,657,-278,251089000,4.234861111111111
2015-01-15,657,-253,251035000,0.82874999999999988
2015-01-15,657,-251,251035000,1.7519444444444443
2015-01-15,657,-252,251035000,7.2261111111111109
2015-01-15,657,-237,251491540,1.5277777777777779
2015-01-15,657,-182,251518440,0.7038888888888889
2015-01-15,-367,1576,431828000,1.3255555555555554
2015-01-15,-367,1707,512392000,0.27333333333333332
2015-01-15,-367,1709,512392000,0.11416666666666667
2015-01-15,-367,1708,512392000,1.4750000000000003
2015-01-15,-111,-1292,431500040,0.56083333333333329
2015-01-15,-111,-1092,431702550,1.4293055555555545
2015-01-15,-111,-830,775615000,0.67666666666666664
2015-01-15,-111,-829,775615000,0.29986111111111113
2015-01-15,-111,544,416001838,0.81680555555555567
2015-01-15,-111,545,416001838,0.40430555555555558
2015-01-15,-111,-1272,431869000,1.059722222222222
2015-01-15,-111,-1274,431869000,5.0015277777777785
2015-01-15,-111,-1091,431602530,2.1508333333333329
2015-01-15,-111,-1090,431602530,0.15416666666666667
2015-01-15,-111,744,416771000,0.53513888888888894
2015-01-15,-111,742,416771000,3.7240277777777777
2015-01-15,-111,743,416771000,1.6066666666666667
2015-01-15,-111,-1090,432343000,1.2073611111111109
2015-01-15,-111,-1089,432343000,0.52222222222222225
2015-01-15,146,-297,224081430,1.8027777777777776
2015-01-15,146,-327,224106130,6.39013888888889
2015-01-15,402,226,237248000,7.2583333333333329
2015-01-15,402,227,237248000,2.7624999999999997
2015-01-15,402,7,224210180,2.1698611111111115
2015-01-15,402,6,224210180,0.85791666666666666
2015-01-15,402,5,224210180,8.8718055555555555
2015-01-15,402,7,224066570,9.5122222222222224
2015-01-15,402,227,237215000,1.2363888888888888
2015-01-15,402,226,237215000,3.080138888888889
2015-01-15,402,226,237151000,8.1211111111111123
2015-01-15,402,227,237151000,0.82194444444444437
2015-01-15,402,-96,224091680,2.8002777777777781
2015-01-15,402,-97,225353000,3.47375
2015-01-15,402,-96,225353000,3.3759722222222224
2015-01-15,402,229,240105000,3.1626388888888886
2015-01-15,402,231,240105000,7.339722222222222
2015-01-15,402,227,237662000,7.7440277777777773
2015-01-15,402,228,237662000,2.3448611111111108
2015-01-15,402,226,237662000,0.7433333333333334
2015-01-15,402,12,224306480,0.94236111111111109
2015-01-15,402,11,224306480,0.47416666666666663
2015-01-15,402,-728,367406910,4.0622222222222222
2015-01-15,402,-729,367406910,1.8745833333333335
2015-01-15,402,226,237256000,1.0305555555555557
2015-01-15,402,228,237256000,0.42791666666666661
2015-01-15,402,227,237256000,0.20833333333333334
2015-01-15,402,227,240104000,1.2484722222222222
2015-01-15,402,228,240104000,1.2509722222222224
2015-01-15,402,226,237245000,2.2777777777777777
2015-01-15,402,227,237245000,3.9447222222222225
2015-01-15,402,97,247300170,8.6655555555555566
2015-01-15,402,98,247300170,0.53888888888888886
2015-01-15,402,96,247300170,1.9909722222222224
2015-01-15,402,227,237287000,1.6363888888888889
2015-01-15,402,226,237287000,1.8384722222222218
2015-01-15,402,228,237287000,6.4887500000000005
2015-01-15,402,228,237180000,0.21111111111111111
2015-01-15,402,227,237180000,0.21277777777777779
2015-01-15,402,7,224197230,13.472083333333336
2015-01-15,402,8,224197230,1.285
2015-01-15,402,-708,367059830,10.843749999999998
2015-01-15,402,-707,367059830,2.8947222222222222
2015-01-15,402,-706,367059830,2.0134722222222226
2015-01-15,402,226,237221000,0.4152777777777778
2015-01-15,402,227,237221000,0.41861111111111116
2015-01-15,402,227,237178000,10.565694444444444
2015-01-15,402,226,237178000,2.1081944444444445
2015-01-15,402,226,237050000,5.53986111111111
2015-01-15,402,227,237050000,1.8618055555555555
2015-01-15,402,227,240570000,1.8805555555555555
2015-01-15,402,-232,224687000,1.1740277777777779
2015-01-15,402,-231,224687000,1.6093055555555553
2015-01-15,402,-233,224687000,3.9806944444444445
2015-01-15,402,228,237295000,0.20666666666666667
2015-01-15,402,227,237295000,3.5081944444444448
2015-01-15,402,226,237295000,3.9047222222222229
2015-01-15,402,9,224164540,0.74458333333333337
2015-01-15,402,10,224164540,0.65222222222222226
2015-01-15,402,228,237880000,3.1055555555555552
2015-01-15,402,227,237880000,2.2901388888888885
2015-01-15,402,229,237880000,2.3068055555555551
2015-01-15,402,226,237880000,1.67375
2015-01-15,402,230,240440000,3.9898611111111113
2015-01-15,402,231,240440000,0.85430555555555554
2015-01-15,402,229,240440000,1.0426388888888889
2015-01-15,402,228,237218000,0.21888888888888888
2015-01-15,402,227,237218000,13.22972222222222
2015-01-15,402,227,237399000,1.4611111111111108
2015-01-15,402,228,237900000,1.6958333333333333
2015-01-15,402,229,237900000,1.27
2015-01-15,402,227,237164000,5.1645833333333329
2015-01-15,402,226,237164000,1.036111111111111
2015-01-15,402,226,240705000,0.20902777777777776
2015-01-15,402,227,240705000,0.81916666666666671
2015-01-15,402,97,247133170,0.22083333333333333
2015-01-15,402,98,247133170,0.21555555555555556
2015-01-15,402,230,240107000,10.336666666666668
2015-01-15,402,226,237291000,0.62805555555555559
2015-01-15,402,226,237163000,3.5220833333333332
2015-01-15,402,227,237163000,1.5122222222222221
2015-01-15,402,7,224043770,9.165
2015-01-15,658,-225,251202110,1.5366666666666666
2015-01-15,658,-276,251089000,0.68472222222222223
2015-01-15,658,-274,251089000,2.9541666666666666
2015-01-15,658,-267,251089000,1.5126388888888891
2015-01-15,658,-277,251089000,0.90125
2015-01-15,658,-268,251089000,1.5652777777777778
2015-01-15,658,-275,251089000,1.0781944444444445
2015-01-15,658,-308,276806000,5.5013888888888891
2015-01-15,658,-252,251035000,0.43055555555555558
2015-01-15,658,-253,251035000,0.61680555555555561
2015-01-15,658,-254,251035000,1.9277777777777776
2015-01-15,658,-251,251035000,3.7238888888888888
2015-01-15,-366,-736,725000199,0.36749999999999994
2015-01-15,-366,1710,512392000,0.49305555555555552
2015-01-15,-366,1709,512392000,1.390138888888889
2015-01-15,-366,203,601195500,0.72041666666666659
2015-01-15,-366,202,601195500,3.9491666666666667
2015-01-15,-110,-1292,431500040,1.6229166666666668
2015-01-15,-110,-1291,431500040,0.15249999999999997
2015-01-15,-110,-1092,431702550,5.4818055555555558
2015-01-15,-110,543,416001838,5.1898611111111119
2015-01-15,-110,-1272,431869000,2.6902777777777782
2015-01-15,-110,-1090,431602530,0.32111111111111107
2015-01-15,-110,-1091,431602530,1.4834722222222221
2015-01-15,-110,735,416731000,0.53319444444444442
2015-01-15,-110,736,416731000,2.7331944444444445
2015-01-15,-110,737,416731000,4.4268055555555561
2015-01-15,-110,739,416731000,1.3219444444444446
2015-01-15,-110,743,416771000,0.69722222222222219
2015-01-15,-110,744,416771000,1.3804166666666666
2015-01-15,-110,-1089,432343000,0.6875
2015-01-15,-110,-1090,432343000,3.2844444444444445
2015-01-15,147,-296,224081430,1.4543055555555555
2015-01-15,147,-297,224081430,4.8944444444444439
2015-01-15,147,-292,224259000,7.2204166666666678
2015-01-15,403,227,237248000,5.4656944444444457
2015-01-15,403,228,237248000,2.7573611111111109
2015-01-15,403,226,237248000,0.22777777777777777
2015-01-15,403,277,271062018,0.21638888888888888
2015-01-15,403,226,239050000,7.805
2015-01-15,403,229,237215000,1.862222222222222
2015-01-15,403,228,237215000,5.504722222222223
2015-01-15,403,227,237215000,2.6998611111111108
2015-01-15,403,227,237151000,3.9195833333333332
2015-01-15,403,228,237151000,1.4470833333333333
2015-01-15,403,278,271062041,3.3930555555555553
2015-01-15,403,-717,367313950,3.154722222222222
2015-01-15,403,-96,224091680,2.8268055555555556
2015-01-15,403,13,224252450,0.45472222222222219
2015-01-15,403,-96,225353000,6.901527777777777
2015-01-15,403,-97,225353000,1.9988888888888887
2015-01-15,403,228,237662000,0.44277777777777783
2015-01-15,403,227,237662000,0.82763888888888892
2015-01-15,403,12,224306480,1.5168055555555555
2015-01-15,403,226,237256000,0.20416666666666666
2015-01-15,403,228,237256000,5.0704166666666666
2015-01-15,403,227,237256000,8.2459722222222229
2015-01-15,403,227,240104000,4.5548611111111112
2015-01-15,403,228,240104000,2.9148611111111111
2015-01-15,403,227,237245000,2.314861111111111
2015-01-15,403,97,247300170,1.0627777777777778
2015-01-15,403,227,237287000,5.2618055555555561
2015-01-15,403,228,237287000,0.42083333333333334
2015-01-15,403,226,237287000,0.20750000000000002
2015-01-15,403,228,237180000,5.4301388888888891
2015-01-15,403,227,237180000,8.4304166666666678
2015-01-15,403,227,237286000,7.0073611111111127
2015-01-15,403,228,237286000,4.44125
2015-01-15,403,147,247067010,11.992638888888891
2015-01-15,403,227,237221000,8.655555555555555
2015-01-15,403,228,237221000,4.8458333333333332
2015-01-15,403,226,237221000,0.4095833333333333
2015-01-15,403,290,271056010,0.59847222222222218
2015-01-15,403,228,237178000,9.9595833333333346
2015-01-15,403,227,237178000,6.42375
2015-01-15,403,227,237050000,5.1116666666666672
2015-01-15,403,226,237050000,0.83000000000000007
2015-01-15,403,-728,338351000,3.067361111111111
2015-01-15,403,227,237295000,0.835
2015-01-15,403,228,237241000,4.3725000000000005
2015-01-15,403,227,237241000,9.6706944444444485
2015-01-15,403,103,247151280,3.5158333333333327
2015-01-15,403,148,247101880,0.7648611111111111
2015-01-15,403,147,247101880,0.52916666666666667
2015-01-15,403,229,237880000,1.235972222222222
2015-01-15,403,227,237880000,3.4719444444444454
2015-01-15,403,228,237880000,1.8434722222222222
2015-01-15,403,228,237346000,4.9484722222222217
2015-01-15,403,228,237218000,1.4672222222222222
2015-01-15,403,227,237218000,0.81958333333333333
2015-01-15,403,228,237228000,9.06736111111111
2015-01-15,403,227,237228000,7.7644444444444449
2015-01-15,403,227,237164000,2.7408333333333328
2015-01-15,403,21,224112370,0.82305555555555554
2015-01-15,403,22,224112370,1.026111111111111
2015-01-15,403,23,224112370,0.82388888888888889
2015-01-15,403,229,237291000,0.61125
2015-01-15,403,228,237291000,4.9695833333333344
2015-01-15,403,227,237291000,7.2425000000000006
2015-01-15,403,228,237163000,3.6595833333333334
2015-01-15,403,227,237163000,10.695
2015-01-15,403,226,237163000,0.41569444444444442
2015-01-15,659,-225,251202110,3.1372222222222224
2015-01-15,659,-224,251202110,0.62583333333333324
2015-01-15,659,-268,251089000,3.6748611111111114
2015-01-15,659,-273,251089000,4.7193055555555556
2015-01-15,659,-305,276806000,1.1902777777777778
2015-01-15,659,-306,276806000,9.7916666666666661
2015-01-15,659,-307,276806000,5.5290277777777774
2015-01-15,659,-252,251035000,0.20972222222222223
2015-01-15,659,-251,251035000,0.60430555555555554
2015-01-15,659,-306,219257000,6.6445833333333324
2015-01-15,659,-305,219257000,11.25375
2015-01-15,659,-230,251046110,3.7034722222222216
2015-01-15,659,-229,251046110,2.61625
2015-01-15,659,-229,251152110,0.7877777777777778
2015-01-15,659,-228,251152110,0.65472222222222221
2015-01-15,-365,-736,725000199,1.7958333333333332
2015-01-15,-365,-736,725000460,3.1756944444444448
2015-01-15,-365,1371,503590700,12.57722222222222
2015-01-15,-365,1370,503590700,3.5090277777777783
2015-01-15,-365,1710,512392000,0.885
2015-01-15,-365,1711,512392000,3.0722222222222224
2015-01-15,-365,-736,725002560,1.3181944444444444
2015-01-15,-365,202,601195500,7.556805555555556
2015-01-15,-365,201,601195500,3.5351388888888886
2015-01-15,-109,-1291,431500040,0.54083333333333339
2015-01-15,-109,-1292,431500040,1.2330555555555556
2015-01-15,-109,-1092,431702550,9.7619444444444454
2015-01-15,-109,543,416001838,6.0788888888888888
2015-01-15,-109,544,416001838,4.2613888888888889
2015-01-15,-109,750,416238900,12.743611111111111
2015-01-15,-109,752,416238900,3.7037500000000003
2015-01-15,-109,751,416238900,7.878333333333333
2015-01-15,-109,631,416002646,6.0886111111111116
2015-01-15,-109,-1091,431602530,5.6059722222222215
2015-01-15,-109,-1090,431602530,0.71222222222222209
2015-01-15,-109,-1207,432454000,0.10041666666666665
2015-01-15,-109,-1208,432454000,0.21625
2015-01-15,-109,739,416731000,4.5625000000000009
2015-01-15,-109,735,416731000,4.0308333333333328
2015-01-15,-109,740,416731000,3.1195833333333334
2015-01-15,-109,738,416731000,0.7415277777777779
2015-01-15,-109,736,416731000,0.72916666666666663
2015-01-15,-109,737,416731000,0.74041666666666661
2015-01-15,-109,741,416771000,3.9015277777777784
2015-01-15,-109,744,416771000,2.7569444444444446
2015-01-15,-109,743,416771000,2.4122222222222223
2015-01-15,-109,742,416771000,1.2844444444444445
2015-01-15,-109,-1089,432343000,0.38375
2015-01-15,148,-290,224259000,2.8583333333333334
2015-01-15,148,-289,224259000,1.8590277777777777
2015-01-15,148,1387,416000221,1.7327777777777778
2015-01-15,404,273,271062021,1.7515277777777776
2015-01-15,404,-724,338144528,7.0138888888888893
2015-01-15,404,-723,338144528,0.33291666666666669
2015-01-15,404,-717,367313950,0.71986111111111117
2015-01-15,404,-96,224091680,1.8004166666666668
2015-01-15,404,13,224252450,3.6473611111111111
2015-01-15,404,-96,225353000,1.975
2015-01-15,404,13,224306480,1.1573611111111111
2015-01-15,404,147,247114040,21.549027777777777
2015-01-15,404,8,224350280,12.890833333333333
2015-01-15,404,10,224350280,0.74055555555555563
2015-01-15,404,9,224350280,2.4498611111111108
2015-01-15,404,183,247122260,8.4729166666666664
2015-01-15,404,291,271056010,7.5756944444444443
2015-01-15,404,147,247114410,10.030277777777778
2015-01-15,404,103,247151280,1.2958333333333334
2015-01-15,404,102,247151280,4.78361111111111
2015-01-15,404,258,237347000,8.42597222222222
2015-01-15,404,257,237347000,3.1576388888888887
2015-01-15,404,9,224362430,11.9575
2015-01-15,404,287,271072729,11.903611111111113
2015-01-15,404,288,271072729,0.51208333333333333
2015-01-15,404,21,224112370,1.2349999999999999
2015-01-15,404,20,224112370,0.60944444444444446
2015-01-15,404,23,224112370,1.2241666666666666
2015-01-15,404,24,224112370,1.4548611111111112
2015-01-15,660,-252,251257110,4.4077777777777776
2015-01-15,660,-251,251257110,7.0966666666666649
2015-01-15,660,-254,251050110,0.23041666666666666
2015-01-15,660,-255,251050110,0.41722222222222216
2015-01-15,660,-305,219257000,1.5461111111111112
2015-01-15,660,-304,219257000,1.5148611111111112
2015-01-15,660,-228,251826110,3.8245833333333334
2015-01-15,660,-229,251826110,3.1001388888888881
2015-01-15,660,-230,251046110,4.0620833333333337
2015-01-15,660,-230,251152110,2.3663888888888893
2015-01-15,-364,-736,725000199,5.2784722222222218
2015-01-15,-364,-736,725000460,4.0986111111111105
2015-01-15,-364,200,601479000,7.5351388888888886
2015-01-15,-364,1373,503002330,0.3502777777777778
2015-01-15,-364,200,601195500,1.8398611111111112
2015-01-15,-108,-1291,431500040,4.8744444444444444
2015-01-15,-108,-1292,431500040,2.4870833333333331
2015-01-15,-108,630,416002646,1.0416666666666667
2015-01-15,-108,631,416002646,5.5926388888888887
2015-01-15,-108,-1091,431602530,0.49166666666666664
2015-01-15,-108,-1207,432454000,0.4406944444444445
2015-01-15,-108,-1208,432454000,0.63847222222222211
2015-01-15,-108,543,416239800,6.10875
2015-01-15,-108,-1089,432343000,0.55916666666666681
2015-01-15,149,-258,224153130,5.6743055555555548
2015-01-15,149,-265,224153130,3.0509722222222222
2015-01-15,149,-289,224259000,6.77888888888889
2015-01-15,149,-288,224259000,0.58000000000000007
2015-01-15,405,258,271062024,1.7879166666666666
2015-01-15,405,276,271062025,1.1916666666666667
2015-01-15,405,258,271062034,7.3748611111111115
2015-01-15,405,257,271062034,1.2852777777777775
2015-01-15,405,259,271062034,1.5765277777777778
2015-01-15,405,257,271062035,1.6691666666666667
2015-01-15,405,258,271062035,0.83333333333333326
2015-01-15,405,259,271062035,1.0113888888888889
2015-01-15,405,-717,367313950,0.43333333333333335
2015-01-15,405,13,224306480,1.9945833333333334
2015-01-15,405,258,271062074,7.4984722222222224
2015-01-15,405,259,271062074,1.7023611111111112
2015-01-15,405,7,224350280,1.1743055555555555
2015-01-15,405,259,271062093,6.5830555555555552
2015-01-15,405,182,247122260,9.8656944444444434
2015-01-15,405,257,271062118,1.8001388888888887
2015-01-15,405,258,271062119,12.235694444444444
2015-01-15,405,257,271062119,7.3606944444444444
2015-01-15,405,14,224031340,1.3159722222222223
2015-01-15,405,258,271072163,8.0230555555555565
2015-01-15,405,182,247120550,3.192361111111111
2015-01-15,405,183,247120550,1.8784722222222223
2015-01-15,405,258,237625000,5.9052777777777781
2015-01-15,405,99,247151280,1.9901388888888891
2015-01-15,405,257,237347000,2.4222222222222221
2015-01-15,405,13,224014270,2.0726388888888891
2015-01-15,405,256,237334000,3.3555555555555552
2015-01-15,405,257,237334000,0.48597222222222219
2015-01-15,405,-691,367371250,5.286944444444444
2015-01-15,405,23,224112370,0.62958333333333338
2015-01-15,405,20,224112370,0.81111111111111112
2015-01-15,405,24,224112370,0.42291666666666666
2015-01-15,405,-721,367493620,5.3606944444444453
2015-01-15,405,-720,367493620,6.8136111111111113
2015-01-15,661,-251,251257110,0.42041666666666666
2015-01-15,661,-252,251257110,4.3213888888888876
2015-01-15,661,-253,251257110,2.5622222222222222
2015-01-15,661,-229,251793240,0.63291666666666657
2015-01-15,661,-230,251793240,4.2655555555555553
2015-01-15,661,-231,251793240,1.0873611111111112
2015-01-15,661,-233,251420000,1.1595833333333332
2015-01-15,661,-254,251050110,0.20875
2015-01-15,661,118,257153220,0.69125
2015-01-15,661,-232,251841270,3.0959722222222221
2015-01-15,661,-231,251841270,2.5941666666666663
2015-01-15,-363,199,601479000,2.2063888888888892
2015-01-15,-363,-534,770576080,11.702222222222222
2015-01-15,-363,-535,770576080,9.535555555555554
2015-01-15,-107,629,416002646,1.1165277777777778
2015-01-15,-107,631,416002646,5.74888888888889
2015-01-15,-107,-1091,431602530,0.66263888888888878
2015-01-15,-107,-1208,432454000,1.0333333333333332
2015-01-15,-107,-1207,432454000,0.49111111111111111
2015-01-15,-107,542,416239800,9.5670833333333327
2015-01-15,-107,543,416239800,2.1895833333333337
2015-01-15,-107,541,416239800,4.4280555555555559
2015-01-15,-107,-1089,432343000,0.4720833333333333
2015-01-15,150,-259,224153130,1.4144444444444444
2015-01-15,150,-264,224153130,3.2023611111111112
2015-01-15,150,-260,224153130,3.5159722222222225
2015-01-15,150,-258,224153130,1.5365277777777773
2015-01-15,406,143,247113220,2.8802777777777782
2015-01-15,406,142,247113220,3.3695833333333338
2015-01-15,406,142,247044870,2.0740277777777778
2015-01-15,406,258,271062024,9.3155555555555551
2015-01-15,406,257,271062024,6.0704166666666666
2015-01-15,406,258,237589000,4.5011111111111113
2015-01-15,406,276,271062026,1.702638888888889
2015-01-15,406,277,271062026,0.22499999999999998
2015-01-15,406,258,271062034,0.23277777777777775
2015-01-15,406,259,271062034,3.9586111111111109
2015-01-15,406,12,224416530,3.9456944444444444
2015-01-15,406,259,271062035,1.2984722222222222
2015-01-15,406,258,271062035,1.9855555555555551
2015-01-15,406,257,271062048,4.8424999999999994
2015-01-15,406,258,271062048,5.3197222222222216
2015-01-15,406,259,271062050,6.2119444444444438
2015-01-15,406,258,271073063,1.1747222222222222
2015-01-15,406,142,247110440,1.9069444444444446
2015-01-15,406,258,271062074,4.3393055555555549
2015-01-15,406,142,247110970,3.1823611111111116
2015-01-15,406,143,247110970,2.7145833333333331
2015-01-15,406,259,271062093,6.7381944444444448
2015-01-15,406,10,224083790,1.2843055555555556
2015-01-15,406,258,271062104,15.555000000000003
2015-01-15,406,259,271062116,4.196944444444445
2015-01-15,406,13,224097380,1.7943055555555554
2015-01-15,406,12,224097380,2.1077777777777778
2015-01-15,406,259,271062117,2.2770833333333336
2015-01-15,406,259,271062118,0.45375
2015-01-15,406,258,271062118,0.32597222222222222
2015-01-15,406,257,271062118,1.6175
2015-01-15,406,16,224031340,1.5643055555555556
2015-01-15,406,14,224031340,0.91152777777777783
2015-01-15,406,17,224031340,1.1020833333333333
2015-01-15,406,15,224031340,0.72791666666666666
2015-01-15,406,143,247114610,0.20986111111111111
2015-01-15,406,182,247120550,0.84013888888888888
2015-01-15,406,257,237625000,4.2695833333333333
2015-01-15,406,99,247151280,1.0330555555555556
2015-01-15,406,-92,224355000,3.4505555555555549
2015-01-15,406,13,224014270,1.8529166666666668
2015-01-15,406,143,247113670,0.20861111111111111
2015-01-15,406,14,224416460,0.51694444444444443
2015-01-15,406,13,224416460,2.8670833333333339
2015-01-15,406,184,247122640,5.4234722222222222
2015-01-15,406,183,247122640,2.1416666666666666
2015-01-15,406,142,247049430,0.61638888888888888
2015-01-15,406,8,224092130,11.151388888888889
2015-01-15,662,-124,251040000,1.5120833333333334
2015-01-15,662,-147,251125000,0.23347222222222225
2015-01-15,662,-146,251125000,0.5886111111111112
2015-01-15,662,-244,251447110,0.40416666666666667
2015-01-15,662,-242,251447110,0.87222222222222223
2015-01-15,662,-243,251447110,0.4029166666666667
2015-01-15,662,-235,251420000,3.6056944444444441
2015-01-15,662,-234,251420000,3.6249999999999996
2015-01-15,662,-229,251842670,0.871388888888889
2015-01-15,662,-230,251842670,2.45375
2015-01-15,662,-231,251842670,3.0602777777777774
2015-01-15,662,-125,251177110,4.1080555555555556
2015-01-15,662,-123,251177110,1.505
2015-01-15,-362,198,601479000,2.8183333333333334
2015-01-15,-106,543,416004427,18.25611111111111
2015-01-15,-106,629,416002646,4.1852777777777774
2015-01-15,-106,-1091,431602530,5.0968055555555551
2015-01-15,-106,-1207,432454000,4.1020833333333329
2015-01-15,-106,-1089,432343000,4.82125
2015-01-15,407,143,247113220,4.8050000000000006
2015-01-15,407,142,247113220,0.4291666666666667
2015-01-15,407,292,271072262,0.43902777777777774
2015-01-15,407,293,271072262,3.9120833333333334
2015-01-15,407,258,237589000,3.5638888888888891
2015-01-15,407,12,224416530,12.11513888888889
2015-01-15,407,10,224027160,0.43041666666666667
2015-01-15,407,12,224012830,1.9904166666666669
2015-01-15,407,-716,367313950,0.21277777777777779
2015-01-15,407,178,247124510,2.3919444444444444
2015-01-15,407,179,247124510,0.88458333333333339
2015-01-15,407,9,224083240,0.99652777777777779
2015-01-15,407,292,271073065,0.65611111111111109
2015-01-15,407,10,224057130,0.83458333333333323
2015-01-15,407,11,224057130,1.2506944444444446
2015-01-15,407,12,224087340,16.090833333333332
2015-01-15,407,10,224297260,0.8633333333333334
2015-01-15,407,139,247131440,11.428333333333335
2015-01-15,407,8,224083250,1.1447222222222222
2015-01-15,407,9,224083250,0.65125
2015-01-15,407,143,247110970,5.6006944444444446
2015-01-15,407,14,224012860,12.985972222222223
2015-01-15,407,292,271002430,0.76069444444444445
2015-01-15,407,10,224083790,2.0143055555555556
2015-01-15,407,12,224097380,13.821527777777774
2015-01-15,407,17,224031340,0.46416666666666667
2015-01-15,407,18,224031340,1.5254166666666666
2015-01-15,407,142,247114610,6.315833333333333
2015-01-15,407,141,247114610,0.82013888888888875
2015-01-15,407,143,247114610,2.7995833333333331
2015-01-15,407,12,224026230,0.78652777777777771
2015-01-15,407,293,271056030,0.11055555555555556
2015-01-15,407,248,237252000,4.74013888888889
2015-01-15,407,248,237220000,3.5444444444444447
2015-01-15,407,139,247114150,2.2687500000000003
2015-01-15,407,138,247114150,0.41388888888888892
2015-01-15,407,182,247120550,1.1495833333333334
2015-01-15,407,257,237625000,3.598611111111111
2015-01-15,407,139,247113390,3.916666666666667
2015-01-15,407,138,247113390,0.20777777777777778
2015-01-15,407,11,224025780,1.1944444444444444
2015-01-15,407,10,224025780,0.94180555555555556
2015-01-15,407,-92,224355000,0.45055555555555554
2015-01-15,407,11,224073670,10.998611111111112
2015-01-15,407,143,247113670,5.8956944444444446
2015-01-15,407,13,224416460,1.87125
2015-01-15,407,258,237058000,0.836388888888889
2015-01-15,407,257,237058000,2.9770833333333337
2015-01-15,407,256,237058000,0.22888888888888889
2015-01-15,407,182,247122640,1.2445833333333334
2015-01-15,407,183,247122640,0.98597222222222225
2015-01-15,407,13,224016340,0.5098611111111111
2015-01-15,407,10,224125920,1.1972222222222222
2015-01-15,407,11,224125920,0.23291666666666666
2015-01-15,407,9,224092130,1.1554166666666668
2015-01-15,407,8,224092130,1.3581944444444445
2015-01-15,407,12,224250860,1.3054166666666667
2015-01-15,407,138,247113970,0.628611111111111
2015-01-15,407,139,247113970,3.725138888888889
2015-01-15,407,10,224087540,0.77777777777777768
2015-01-15,407,11,224087540,13.938333333333333
2015-01-15,407,12,224339190,1.2058333333333333
2015-01-15,407,11,224339190,12.361805555555556
2015-01-15,407,10,224147190,13.318333333333332
2015-01-15,407,11,224147190,1.9290277777777778
2015-01-15,407,142,247113720,1.5687499999999999
2015-01-15,407,143,247113720,2.7120833333333336
2015-01-15,407,141,247113720,2.51
2015-01-15,663,-242,251447110,0.67652777777777773
2015-01-15,663,-247,251447110,7.3784722222222223
2015-01-15,663,-244,251447110,1.7773611111111107
2015-01-15,663,-246,251447110,3.4540277777777786
2015-01-15,663,-245,251447110,2.5531944444444448
2015-01-15,663,-243,251447110,1.5079166666666666
2015-01-15,663,124,257972040,2.27125
2015-01-15,663,-254,251050110,0.40972222222222221
2015-01-15,-361,1364,503016720,4.2648611111111121
2015-01-15,-361,1364,503584600,13.782916666666665
2015-01-15,-361,198,601479000,2.2020833333333334
2015-01-15,-361,197,601479000,1.0241666666666664
2015-01-15,-105,-1292,431500040,3.1344444444444446
2015-01-15,-105,635,533333005,5.8775
2015-01-15,-105,-1206,432454000,3.9045833333333331
2015-01-15,-105,-1208,432454000,4.6875
2015-01-15,152,1652,412270058,1.2802777777777776
2015-01-15,408,293,271072262,0.21458333333333335
2015-01-15,408,11,224416530,1.8479166666666667
2015-01-15,408,9,224027160,1.388611111111111
2015-01-15,408,10,224027160,0.21097222222222223
2015-01-15,408,12,224012830,14.114305555555555
2015-01-15,408,139,247110430,13.080138888888888
2015-01-15,408,176,247124510,2.9619444444444447
2015-01-15,408,175,247124510,1.286388888888889
2015-01-15,408,177,247124510,1.3094444444444444
2015-01-15,408,15,224012840,1.4280555555555556
2015-01-15,408,14,224012840,0.44541666666666668
2015-01-15,408,8,224083240,0.7318055555555556
2015-01-15,408,9,224083240,1.1361111111111111
2015-01-15,408,292,271073065,13.691527777777777
2015-01-15,408,9,224057130,0.84027777777777768
2015-01-15,408,10,224057130,0.64458333333333329
2015-01-15,408,11,224087340,0.98236111111111113
2015-01-15,408,12,224087340,0.22749999999999998
2015-01-15,408,10,224297260,0.40277777777777773
2015-01-15,408,9,224297260,1.6763888888888889
2015-01-15,408,139,247131440,2.1054166666666667
2015-01-15,408,138,247131440,0.22069444444444444
2015-01-15,408,8,224083250,0.81402777777777779
2015-01-15,408,13,224012860,1.4856944444444444
2015-01-15,408,14,224012860,0.22222222222222221
2015-01-15,408,292,271002430,1.2231944444444445
2015-01-15,408,292,271072320,0.45763888888888887
2015-01-15,408,10,224089920,0.81208333333333327
2015-01-15,408,11,224089920,2.5526388888888891
2015-01-15,408,9,224083790,0.64180555555555552
2015-01-15,408,10,224083790,0.41402777777777777
2015-01-15,408,292,271072079,2.3531944444444441
2015-01-15,408,244,240338000,11.4225
2015-01-15,408,174,247123030,0.63625
2015-01-15,408,175,247123030,2.6901388888888893
2015-01-15,408,176,247123030,0.31944444444444442
2015-01-15,408,292,271072087,1.0834722222222222
2015-01-15,408,291,271072087,5.6295833333333336
2015-01-15,408,252,237063000,3.4365277777777772
2015-01-15,408,251,237063000,6.9772222222222222
2015-01-15,408,250,237063000,7.1395833333333334
2015-01-15,408,85,247150940,3.5736111111111115
2015-01-15,408,84,247150940,0.63055555555555554
2015-01-15,408,291,271072870,0.23305555555555557
2015-01-15,408,292,271072870,10.646111111111111
2015-01-15,408,138,247112550,2.024861111111111
2015-01-15,408,139,247112550,2.7477777777777779
2015-01-15,408,14,224135530,1.7675
2015-01-15,408,15,224135530,11.474166666666667
2015-01-15,408,291,271072106,5.23375
2015-01-15,408,291,271072107,1.4981944444444444
2015-01-15,408,18,224031340,1.0065277777777777
2015-01-15,408,292,271072365,1.02875
2015-01-15,408,292,271072367,0.20597222222222222
2015-01-15,408,291,271072367,2.0038888888888891
2015-01-15,408,291,271062130,3.2901388888888889
2015-01-15,408,12,224026230,1.1447222222222222
2015-01-15,408,11,224026230,0.63305555555555548
2015-01-15,408,291,271072127,0.43861111111111106
2015-01-15,408,15,224119680,11.948888888888888
2015-01-15,408,14,224119680,1.2277777777777779
2015-01-15,408,138,247113090,0.43625
2015-01-15,408,139,247113090,0.888888888888889
2015-01-15,408,83,247150980,0.21972222222222221
2015-01-15,408,84,247150980,4.195
2015-01-15,408,291,271072400,1.7127777777777775
2015-01-15,408,291,271056017,2.0266666666666668
2015-01-15,408,292,271056017,0.62750000000000006
2015-01-15,408,12,224127390,2.1083333333333334
2015-01-15,408,11,224127390,1.0304166666666668
2015-01-15,408,248,237252000,2.4786111111111109
2015-01-15,408,249,237252000,3.9351388888888894
2015-01-15,408,292,271056033,3.2511111111111108
2015-01-15,408,17,224208290,1.8697222222222223
2015-01-15,408,292,271056036,2.6102777777777777
2015-01-15,408,138,247114150,10.342361111111112
2015-01-15,408,139,247114150,1.681111111111111
2015-01-15,408,274,271056040,0.22875
2015-01-15,408,11,224095660,1.0877777777777777
2015-01-15,408,12,224095660,1.8262500000000002
2015-01-15,408,139,247110830,0.65791666666666671
2015-01-15,408,138,247110830,1.5031944444444443
2015-01-15,408,138,247112110,4.6209722222222229
2015-01-15,408,138,247113390,2.9098611111111112
2015-01-15,408,139,247113390,4.1583333333333332
2015-01-15,408,292,271056046,4.37
2015-01-15,408,291,271056046,0.20444444444444446
2015-01-15,408,291,271072175,4.7426388888888882
2015-01-15,408,291,271072176,3.7024999999999997
2015-01-15,408,292,271072689,0.22166666666666668
2015-01-15,408,9,224025780,0.65430555555555558
2015-01-15,408,10,224025780,0.42458333333333331
2015-01-15,408,244,237539000,16.047361111111112
2015-01-15,408,245,237539000,1.4527777777777777
2015-01-15,408,291,271072459,0.22555555555555556
2015-01-15,408,292,271072459,0.64902777777777776
2015-01-15,408,256,237058000,4.2763888888888886
2015-01-15,408,254,237058000,2.338888888888889
2015-01-15,408,255,237058000,3.1334722222222222
2015-01-15,408,12,224209620,1.4193055555555556
2015-01-15,408,13,224016340,13.932361111111112
2015-01-15,408,291,271072472,3.8477777777777775
2015-01-15,408,291,271072219,2.4631944444444445
2015-01-15,408,138,247110880,1.0716666666666668
2015-01-15,408,13,224253920,1.4166666666666665
2015-01-15,408,9,224125920,1.0276388888888888
2015-01-15,408,84,247151080,10.562916666666666
2015-01-15,408,291,271072488,4.1016666666666666
2015-01-15,408,12,224250860,1.8056944444444443
2015-01-15,408,11,224250860,13.145694444444443
2015-01-15,408,292,271072753,0.65666666666666673
2015-01-15,408,138,247113970,1.6447222222222224
2015-01-15,408,139,247113970,4.7709722222222215
2015-01-15,408,10,224087540,0.43166666666666664
2015-01-15,408,9,224087540,1.1284722222222223
2015-01-15,408,292,271073013,2.1551388888888892
2015-01-15,408,291,271073013,8.4031944444444449
2015-01-15,408,11,224339190,1.7154166666666666
2015-01-15,408,10,224147190,0.6316666666666666
2015-01-15,408,9,224147190,0.88180555555555562
2015-01-15,664,-546,331168000,9.1052777777777774
2015-01-15,664,-545,331168000,4.39125
2015-01-15,664,-547,331155000,13.385833333333332
2015-01-15,664,-546,331155000,7.61013888888889
2015-01-15,664,-547,331165000,3.8319444444444448
2015-01-15,664,-546,331165000,9.4625
2015-01-15,664,-545,331165000,0.21916666666666668
2015-01-15,664,129,257087840,1.9508333333333334
2015-01-15,664,-548,331238000,3.5477777777777777
2015-01-15,664,-547,331238000,0.46277777777777784
2015-01-15,664,-253,251050110,0.21416666666666667
2015-01-15,664,-254,251050110,1.0161111111111112
2015-01-15,664,-545,331074000,0.46291666666666664
2015-01-15,664,-547,331074000,6.160277777777778
2015-01-15,664,-546,331074000,10.66277777777778
2015-01-15,664,132,257496800,3.7288888888888887
2015-01-15,-360,1364,503016720,8.1013888888888879
2015-01-15,-360,1364,503584600,7.44125
2015-01-15,-360,219,601799000,1.3666666666666665
2015-01-15,-360,197,601479000,1.1701388888888891
2015-01-15,-360,196,601479000,0.6495833333333334
2015-01-15,-104,-1292,431500040,1.5169444444444449
2015-01-15,-104,-1056,431154000,1.0223611111111113
2015-01-15,-104,-1057,431154000,3.624166666666667
2015-01-15,-104,-1206,432454000,1.7651388888888884
2015-01-15,-104,881,432848000,0.59305555555555556
2015-01-15,-104,882,432848000,0.15152777777777776
2015-01-15,153,1651,413270430,4.9693055555555556
2015-01-15,153,1651,412270058,0.93486111111111114
2015-01-15,153,1652,412270058,6.3163888888888895
2015-01-15,409,383,271072775,2.2506944444444446
2015-01-15,409,381,271072775,1.3772222222222221
2015-01-15,409,382,271072775,0.6580555555555555
2015-01-15,409,134,247111950,4.8
2015-01-15,409,137,247094550,10.122083333333334
2015-01-15,409,11,224012830,0.83777777777777773
2015-01-15,409,12,224012830,0.62486111111111109
2015-01-15,409,139,247110430,0.98305555555555557
2015-01-15,409,138,247110430,0.90041666666666664
2015-01-15,409,175,247124510,2.087361111111111
2015-01-15,409,174,247124510,1.5013888888888887
2015-01-15,409,177,247124510,0.68083333333333329
2015-01-15,409,176,247124510,1.9752777777777777
2015-01-15,409,138,247094050,2.3348611111111115
2015-01-15,409,137,247094050,3.4890277777777774
2015-01-15,409,16,224012840,1.1776388888888889
2015-01-15,409,13,224012860,0.77208333333333334
2015-01-15,409,276,271072061,2.0079166666666666
2015-01-15,409,11,224089920,1.7037499999999999
2015-01-15,409,137,247094080,2.4301388888888891
2015-01-15,409,174,247122240,2.8538888888888891
2015-01-15,409,175,247122240,4.50125
2015-01-15,409,276,271072580,2.2830555555555554
2015-01-15,409,277,271072580,1.8206944444444444
2015-01-15,409,174,247123020,1.7709722222222224
2015-01-15,409,173,247123020,5.9831944444444449
2015-01-15,409,12,224384590,0.28166666666666662
2015-01-15,409,383,271072849,8.5683333333333334
2015-01-15,409,383,271072851,4.2711111111111109
2015-01-15,409,289,271072853,0.3093055555555555
2015-01-15,409,175,247123030,1.4987500000000002
2015-01-15,409,174,247123030,2.2399999999999998
2015-01-15,409,84,247150940,0.91638888888888892
2015-01-15,409,83,247150940,0.20555555555555555
2015-01-15,409,278,271072095,0.23347222222222225
2015-01-15,409,277,271072095,0.25805555555555559
2015-01-15,409,276,271072095,1.7290277777777776
2015-01-15,409,287,271072608,2.0409722222222224
2015-01-15,409,289,271072100,0.40666666666666668
2015-01-15,409,289,271072357,3.7297222222222226
2015-01-15,409,137,247112550,2.5940277777777778
2015-01-15,409,138,247112550,4.3825
2015-01-15,409,277,271072103,1.7052777777777779
2015-01-15,409,138,247094120,1.8055555555555556
2015-01-15,409,137,247094120,1.53875
2015-01-15,409,15,224135530,2.2306944444444445
2015-01-15,409,16,224135530,1.3580555555555556
2015-01-15,409,276,2924,0.45416666666666672
2015-01-15,409,277,2924,2.2447222222222223
2015-01-15,409,133,247111020,3.2079166666666667
2015-01-15,409,132,247111020,1.8947222222222222
2015-01-15,409,130,247111020,1.7724999999999997
2015-01-15,409,131,247111020,3.1552777777777776
2015-01-15,409,384,271072629,1.6495833333333334
2015-01-15,409,383,271072629,5.6447222222222226
2015-01-15,409,11,224026230,1.2638888888888888
2015-01-15,409,383,271072119,1.1040277777777778
2015-01-15,409,174,247121530,0.715
2015-01-15,409,290,271072127,0.75958333333333339
2015-01-15,409,15,224119680,3.7388888888888885
2015-01-15,409,138,247113090,3.0461111111111112
2015-01-15,409,137,247113090,3.1973611111111113
2015-01-15,409,139,247113090,0.64819444444444441
2015-01-15,409,84,247150980,0.43041666666666667
2015-01-15,409,173,247121540,1.13875
2015-01-15,409,137,247094150,1.4252777777777779
2015-01-15,409,16,224011150,1.7913888888888889
2015-01-15,409,289,271056019,0.64
2015-01-15,409,11,224127390,12.279861111111112
2015-01-15,409,276,271072161,0.94500000000000006
2015-01-15,409,16,224208290,1.2694444444444444
2015-01-15,409,17,224208290,0.91361111111111115
2015-01-15,409,83,247151010,0.58208333333333329
2015-01-15,409,84,247151010,3.3665277777777778
2015-01-15,409,274,271056040,0.22444444444444445
2015-01-15,409,11,224095660,1.6620833333333334
2015-01-15,409,276,271072173,1.4354166666666666
2015-01-15,409,138,247094190,1.3505555555555553
2015-01-15,409,137,247094190,1.0104166666666665
2015-01-15,409,139,247094190,8.5280555555555555
2015-01-15,409,137,247110830,3.6780555555555554
2015-01-15,409,138,247110830,0.97444444444444434
2015-01-15,409,138,247113390,0.69666666666666666
2015-01-15,409,276,271072184,1.6163888888888891
2015-01-15,409,-91,224355000,0.25
2015-01-15,409,286,271056070,2.410277777777778
2015-01-15,409,12,224209620,1.5998611111111112
2015-01-15,409,13,224016340,1.1983333333333333
2015-01-15,409,83,247151060,1.1875
2015-01-15,409,83,247121620,0.64708333333333334
2015-01-15,409,84,247121620,1.242777777777778
2015-01-15,409,175,247123160,1.2766666666666668
2015-01-15,409,174,247123160,1.4899999999999998
2015-01-15,409,13,224253920,0.86944444444444446
2015-01-15,409,9,224002020,0.88180555555555551
2015-01-15,409,10,224002020,1.5469444444444447
2015-01-15,409,84,247151080,1.9234722222222222
2015-01-15,409,85,247151080,0.20736111111111111
2015-01-15,409,11,224250860,1.4694444444444441
2015-01-15,409,383,271072754,7.5777777777777775
2015-01-15,409,381,271072754,1.3123611111111111
2015-01-15,409,382,271072754,1.3368055555555556
2015-01-15,409,11,224339190,1.0583333333333333
2015-01-15,409,13,224382970,0.54875000000000007
2015-01-15,409,14,224382970,1.9733333333333332
2015-01-15,665,-546,331168000,0.25555555555555554
2015-01-15,665,-545,331168000,2.3513888888888888
2015-01-15,665,-546,331155000,0.49166666666666664
2015-01-15,665,-545,331165000,1.951111111111111
2015-01-15,665,-544,331165000,3.4523611111111112
2015-01-15,665,-546,331165000,1.1591666666666667
2015-01-15,665,-543,331165000,1.9516666666666667
2015-01-15,665,-546,331238000,3.8687500000000004
2015-01-15,665,-545,331238000,0.928611111111111
2015-01-15,665,-547,331238000,2.2148611111111114
2015-01-15,665,-251,251050110,1.0568055555555556
2015-01-15,665,-252,251050110,0.836388888888889
2015-01-15,665,-253,251050110,0.637361111111111
2015-01-15,665,-250,251050110,0.84013888888888888
2015-01-15,665,-251,251047110,0.2113888888888889
2015-01-15,665,-250,251047110,0.4136111111111111
2015-01-15,665,-546,331074000,3.1084722222222219
2015-01-15,665,132,257496800,3.5645833333333337
2015-01-15,-359,1363,503016720,9.02513888888889
2015-01-15,-359,220,601799000,1.2000000000000002
2015-01-15,-103,-1292,431500040,1.669583333333333
2015-01-15,-103,1235,525019442,12.423194444444444
2015-01-15,-103,-1055,431154000,1.2822222222222222
2015-01-15,-103,-1056,431154000,1.0320833333333332
2015-01-15,-103,-23,432444000,0.5673611111111112
2015-01-15,-103,-1206,432454000,1.3538888888888891
2015-01-15,-103,-1207,432454000,3.7180555555555559
2015-01-15,-103,1567,416004582,13.62027777777778
2015-01-15,154,1651,413270430,0.53430555555555559
2015-01-15,154,1648,413270430,0.28347222222222224
2015-01-15,154,1649,413270430,0.28833333333333333
2015-01-15,154,1650,413270430,1.2501388888888889
2015-01-15,154,1650,412270058,0.14180555555555557
2015-01-15,154,1651,412270058,0.37111111111111106
2015-01-15,410,13,224107270,1.7262500000000003
2015-01-15,410,14,224107270,0.85000000000000009
2015-01-15,410,16,224107270,0.48638888888888887
2015-01-15,410,15,224107270,1.1772222222222224
2015-01-15,410,134,247111950,0.54444444444444451
2015-01-15,410,136,247094550,8.3947222222222226
2015-01-15,410,138,247094050,8.285
2015-01-15,410,16,224175670,2.2190277777777774
2015-01-15,410,14,224175670,1.8347222222222221
2015-01-15,410,11,224089920,0.41388888888888886
2015-01-15,410,137,247094080,11.98625
2015-01-15,410,174,247122240,2.77
2015-01-15,410,172,247122240,0.62875
2015-01-15,410,173,247122240,5.1322222222222216
2015-01-15,410,129,247092290,1.1609722222222223
2015-01-15,410,128,247092290,0.68652777777777774
2015-01-15,410,138,247250760,2.7725
2015-01-15,410,134,247094090,1.6500000000000001
2015-01-15,410,136,247094090,1.9276388888888887
2015-01-15,410,133,247094090,1.0527777777777778
2015-01-15,410,135,247094090,1.9943055555555556
2015-01-15,410,172,247123020,2.6809722222222225
2015-01-15,410,173,247123020,4.6858333333333331
2015-01-15,410,14,224384590,1.1038888888888889
2015-01-15,410,13,224384590,1.2555555555555555
2015-01-15,410,12,224384590,0.77930555555555547
2015-01-15,410,13,224364880,1.55375
2015-01-15,410,14,224364880,0.95236111111111121
2015-01-15,410,172,247123030,0.4070833333333333
2015-01-15,410,173,247123030,6.1119444444444451
2015-01-15,410,174,247123030,2.5583333333333331
2015-01-15,410,18,224073560,2.7393055555555552
2015-01-15,410,17,224073560,3.0377777777777775
2015-01-15,410,135,247094110,8.800416666666667
2015-01-15,410,137,247094120,1.5231944444444443
2015-01-15,410,138,247094120,8.6934722222222227
2015-01-15,410,135,247094120,2.8736111111111109
2015-01-15,410,18,224163180,7.1822222222222232
2015-01-15,410,133,247111020,0.6725
2015-01-15,410,19,224011120,0.94319444444444445
2015-01-15,410,20,224011120,4.4580555555555552
2015-01-15,410,138,247113090,8.54361111111111
2015-01-15,410,172,247121540,5.5211111111111109
2015-01-15,410,171,247121540,0.65680555555555553
2015-01-15,410,173,247121540,2.5133333333333336
2015-01-15,410,136,247094150,5.0194444444444439
2015-01-15,410,137,247094150,8.0630555555555556
2015-01-15,410,132,247097740,5.0797222222222222
2015-01-15,410,133,247097740,4.1115277777777779
2015-01-15,410,16,224011150,2.9684722222222226
2015-01-15,410,19,224093590,1.7320833333333332
2015-01-15,410,20,224093590,0.88444444444444448
2015-01-15,410,10,224127390,0.43305555555555553
2015-01-15,410,11,224127390,0.8208333333333333
2015-01-15,410,83,247151010,0.86249999999999993
2015-01-15,410,84,247151010,0.44708333333333333
2015-01-15,410,18,224010920,6.3451388888888873
2015-01-15,410,11,224095660,0.62513888888888891
2015-01-15,410,137,247094190,1.0973611111111112
2015-01-15,410,136,247094190,9.4430555555555546
2015-01-15,410,19,224010950,1.1266666666666667
2015-01-15,410,20,224010950,0.30069444444444443
2015-01-15,410,397,271072198,1.5983333333333336
2015-01-15,410,17,224010960,5.5945833333333344
2015-01-15,410,83,247151060,0.54833333333333334
2015-01-15,410,84,247121620,0.82375
2015-01-15,410,83,247121620,3.137083333333333
2015-01-15,410,13,224255190,0.78805555555555551
2015-01-15,410,15,224255190,2.0209722222222224
2015-01-15,410,14,224255190,13.561111111111112
2015-01-15,410,175,247123160,1.1219444444444444
2015-01-15,410,174,247123160,6.47125
2015-01-15,410,173,247123160,6.0136111111111115
2015-01-15,410,136,247251930,4.5195833333333333
2015-01-15,410,10,224002020,0.10430555555555555
2015-01-15,410,14,224221160,1.0191666666666668
2015-01-15,410,15,224221160,1.0708333333333333
2015-01-15,410,13,224221160,1.2861111111111112
2015-01-15,410,11,224250860,0.61236111111111113
2015-01-15,410,397,271072239,18.548194444444444
2015-01-15,410,21,224137460,4.215416666666667
2015-01-15,410,17,224278780,3.8875
2015-01-15,410,18,224278780,1.0138888888888888
2015-01-15,666,-249,251038000,1.0384722222222222
2015-01-15,666,-248,251038000,3.5348611111111108
2015-01-15,666,-544,331238000,1.4418055555555556
2015-01-15,666,-545,331238000,0.4926388888888889
2015-01-15,666,-249,251050110,1.2169444444444444
2015-01-15,666,-248,251050110,5.115
2015-01-15,666,-248,251047110,2.2986111111111112
2015-01-15,666,-249,251047110,1.2143055555555555
2015-01-15,666,-250,251047110,0.23152777777777778
2015-01-15,666,130,257307120,0.28763888888888889
2015-01-15,-358,220,601799000,1.4293055555555556
2015-01-15,-358,221,601799000,2.379027777777778
2015-01-15,-358,222,601799000,0.054027777777777779
2015-01-15,-102,-1292,431500040,1.3415277777777777
2015-01-15,-102,-1055,431154000,2.449583333333333
2015-01-15,-102,879,432848000,0.25722222222222224
2015-01-15,-102,903,432353000,4.9558333333333326
2015-01-15,-102,904,432353000,0.61902777777777773
2015-01-15,-102,902,432353000,0.32208333333333333
2015-01-15,155,1647,413270430,4.9627777777777773
2015-01-15,155,1649,413270430,1.7654166666666669
2015-01-15,155,1646,413270430,0.67736111111111108
2015-01-15,155,1645,413270430,3.0722222222222224
2015-01-15,155,1649,412270058,1.1180555555555556
2015-01-15,411,130,247092230,6.5426388888888889
2015-01-15,411,22,224235270,1.7655555555555555
2015-01-15,411,23,224235270,1.6187500000000001
2015-01-15,411,24,224235270,0.89
2015-01-15,411,16,224107270,0.33638888888888885
2015-01-15,411,18,224169750,0.80388888888888888
2015-01-15,411,17,224169750,1.5006944444444446
2015-01-15,411,133,247094040,3.0244444444444443
2015-01-15,411,135,247094040,8.5705555555555559
2015-01-15,411,132,247094040,0.44597222222222221
2015-01-15,411,134,247094040,2.03125
2015-01-15,411,130,247110170,0.20847222222222223
2015-01-15,411,135,247094050,11.710694444444446
2015-01-15,411,17,224102690,2.7858333333333332
2015-01-15,411,16,224102690,3.9636111111111108
2015-01-15,411,23,224014120,3.2845833333333334
2015-01-15,411,24,224014120,1.08375
2015-01-15,411,22,224014120,1.0919444444444446
2015-01-15,411,374,271072555,2.8141666666666669
2015-01-15,411,173,247123250,3.5794444444444444
2015-01-15,411,90,247154230,3.286111111111111
2015-01-15,411,374,271072315,3.774861111111111
2015-01-15,411,20,224097340,3.2745833333333332
2015-01-15,411,21,224097340,0.60236111111111112
2015-01-15,411,136,247094080,1.4388888888888889
2015-01-15,411,128,247092290,7.7136111111111108
2015-01-15,411,296,271062084,6.2394444444444455
2015-01-15,411,133,247092550,3.5254166666666666
2015-01-15,411,134,247092550,1.58625
2015-01-15,411,131,247092550,0.45569444444444446
2015-01-15,411,132,247092550,5.6372222222222224
2015-01-15,411,136,247250760,12.1325
2015-01-15,411,135,247094090,1.7116666666666664
2015-01-15,411,133,247099210,2.7399999999999998
2015-01-15,411,132,247099210,5.0472222222222216
2015-01-15,411,131,247099210,0.46555555555555556
2015-01-15,411,134,247099210,1.8391666666666668
2015-01-15,411,130,247092310,4.3591666666666677
2015-01-15,411,129,247092310,2.5480555555555551
2015-01-15,411,134,247094110,0.73888888888888893
2015-01-15,411,135,247094110,1.0552777777777778
2015-01-15,411,134,247092320,1.4194444444444445
2015-01-15,411,131,247092320,0.47208333333333335
2015-01-15,411,133,247092320,4.0245833333333332
2015-01-15,411,132,247092320,4.4636111111111116
2015-01-15,411,18,224198240,2.6254166666666667
2015-01-15,411,17,224198240,2.0736111111111111
2015-01-15,411,16,224198240,1.1
2015-01-15,411,135,247094120,9.55111111111111
2015-01-15,411,130,247092330,1.9404166666666667
2015-01-15,411,129,247092330,0.85194444444444439
2015-01-15,411,18,224163180,0.25277777777777777
2015-01-15,411,17,224343920,2.0218055555555554
2015-01-15,411,134,247091570,10.557361111111112
2015-01-15,411,133,247091570,6.6970833333333317
2015-01-15,411,169,247123060,6.902222222222222
2015-01-15,411,290,271072122,1.2827777777777776
2015-01-15,411,290,271072123,1.2850000000000001
2015-01-15,411,290,271072126,10.600138888888891
2015-01-15,411,169,247123070,12.244722222222222
2015-01-15,411,290,271072127,2.1844444444444444
2015-01-15,411,170,247121540,0.632638888888889
2015-01-15,411,171,247121540,2.5754166666666665
2015-01-15,411,172,247121540,3.0070833333333336
2015-01-15,411,135,247094150,10.991805555555556
2015-01-15,411,168,247127430,2.2644444444444445
2015-01-15,411,167,247127430,0.64347222222222222
2015-01-15,411,170,247127430,1.1169444444444445
2015-01-15,411,169,247127430,3.8606944444444444
2015-01-15,411,374,271072399,12.996111111111112
2015-01-15,411,134,247092370,1.8170833333333334
2015-01-15,411,131,247092370,1.2051388888888888
2015-01-15,411,133,247092370,4.4336111111111105
2015-01-15,411,132,247092370,5.3913888888888888
2015-01-15,411,20,224093590,3.0112500000000004
2015-01-15,411,132,247094170,0.78583333333333327
2015-01-15,411,133,247094170,12.881111111111112
2015-01-15,411,134,247094170,10.795138888888889
2015-01-15,411,134,247092390,2.575277777777778
2015-01-15,411,133,247092390,3.1970833333333335
2015-01-15,411,132,247092390,1.67375
2015-01-15,411,18,224010920,0.71611111111111114
2015-01-15,411,22,224085930,1.0754166666666665
2015-01-15,411,170,247120310,0.9875
2015-01-15,411,171,247120310,2.245972222222222
2015-01-15,411,18,224123580,5.1616666666666671
2015-01-15,411,14,224093380,1.2309722222222224
2015-01-15,411,16,224093380,2.3718055555555555
2015-01-15,411,15,224093380,12.041666666666664
2015-01-15,411,19,224010950,0.21527777777777779
2015-01-15,411,20,224010950,2.3852777777777776
2015-01-15,411,132,247094220,1.5958333333333337
2015-01-15,411,134,247094220,3.5876388888888884
2015-01-15,411,135,247094220,0.86111111111111116
2015-01-15,411,133,247094220,1.6233333333333335
2015-01-15,411,136,247094220,7.6549999999999994
2015-01-15,411,135,247251930,0.63888888888888884
2015-01-15,411,22,224137460,4.3511111111111109
2015-01-15,411,312,271072251,2.0209722222222224
2015-01-15,411,17,224278780,1.1123611111111111
2015-01-15,667,-247,251038000,5.9409722222222232
2015-01-15,667,-248,251038000,7.570555555555555
2015-01-15,667,124,257413720,0.99208333333333332
2015-01-15,667,-248,251153000,6.5965277777777782
2015-01-15,667,-247,251153000,12.210972222222219
2015-01-15,667,-248,251050110,3.5126388888888891
2015-01-15,667,-538,331225000,2.4269444444444446
2015-01-15,667,-539,331225000,3.3119444444444444
2015-01-15,667,132,257160620,12.805277777777778
2015-01-15,667,-248,251047110,8.8480555555555576
2015-01-15,667,-247,251047110,2.6744444444444442
2015-01-15,-357,222,601799000,0.28361111111111115
2015-01-15,-357,191,601223000,0.505
2015-01-15,-101,-1292,431500040,2.7376388888888887
2015-01-15,-101,-1052,431154000,1.0590277777777777
2015-01-15,-101,-1053,431154000,3.3723611111111107
2015-01-15,-101,-22,432444000,0.20305555555555557
2015-01-15,-101,-37,431602020,3.4655555555555555
2015-01-15,-101,-33,431602020,3.68625
2015-01-15,-101,1636,416002681,11.70736111111111
2015-01-15,-101,879,432848000,0.32625
2015-01-15,-101,878,432848000,2.701805555555556
2015-01-15,-101,1567,416004582,12.020972222222223
2015-01-15,-101,905,432353000,3.3401388888888888
2015-01-15,-101,903,432353000,0.67055555555555557
2015-01-15,-101,902,432353000,0.66541666666666666
2015-01-15,-101,904,432353000,2.0672222222222221
2015-01-15,156,1648,412270058,0.49458333333333337
2015-01-15,156,1644,412270058,2.6765277777777778
2015-01-15,156,1647,412270059,2.5233333333333334
2015-01-15,156,1648,412270059,4.7262499999999985
2015-01-15,156,1649,412270059,0.31944444444444448
2015-01-15,156,1650,412270059,1.3523611111111111
2015-01-15,156,1646,412270059,6.6833333333333336
2015-01-15,412,130,247092230,0.88291666666666657
2015-01-15,412,129,247092230,4.5333333333333332
2015-01-15,412,24,224235270,0.90347222222222223
2015-01-15,412,312,271073035,0.48958333333333337
2015-01-15,412,313,271073035,2.484861111111111
2015-01-15,412,22,224304660,1.2583333333333331
2015-01-15,412,24,224304660,0.901111111111111
2015-01-15,412,23,224304660,3.1322222222222216
2015-01-15,412,21,224368920,0.83083333333333342
2015-01-15,412,130,247110170,0.44861111111111107
2015-01-15,412,129,247110170,5.8304166666666664
2015-01-15,412,128,247110170,0.85708333333333331
2015-01-15,412,21,224245280,0.23930555555555555
2015-01-15,412,23,224245280,3.4301388888888891
2015-01-15,412,24,224245280,0.76374999999999993
2015-01-15,412,22,224245280,3.4169444444444448
2015-01-15,412,24,224014120,0.2625
2015-01-15,412,173,247123250,17.221805555555555
2015-01-15,412,295,271072567,1.9723611111111112
2015-01-15,412,296,271072567,1.817638888888889
2015-01-15,412,296,271072056,2.0055555555555555
2015-01-15,412,295,271072056,1.1618055555555555
2015-01-15,412,21,224097340,1.6930555555555555
2015-01-15,412,22,224097340,0.20194444444444443
2015-01-15,412,131,247092550,0.88458333333333339
2015-01-15,412,132,247092550,6.6548611111111118
2015-01-15,412,132,247099210,1.2530555555555556
2015-01-15,412,131,247099210,1.0013888888888889
2015-01-15,412,296,271062098,1.4368055555555557
2015-01-15,412,295,271062098,2.2740277777777775
2015-01-15,412,130,247092310,0.58027777777777767
2015-01-15,412,129,247092310,3.0373611111111112
2015-01-15,412,296,271062105,0.22375
2015-01-15,412,168,247127390,9.3320833333333333
2015-01-15,412,169,247127390,0.63611111111111107
2015-01-15,412,132,247092320,0.65125000000000011
2015-01-15,412,295,271062113,1.7491666666666665
2015-01-15,412,296,271062113,4.0030555555555551
2015-01-15,412,129,247092330,5.0930555555555559
2015-01-15,412,130,247092330,0.4959722222222222
2015-01-15,412,169,247123060,6.1708333333333334
2015-01-15,412,169,247123070,10.755694444444446
2015-01-15,412,132,247092370,0.29291666666666666
2015-01-15,412,-694,367306390,1.689861111111111
2015-01-15,412,-693,367306390,3.0254166666666666
2015-01-15,412,372,271072160,12.489583333333334
2015-01-15,412,294,271072934,0.66555555555555557
2015-01-15,412,133,247092390,3.3234722222222222
2015-01-15,412,132,247092390,1.4083333333333332
2015-01-15,412,24,224085930,1.8915277777777779
2015-01-15,412,23,224085930,1.9952777777777779
2015-01-15,412,296,271072690,0.49263888888888885
2015-01-15,412,295,271072690,5.4350000000000014
2015-01-15,412,169,247120310,1.5333333333333334
2015-01-15,412,170,247120310,13.274722222222222
2015-01-15,412,313,271072187,0.21791666666666668
2015-01-15,412,291,271072226,7.4255555555555555
2015-01-15,412,22,224220140,1.732361111111111
2015-01-15,412,21,224220140,0.42277777777777775
2015-01-15,412,24,224220140,2.5154166666666664
2015-01-15,412,23,224220140,4.0356944444444443
2015-01-15,412,296,271072250,3.39375
2015-01-15,412,295,271072250,0.81958333333333333
2015-01-15,412,312,271072251,5.4115277777777768
2015-01-15,412,313,271072251,1.0134722222222223
2015-01-15,668,-247,251038000,3.3284722222222216
2015-01-15,668,-247,251153000,2.0675000000000003
2015-01-15,668,-246,251153000,0.63458333333333328
2015-01-15,668,-237,251178110,0.61125
2015-01-15,668,-235,251178110,1.4651388888888888
2015-01-15,668,-236,251178110,0.63569444444444445
2015-01-15,668,-239,251178110,0.64902777777777776
2015-01-15,668,-240,251178110,0.41375
2015-01-15,668,-238,251178110,0.20111111111111113
2015-01-15,668,-248,251050110,0.62652777777777779
2015-01-15,668,-247,251050110,2.0902777777777777
2015-01-15,668,-248,251047110,0.20944444444444446
2015-01-15,668,-246,251047110,4.147222222222223
2015-01-15,668,-247,251047110,1.1330555555555555
2015-01-15,668,136,257136340,1.7556944444444447
2015-01-15,668,135,257136340,0.23958333333333334
2015-01-15,-356,191,601223000,2.806944444444444
2015-01-15,-356,190,601223000,1.6363888888888887
2015-01-15,-100,632,533333009,10.789166666666667
2015-01-15,-100,-1052,431154000,1.6091666666666669
2015-01-15,-100,-1050,431154000,0.72333333333333338
2015-01-15,-100,-1051,431154000,0.47513888888888889
2015-01-15,-100,543,416004187,5.0891666666666673
2015-01-15,-100,542,416004187,24.264305555555556
2015-01-15,-100,-22,432444000,0.28347222222222224
2015-01-15,-100,902,432353000,0.74458333333333326
2015-01-15,-100,905,432353000,2.9918055555555561
2015-01-15,157,-171,663000000,2.7826388888888887
2015-01-15,157,1647,412270058,2.7070833333333333
2015-01-15,157,1643,412270058,1.7399999999999995
2015-01-15,157,1644,412270058,0.28347222222222224
2015-01-15,413,127,247090950,14.836805555555555
2015-01-15,413,126,247090950,1.7581944444444444
2015-01-15,413,313,271073035,2.6648611111111111
2015-01-15,413,25,224017170,0.27375
2015-01-15,413,26,224098580,2.0691666666666668
2015-01-15,413,25,224098580,2.4008333333333334
2015-01-15,413,27,224098580,1.0768055555555556
2015-01-15,413,24,224304660,2.2029166666666669
2015-01-15,413,365,271072279,1.4277777777777778
2015-01-15,413,364,271072279,9.3891666666666662
2015-01-15,413,365,271072283,6.6625
2015-01-15,413,364,271072283,3.0555555555555554
2015-01-15,413,365,271072285,3.3875
2015-01-15,413,364,271072285,3.9684722222222217
2015-01-15,413,127,247090980,1.92875
2015-01-15,413,126,247090980,6.9704166666666669
2015-01-15,413,364,271072048,2.9545833333333333
2015-01-15,413,365,271072048,6.9681944444444444
2015-01-15,413,363,271072048,1.5209722222222222
2015-01-15,413,295,271062066,9.1923611111111114
2015-01-15,413,296,271062066,5.0225
2015-01-15,413,363,271072050,1.5722222222222222
2015-01-15,413,364,271072050,9.8290277777777781
2015-01-15,413,296,271072056,1.8205555555555555
2015-01-15,413,295,271072056,9.3694444444444454
2015-01-15,413,22,224097340,0.64722222222222214
2015-01-15,413,295,271062084,2.3766666666666669
2015-01-15,413,122,247093060,3.5723611111111113
2015-01-15,413,295,271062098,4.8487500000000008
2015-01-15,413,296,271062098,1.4340277777777777
2015-01-15,413,168,247127390,9.4358333333333331
2015-01-15,413,294,271069034,17.301944444444445
2015-01-15,413,24,224156790,0.62097222222222226
2015-01-15,413,126,247081850,3.0469444444444442
2015-01-15,413,366,271062142,1.9122222222222223
2015-01-15,413,364,271062142,3.6075
2015-01-15,413,363,271062142,1.6790277777777778
2015-01-15,413,365,271062142,3.8063888888888893
2015-01-15,413,126,247081090,3.3175
2015-01-15,413,27,224006280,1.5027777777777778
2015-01-15,413,26,224006280,0.2125
2015-01-15,413,27,224093580,2.3927777777777779
2015-01-15,413,26,224093580,0.6166666666666667
2015-01-15,413,-694,367306390,16.365277777777781
2015-01-15,413,-693,367306390,0.2361111111111111
2015-01-15,413,25,224304540,0.62625
2015-01-15,413,126,247090850,8.2031944444444438
2015-01-15,413,125,247090850,1.55
2015-01-15,413,127,247090850,2.1111111111111107
2015-01-15,413,294,271072934,2.3516666666666666
2015-01-15,413,292,271072934,2.526388888888889
2015-01-15,413,126,247091110,9.1733333333333338
2015-01-15,413,24,224085930,1.2505555555555554
2015-01-15,413,23,224085930,1.2422222222222223
2015-01-15,413,126,247090860,2.902916666666667
2015-01-15,413,127,247090860,8.554722222222221
2015-01-15,413,126,247091120,1.4058333333333335
2015-01-15,413,-92,224355000,0.27541666666666664
2015-01-15,413,313,271072187,9.2901388888888885
2015-01-15,413,25,225980880,1.1447222222222222
2015-01-15,413,126,247113940,5.764444444444444
2015-01-15,413,127,247113940,0.65375
2015-01-15,413,363,271072216,4.8377777777777782
2015-01-15,413,313,271072223,0.42388888888888887
2015-01-15,413,26,224020960,6.1138888888888889
2015-01-15,413,25,224020960,1.4176388888888889
2015-01-15,413,365,271072738,5.7051388888888894
2015-01-15,413,364,271072738,3.4381944444444441
2015-01-15,413,27,224066530,2.3327777777777778
2015-01-15,413,295,271072250,0.15
2015-01-15,669,-239,251178110,4.7440277777777782
2015-01-15,669,-240,251178110,3.9665277777777779
2015-01-15,669,-241,251145110,2.7847222222222223
2015-01-15,669,-239,251145110,6.2323611111111115
2015-01-15,669,-240,251145110,1.2388888888888889
2015-01-15,669,-538,331225000,1.3187499999999999
2015-01-15,669,-239,251025110,1.0419444444444443
2015-01-15,669,-240,251025110,1.0558333333333334
2015-01-15,-355,188,601182000,8.7669444444444444
2015-01-15,-355,189,601223000,2.0605555555555557
2015-01-15,-355,190,601223000,0.24152777777777776
2015-01-15,-99,1362,503001110,9.9881944444444457
2015-01-15,-99,1358,503001110,4.6248611111111115
2015-01-15,-99,-1050,431154000,0.42236111111111108
2015-01-15,-99,-24,432444000,0.34305555555555556
2015-01-15,-99,-22,432444000,0.57902777777777781
2015-01-15,-99,1639,416002681,12.40486111111111
2015-01-15,-99,902,432353000,2.1066666666666669
2015-01-15,-99,27,431457000,0.24722222222222223
2015-01-15,-99,26,431457000,3.0740277777777778
2015-01-15,158,-171,663000000,1.25
2015-01-15,414,125,247090950,4.6333333333333337
2015-01-15,414,126,247090950,4.4890277777777783
2015-01-15,414,23,224324620,2.5781944444444442
2015-01-15,414,26,224017170,1.5716666666666665
2015-01-15,414,25,224017170,1.588888888888889
2015-01-15,414,27,224098580,1.04625
2015-01-15,414,24,224102680,1.0194444444444444
2015-01-15,414,25,224102680,5.2304166666666658
2015-01-15,414,26,224102680,0.83444444444444443
2015-01-15,414,23,224004380,1.9140277777777777
2015-01-15,414,24,224004380,3.5544444444444445
2015-01-15,414,23,224009760,1.4456944444444444
2015-01-15,414,23,224217120,0.85097222222222224
2015-01-15,414,24,224217120,4.2018055555555556
2015-01-15,414,125,247252280,6.9573611111111111
2015-01-15,414,166,247121720,1.7044444444444447
2015-01-15,414,23,224137530,1.875
2015-01-15,414,24,224137530,2.3551388888888889
2015-01-15,414,23,224004420,3.0715277777777779
2015-01-15,414,121,247093060,2.495972222222222
2015-01-15,414,24,224007260,3.7655555555555562
2015-01-15,414,23,224007260,1.5384722222222222
2015-01-15,414,168,247127390,1.0197222222222222
2015-01-15,414,24,224007270,1.4512499999999997
2015-01-15,414,24,224025970,2.5011111111111108
2015-01-15,414,23,224025970,0.60111111111111115
2015-01-15,414,26,224156790,0.846111111111111
2015-01-15,414,25,224156790,2.4331944444444447
2015-01-15,414,24,224156790,0.20277777777777778
2015-01-15,414,124,247081850,3.64875
2015-01-15,414,123,247081850,0.9025
2015-01-15,414,24,224118650,1.4586111111111109
2015-01-15,414,23,224118650,1.4837500000000001
2015-01-15,414,366,271062142,0.67791666666666672
2015-01-15,414,125,247081090,2.0166666666666666
2015-01-15,414,27,224006280,2.1249999999999996
2015-01-15,414,28,224093580,0.42180555555555554
2015-01-15,414,27,224093580,4.0243055555555562
2015-01-15,414,124,247090830,1.8556944444444445
2015-01-15,414,125,247096470,1.148611111111111
2015-01-15,414,414,271072407,2.7580555555555555
2015-01-15,414,26,224304540,2.5829166666666672
2015-01-15,414,25,224304540,2.080972222222222
2015-01-15,414,27,224304540,1.6855555555555553
2015-01-15,414,414,271072415,0.17055555555555557
2015-01-15,414,126,247090860,0.25583333333333336
2015-01-15,414,125,247091120,4.8183333333333334
2015-01-15,414,24,224004280,0.62638888888888888
2015-01-15,414,25,224004280,0.20958333333333334
2015-01-15,414,24,224006840,3.7775000000000003
2015-01-15,414,126,247090880,5.7529166666666667
2015-01-15,414,24,224098760,3.3506944444444446
2015-01-15,414,25,224098760,0.62472222222222229
2015-01-15,414,24,224219340,1.4777777777777776
2015-01-15,414,24,224017870,0.20152777777777778
2015-01-15,414,25,224017870,0.83125
2015-01-15,414,23,224017870,2.745138888888889
2015-01-15,414,25,225980880,3.5775000000000006
2015-01-15,414,26,225980880,1.9097222222222223
2015-01-15,414,126,247113940,0.23652777777777778
2015-01-15,414,26,224244180,0.44875
2015-01-15,414,25,224244180,1.3140277777777778
2015-01-15,414,23,224070870,3.6268055555555558
2015-01-15,414,363,271072216,5.0718055555555557
2015-01-15,414,24,224190680,2.51375
2015-01-15,414,23,224101340,3.4291666666666663
2015-01-15,414,31,224141280,1.7398611111111111
2015-01-15,414,32,224141280,0.81833333333333336
2015-01-15,414,28,224066530,2.5920833333333335
2015-01-15,414,27,224066530,2.568888888888889
2015-01-15,670,-238,251178110,0.64611111111111108
2015-01-15,670,-239,251178110,0.20291666666666666
2015-01-15,670,-238,251145110,0.63472222222222219
2015-01-15,670,-239,251145110,1.0623611111111111
2015-01-15,670,-238,251025110,3.1055555555555552
2015-01-15,670,-237,251025110,0.21277777777777779
2015-01-15,670,-239,251025110,1.2595833333333333
2015-01-15,-354,186,601182000,0.24166666666666664
2015-01-15,-354,187,601182000,2.2022222222222223
2015-01-15,-98,873,431701560,0.85000000000000009
2015-01-15,-98,-1050,431154000,4.4223611111111119
2015-01-15,-98,-22,432444000,0.60277777777777775
2015-01-15,-98,562,416793000,3.149861111111111
2015-01-15,-98,545,416002508,5.84125
2015-01-15,-98,544,416002508,10.699444444444444
2015-01-15,-98,902,432353000,5.4097222222222214
2015-01-15,-98,28,431457000,0.35152777777777777
2015-01-15,-98,27,431457000,4.3161111111111108
2015-01-15,-98,26,431457000,0.1736111111111111
2015-01-15,159,-171,663000000,0.21361111111111111
2015-01-15,415,28,224106240,5.577638888888889
2015-01-15,415,26,224095240,1.9965277777777777
2015-01-15,415,166,247121160,17.516805555555553
2015-01-15,415,25,224017170,0.71972222222222215
2015-01-15,415,26,224017170,1.7291666666666667
2015-01-15,415,27,224017170,0.22402777777777777
2015-01-15,415,26,224010270,1.8683333333333334
2015-01-15,415,123,247253540,4.0929166666666665
2015-01-15,415,124,247252280,1.7029166666666666
2015-01-15,415,123,247252280,0.23319444444444443
2015-01-15,415,123,247093060,2.7302777777777778
2015-01-15,415,-187,263404870,3.2555555555555555
2015-01-15,415,-188,263404870,1.0904166666666666
2015-01-15,415,317,271069031,0.32333333333333331
2015-01-15,415,27,224156790,1.9941666666666666
2015-01-15,415,26,224156790,0.82347222222222216
2015-01-15,415,-707,338097273,2.432638888888889
2015-01-15,415,26,224221320,0.6413888888888889
2015-01-15,415,28,224093580,0.22222222222222221
2015-01-15,415,123,247090830,2.8937500000000003
2015-01-15,415,124,247090830,2.3183333333333334
2015-01-15,415,124,247096470,1.3905555555555555
2015-01-15,415,123,247096470,1.0722222222222222
2015-01-15,415,415,271072407,0.30333333333333334
2015-01-15,415,123,247091110,11.802916666666667
2015-01-15,415,123,247090880,6.8195833333333331
2015-01-15,415,25,224098760,0.41250000000000003
2015-01-15,415,26,225980880,0.4251388888888889
2015-01-15,415,26,224244180,1.3629166666666668
2015-01-15,415,27,224244180,0.22416666666666668
2015-01-15,415,123,247090910,9.71763888888889
2015-01-15,415,32,224141280,1.0033333333333332
2015-01-15,415,30,224141280,3.6741666666666668
2015-01-15,415,29,224089320,1.7545833333333332
2015-01-15,415,28,224089320,0.92722222222222217
2015-01-15,415,26,224010990,3.8062499999999995
2015-01-15,415,26,224066550,2.6640277777777777
2015-01-15,415,27,224066550,0.7615277777777778
2015-01-15,-353,186,601182000,2.1645833333333333
2015-01-15,-97,873,431701560,7.2811111111111106
2015-01-15,-97,-27,432444000,1.3677777777777778
2015-01-15,-97,-819,735057559,0.70166666666666666
2015-01-15,-97,562,416793000,3.8026388888888891
2015-01-15,-97,561,416793000,0.92486111111111113
2015-01-15,-97,26,431457000,0.84166666666666667
2015-01-15,-97,28,431457000,7.2577777777777772
2015-01-15,-97,27,431457000,1.1923611111111112
2015-01-15,-97,25,431457000,0.85291666666666655
2015-01-15,-97,608,416002039,10.88638888888889
2015-01-15,416,28,224106240,2.7930555555555561
2015-01-15,416,355,271072520,0.79152777777777783
2015-01-15,416,355,271072277,1.2227777777777777
2015-01-15,416,164,247122460,7.6608333333333327
2015-01-15,416,121,247092770,2.8097222222222222
2015-01-15,416,168,247120180,2.7116666666666669
2015-01-15,416,169,247120180,15.661527777777776
2015-01-15,416,120,247092790,5.0472222222222225
2015-01-15,416,119,247092790,1.1636111111111112
2015-01-15,416,165,247121720,1.5390277777777779
2015-01-15,416,166,247121720,3.7029166666666664
2015-01-15,416,123,247093060,1.2402777777777778
2015-01-15,416,122,247093060,0.62347222222222221
2015-01-15,416,120,247093060,2.4358333333333335
2015-01-15,416,119,247093060,0.49041666666666667
2015-01-15,416,355,271072349,6.4765277777777772
2015-01-15,416,119,247092830,0.83041666666666658
2015-01-15,416,120,247092830,6.1668055555555554
2015-01-15,416,27,224156790,0.48069444444444448
2015-01-15,416,27,224095360,0.86444444444444435
2015-01-15,416,123,247090830,0.64430555555555558
2015-01-15,416,355,271072145,9.2277777777777779
2015-01-15,416,123,247096470,0.39569444444444446
2015-01-15,416,121,247092920,0.22083333333333333
2015-01-15,416,166,247122130,13.81388888888889
2015-01-15,416,121,247099360,1.94
2015-01-15,416,121,247092980,2.02625
2015-01-15,416,122,247092980,2.1665277777777776
2015-01-15,416,27,224066550,11.559722222222222
2015-01-15,416,166,247121660,8.71638888888889
2015-01-15,-352,185,601182000,0.37041666666666667
2015-01-15,-352,185,601137200,0.35847222222222219
2015-01-15,-352,186,601137200,6.8969444444444434
2015-01-15,-352,186,601244000,0.0047222222222222223
2015-01-15,-352,186,601860000,8.992916666666666
2015-01-15,-96,2,431702580,4.9993055555555559
2015-01-15,-96,-28,432444000,5.4224999999999994
2015-01-15,-96,561,416793000,0.22777777777777777
2015-01-15,-96,560,416793000,0.61666666666666659
2015-01-15,-96,608,416002039,5.57375
2015-01-15,417,121,247092750,4.2252777777777784
2015-01-15,417,120,247092750,2.3033333333333332
2015-01-15,417,120,247093010,0.81069444444444438
2015-01-15,417,122,247093010,0.42333333333333334
2015-01-15,417,121,247093010,0.4177777777777778
2015-01-15,417,164,247122450,6.9155555555555548
2015-01-15,417,164,247122460,7.7891666666666666
2015-01-15,417,120,247092770,2.7316666666666665
2015-01-15,417,121,247092770,5.1062500000000011
2015-01-15,417,120,247093030,2.7041666666666671
2015-01-15,417,121,247093030,2.4075
2015-01-15,417,121,247092780,0.63180555555555551
2015-01-15,417,120,247092780,3.9451388888888892
2015-01-15,417,122,247092780,4.6
2015-01-15,417,164,247121710,11.28625
2015-01-15,417,121,247093040,3.068888888888889
2015-01-15,417,120,247093040,2.3490277777777773
2015-01-15,417,164,247121970,11.677916666666667
2015-01-15,417,120,247092790,1.65125
2015-01-15,417,119,247092790,0.846111111111111
2015-01-15,417,165,247121720,6.1380555555555549
2015-01-15,417,118,247093050,0.64041666666666663
2015-01-15,417,119,247093050,3.8944444444444448
2015-01-15,417,121,247093050,1.7052777777777774
2015-01-15,417,121,247092810,2.8980555555555552
2015-01-15,417,120,247092810,2.7179166666666665
2015-01-15,417,164,247127890,0.11097222222222222
2015-01-15,417,355,271069012,1.3651388888888887
2015-01-15,417,354,271069012,1.6237499999999998
2015-01-15,417,356,271072093,1.0494444444444444
2015-01-15,417,121,247092830,1.6462499999999998
2015-01-15,417,119,247092830,1.1600000000000001
2015-01-15,417,355,271069035,1.7233333333333332
2015-01-15,417,354,271069035,0.275
2015-01-15,417,354,271072625,2.3190277777777779
2015-01-15,417,355,271072625,0.26652777777777781
2015-01-15,417,166,247121010,0.11791666666666667
2015-01-15,417,354,271069043,0.59097222222222223
2015-01-15,417,355,271069043,2.25625
2015-01-15,417,120,247092860,1.035
2015-01-15,417,121,247092860,0.40597222222222218
2015-01-15,417,166,247121020,1.1015277777777777
2015-01-15,417,283,271072131,1.8654166666666665
2015-01-15,417,121,247092870,1.0472222222222223
2015-01-15,417,120,247092870,3.200277777777778
2015-01-15,417,164,247125640,0.10833333333333334
2015-01-15,417,354,271072145,0.49958333333333332
2015-01-15,417,121,247092890,0.83333333333333326
2015-01-15,417,120,247092890,3.0959722222222226
2015-01-15,417,120,247092920,2.9455555555555555
2015-01-15,417,121,247092920,4.3275000000000006
2015-01-15,417,-698,366900670,0.86375
2015-01-15,417,165,247122130,3.4593055555555554
2015-01-15,417,-698,366953940,0.39736111111111105
2015-01-15,417,120,247092950,0.20944444444444443
2015-01-15,417,120,247099360,3.5362500000000008
2015-01-15,417,121,247099360,2.2863888888888888
2015-01-15,417,283,271073008,1.5252777777777777
2015-01-15,417,121,247092980,1.0738888888888889
2015-01-15,417,120,247092980,2.42375
2015-01-15,417,121,247092990,3.90625
2015-01-15,417,120,247092990,1.8930555555555555
2015-01-15,673,-181,331143000,1.5875000000000004
2015-01-15,673,-180,331143000,0.90680555555555542
2015-01-15,673,-178,331143000,0.41958333333333331
2015-01-15,673,-183,331143000,0.67625
2015-01-15,673,-182,331143000,0.875
2015-01-15,673,-184,331143000,0.42944444444444446
2015-01-15,673,-177,331143000,2.9881944444444448
2015-01-15,673,141,257953500,1.5326388888888889
2015-01-15,-351,-563,770576130,9.7259722222222216
2015-01-15,-351,-563,770576131,0.60958333333333337
2015-01-15,-351,-564,770576131,4.0231944444444441
2015-01-15,-351,185,601137200,7.9336111111111123
2015-01-15,-351,-565,770576184,3.5177777777777779
2015-01-15,-351,-564,770576184,1.2306944444444445
2015-01-15,-351,-563,770576184,0.82624999999999993
2015-01-15,-95,-1689,368489000,7.3655555555555559
2015-01-15,-95,-1,431750000,5.9943055555555569
2015-01-15,-95,559,416793000,0.48916666666666664
2015-01-15,-95,560,416793000,0.39986111111111111
2015-01-15,418,119,247092750,1.0413888888888889
2015-01-15,418,120,247092750,3.8786111111111108
2015-01-15,418,121,247092750,2.3754166666666672
2015-01-15,418,165,247121680,0.66694444444444445
2015-01-15,418,120,247093010,4.4484722222222226
2015-01-15,418,121,247093010,1.0322222222222222
2015-01-15,418,119,247093010,1.6655555555555555
2015-01-15,418,164,247122450,3.1276388888888893
2015-01-15,418,163,247122450,1.2647222222222221
2015-01-15,418,120,247092770,2.4972222222222222
2015-01-15,418,121,247092770,2.0788888888888892
2015-01-15,418,121,247093030,1.0205555555555554
2015-01-15,418,119,247093030,1.0765277777777778
2015-01-15,418,120,247093030,4.6620833333333334
2015-01-15,418,119,247092780,1.6245833333333333
2015-01-15,418,121,247092780,1.2363888888888888
2015-01-15,418,120,247092780,3.8512500000000003
2015-01-15,418,164,247121710,5.9705555555555554
2015-01-15,418,120,247093040,3.1772222222222224
2015-01-15,418,121,247093040,3.0861111111111121
2015-01-15,418,119,247093040,0.8275
2015-01-15,418,164,247121970,5.2358333333333329
2015-01-15,418,120,247092790,1.8908333333333331
2015-01-15,418,121,247092790,2.2704166666666667
2015-01-15,418,165,247121720,3.1502777777777777
2015-01-15,418,118,247093050,1.4847222222222221
2015-01-15,418,121,247093050,1.4319444444444442
2015-01-15,418,-188,263404870,5.3470833333333339
2015-01-15,418,-189,263404870,7.309444444444444
2015-01-15,418,119,247092810,0.82472222222222213
2015-01-15,418,121,247092810,2.6677777777777778
2015-01-15,418,120,247092810,3.3504166666666664
2015-01-15,418,354,271069012,4.6125000000000007
2015-01-15,418,355,271069012,0.53333333333333333
2015-01-15,418,162,247125340,1.2598611111111113
2015-01-15,418,163,247125340,0.32347222222222222
2015-01-15,418,121,247092830,1.4377777777777778
2015-01-15,418,120,247092830,2.504027777777778
2015-01-15,418,355,271069035,1.5238888888888888
2015-01-15,418,354,271069035,4.9533333333333323
2015-01-15,418,163,247122030,0.84708333333333319
2015-01-15,418,164,247122030,11.290416666666667
2015-01-15,418,355,271072625,7.6420833333333338
2015-01-15,418,354,271072625,4.0877777777777773
2015-01-15,418,165,247121010,2.7276388888888889
2015-01-15,418,166,247121010,0.64305555555555549
2015-01-15,418,354,271069043,11.248055555555556
2015-01-15,418,355,271069043,0.55833333333333335
2015-01-15,418,165,247122040,9.9013888888888886
2015-01-15,418,120,247092860,3.7518055555555563
2015-01-15,418,121,247092860,1.2391666666666665
2015-01-15,418,119,247092860,2.0643055555555554
2015-01-15,418,165,247121020,2.1202777777777775
2015-01-15,418,283,271072131,12.48375
2015-01-15,418,165,247125380,1.6476388888888889
2015-01-15,418,120,247092870,5.5377777777777784
2015-01-15,418,121,247092870,3.0804166666666664
2015-01-15,418,119,247092870,0.84277777777777774
2015-01-15,418,163,247125640,6.4672222222222215
2015-01-15,418,164,247125640,1.7202777777777776
2015-01-15,418,166,247121810,2.9069444444444446
2015-01-15,418,165,247121810,0.65694444444444455
2015-01-15,418,121,247092890,1.2402777777777776
2015-01-15,418,120,247092890,5.1487500000000006
2015-01-15,418,119,247092890,1.2611111111111111
2015-01-15,418,162,247127450,0.40388888888888891
2015-01-15,418,162,247124380,0.21944444444444444
2015-01-15,418,164,247100580,1.1483333333333334
2015-01-15,418,164,247123880,1.38625
2015-01-15,418,162,247123630,1.0318055555555556
2015-01-15,418,121,247092920,3.1025
2015-01-15,418,119,247092920,0.88611111111111107
2015-01-15,418,120,247092920,3.2247222222222223
2015-01-15,418,165,247122130,7.3451388888888891
2015-01-15,418,119,247092950,1.0472222222222223
2015-01-15,418,120,247092950,4.9498611111111117
2015-01-15,418,121,247092950,1.2234722222222223
2015-01-15,418,120,247099360,4.3818055555555562
2015-01-15,418,121,247099360,2.1168055555555552
2015-01-15,418,163,247119090,2.4341666666666666
2015-01-15,418,121,247092980,1.2476388888888887
2015-01-15,418,120,247092980,5.3301388888888885
2015-01-15,418,165,247126260,6.8624999999999989
2015-01-15,418,121,247092990,2.4570833333333328
2015-01-15,418,120,247092990,4.125694444444445
2015-01-15,418,119,247092990,1.4666666666666663
2015-01-15,674,114,257050440,5.4833333333333334
2015-01-15,674,-186,331143000,0.60986111111111119
2015-01-15,674,-187,331143000,0.41902777777777778
2015-01-15,674,-180,331143000,1.5861111111111112
2015-01-15,674,-185,331143000,0.41236111111111112
2015-01-15,674,-179,331143000,1.9640277777777775
2015-01-15,674,-163,251756000,2.2888888888888888
2015-01-15,-350,185,601137200,4.2026388888888881
2015-01-15,-350,-564,770576184,0.20305555555555554
2015-01-15,-350,-565,770576184,0.835
2015-01-15,-94,583,416229900,5.052777777777778
2015-01-15,-94,-4,431750000,0.32111111111111112
2015-01-15,-94,559,416793000,4.0447222222222221
2015-01-15,-94,558,416793000,3.7331944444444445
2015-01-15,-94,642,312729000,6.0848611111111115
2015-01-15,419,120,247092750,0.21513888888888888
2015-01-15,419,165,247121680,4.7429166666666669
2015-01-15,419,120,247093010,1.0472222222222223
2015-01-15,419,118,247093010,1.2418055555555554
2015-01-15,419,119,247093010,3.0665277777777775
2015-01-15,419,163,247122450,3.1630555555555553
2015-01-15,419,164,247122450,0.21236111111111111
2015-01-15,419,153,247125790,1.5704166666666666
2015-01-15,419,152,247125790,1.3473611111111112
2015-01-15,419,154,247125790,1.0805555555555555
2015-01-15,419,417,271072287,2.0051388888888892
2015-01-15,419,417,271072033,4.2648611111111112
2015-01-15,419,416,271072033,0.2738888888888889
2015-01-15,419,417,271072038,5.3419444444444446
2015-01-15,419,120,247093030,0.83513888888888888
2015-01-15,419,119,247093030,1.2305555555555556
2015-01-15,419,120,247092780,0.82624999999999993
2015-01-15,419,119,247092780,1.8320833333333331
2015-01-15,419,162,247121710,1.7111111111111112
2015-01-15,419,160,247121710,0.21625
2015-01-15,419,163,247121710,3.7854166666666664
2015-01-15,419,161,247121710,1.4477777777777778
2015-01-15,419,164,247121710,2.285277777777778
2015-01-15,419,120,247093040,0.41694444444444445
2015-01-15,419,163,247121970,2.3302777777777779
2015-01-15,419,161,247121970,1.4458333333333331
2015-01-15,419,162,247121970,1.9054166666666665
2015-01-15,419,164,247121970,4.5659722222222223
2015-01-15,419,152,247111480,8.2343055555555544
2015-01-15,419,151,247111480,2.5106944444444452
2015-01-15,419,117,247094330,0.65027777777777773
2015-01-15,419,416,271072839,0.22638888888888889
2015-01-15,419,417,271072839,9.5988888888888884
2015-01-15,419,416,271069001,0.28763888888888889
2015-01-15,419,416,271069002,0.26833333333333331
2015-01-15,419,417,271069002,1.6241666666666668
2015-01-15,419,120,247092810,0.6594444444444445
2015-01-15,419,417,271069018,4.8190277777777784
2015-01-15,419,416,271069018,2.2666666666666666
2015-01-15,419,417,271069019,2.8005555555555555
2015-01-15,419,416,271069019,0.20416666666666666
2015-01-15,419,162,247125340,1.0401388888888889
2015-01-15,419,417,271069021,1.5019444444444447
2015-01-15,419,417,271069022,1.8170833333333336
2015-01-15,419,416,271069022,0.25027777777777777
2015-01-15,419,417,271069023,1.0284722222222222
2015-01-15,419,118,247094370,5.2579166666666675
2015-01-15,419,117,247094370,0.41111111111111109
2015-01-15,419,417,271069027,1.3527777777777776
2015-01-15,419,417,271072102,1.3906944444444442
2015-01-15,419,416,271072875,0.24986111111111109
2015-01-15,419,163,247122030,1.4545833333333331
2015-01-15,419,416,271069041,1.0563888888888888
2015-01-15,419,417,271069041,2.4558333333333335
2015-01-15,419,417,271069044,2.5118055555555561
2015-01-15,419,152,247125620,0.43791666666666662
2015-01-15,419,153,247125620,1.7845833333333339
2015-01-15,419,154,247125620,0.66083333333333338
2015-01-15,419,165,247122040,0.42388888888888887
2015-01-15,419,164,247122040,1.6893055555555556
2015-01-15,419,417,271072121,6.1683333333333321
2015-01-15,419,120,247092860,1.0513888888888889
2015-01-15,419,118,247092860,1.4570833333333333
2015-01-15,419,119,247092860,2.6720833333333331
2015-01-15,419,164,247121020,1.2641666666666667
2015-01-15,419,165,247121020,0.61694444444444452
2015-01-15,419,117,247128190,1.9859722222222218
2015-01-15,419,118,247128190,0.42486111111111113
2015-01-15,419,163,247124610,0.20430555555555557
2015-01-15,419,164,247124610,1.367777777777778
2015-01-15,419,282,271072131,1.1075
2015-01-15,419,164,247125380,1.4709722222222221
2015-01-15,419,165,247125380,0.89166666666666661
2015-01-15,419,120,247092870,0.41416666666666668
2015-01-15,419,152,247100040,0.99305555555555558
2015-01-15,419,151,247100040,2.0933333333333333
2015-01-15,419,153,247100040,5.3444444444444441
2015-01-15,419,154,247100040,5.390138888888889
2015-01-15,419,163,247125640,3.5238888888888895
2015-01-15,419,162,247125640,2.49875
2015-01-15,419,164,247125640,1.0711111111111111
2015-01-15,419,118,247094410,0.44708333333333333
2015-01-15,419,117,247094410,1.0977777777777777
2015-01-15,419,117,247099790,6.6373611111111117
2015-01-15,419,160,247122830,1.2515277777777778
2015-01-15,419,163,247122830,1.1476388888888889
2015-01-15,419,161,247122830,2.5972222222222223
2015-01-15,419,162,247122830,2.492777777777778
2015-01-15,419,161,247087510,2.0256944444444445
2015-01-15,419,120,247092890,1.0554166666666667
2015-01-15,419,119,247092890,1.4347222222222222
2015-01-15,419,161,247127450,1.5915277777777779
2015-01-15,419,162,247127450,1.1484722222222223
2015-01-15,419,160,247127450,0.43069444444444444
2015-01-15,419,162,247124380,0.44013888888888886
2015-01-15,419,161,247124380,0.21666666666666667
2015-01-15,419,117,247099810,0.42319444444444443
2015-01-15,419,164,247100580,0.58916666666666662
2015-01-15,419,163,247100580,1.2651388888888888
2015-01-15,419,417,271072168,4.5752777777777771
2015-01-15,419,416,271072168,2.0666666666666664
2015-01-15,419,163,247123880,0.8666666666666667
2015-01-15,419,164,247123880,1.4845833333333336
2015-01-15,419,417,271072172,3.3484722222222216
2015-01-15,419,416,271072172,0.34125
2015-01-15,419,160,247123630,0.42208333333333337
2015-01-15,419,162,247123630,1.2308333333333332
2015-01-15,419,161,247123630,1.2583333333333331
2015-01-15,419,117,247099830,1.0625
2015-01-15,419,34,224107960,0.8058333333333334
2015-01-15,419,35,224107960,0.20986111111111111
2015-01-15,419,164,247131080,2.1920833333333336
2015-01-15,419,417,271072969,2.8743055555555554
2015-01-15,419,118,247092950,2.3131944444444441
2015-01-15,419,119,247092950,2.3005555555555555
2015-01-15,419,120,247092950,1.0352777777777777
2015-01-15,419,120,247099360,0.21652777777777776
2015-01-15,419,152,247122920,1.6884722222222219
2015-01-15,419,153,247122920,1.5723611111111109
2015-01-15,419,154,247122920,1.54
2015-01-15,419,161,247119090,1.8933333333333333
2015-01-15,419,163,247119090,5.2601388888888891
2015-01-15,419,162,247119090,2.0376388888888886
2015-01-15,419,120,247092980,0.81930555555555562
2015-01-15,419,165,247126260,1.8865277777777776
2015-01-15,419,164,247126260,0.63902777777777775
2015-01-15,419,417,271072246,8.2637499999999982
2015-01-15,419,416,271072246,1.5913888888888887
2015-01-15,419,158,247081980,0.4193055555555556
2015-01-15,419,160,247081980,0.56694444444444447
2015-01-15,419,156,247081980,0.88638888888888889
2015-01-15,419,155,247081980,0.44680555555555557
2015-01-15,419,159,247081980,0.44027777777777777
2015-01-15,419,120,247092990,0.63472222222222219
2015-01-15,675,-152,251125000,0.29291666666666666
2015-01-15,675,116,258015500,10.090277777777779
2015-01-15,675,115,258143000,2.3
2015-01-15,675,114,258143000,13.961388888888891
2015-01-15,675,-188,331143000,0.87916666666666665
2015-01-15,675,-209,251036110,1.5001388888888889
2015-01-15,675,-211,251036110,2.4405555555555556
2015-01-15,675,-175,251756000,1.5429166666666667
2015-01-15,-605,-467,259539000,1.524861111111111
2015-01-15,-349,732,224122000,0.81666666666666665
2015-01-15,-349,1363,503584700,3.8754166666666667
2015-01-15,-349,234,601335000,0.98736111111111113
2015-01-15,-349,233,601335000,11.540277777777778
2015-01-15,-93,583,416229900,7.652916666666667
2015-01-15,-93,-4,431750000,0.97333333333333338
2015-01-15,-93,-2,431750000,0.94694444444444437
2015-01-15,-93,-6,431750000,3.1418055555555555
2015-01-15,-93,-5,431750000,0.94305555555555542
2015-01-15,-93,-1,431750000,0.36513888888888885
2015-01-15,-93,0,431750000,1.3169444444444445
2015-01-15,-93,-3,431750000,4.1393055555555556
2015-01-15,-93,558,416793000,4.6933333333333334
2015-01-15,-93,1692,440195000,8.7993055555555539
2015-01-15,164,-265,224081690,4.1822222222222223
2015-01-15,164,-268,224081690,3.2597222222222224
2015-01-15,164,-264,224081690,2.0083333333333337
2015-01-15,420,150,247102720,0.31638888888888889
2015-01-15,420,116,247094280,0.4276388888888889
2015-01-15,420,150,247102730,0.40569444444444447
2015-01-15,420,149,247102730,0.21097222222222223
2015-01-15,420,151,247100430,0.61402777777777784
2015-01-15,420,150,247100430,0.42194444444444446
2015-01-15,420,32,224058130,2.7084722222222224
2015-01-15,420,416,271072022,0.7286111111111111
2015-01-15,420,416,271072023,2.2936111111111113
2015-01-15,420,417,271072023,3.8205555555555559
2015-01-15,420,417,271072024,4.4193055555555558
2015-01-15,420,156,247125790,1.7226388888888886
2015-01-15,420,151,247125790,0.10263888888888889
2015-01-15,420,153,247125790,1.5656944444444445
2015-01-15,420,155,247125790,3.9684722222222226
2015-01-15,420,152,247125790,1.5370833333333334
2015-01-15,420,154,247125790,5.3573611111111106
2015-01-15,420,416,271072287,1.2538888888888886
2015-01-15,420,417,271072287,2.0902777777777777
2015-01-15,420,416,271072033,2.175
2015-01-15,420,337,271072289,2.83375
2015-01-15,420,32,224143650,3.3191666666666673
2015-01-15,420,417,271072034,1.5290277777777777
2015-01-15,420,417,271072035,2.6162500000000004
2015-01-15,420,416,271072035,3.4245833333333331
2015-01-15,420,417,271072036,1.7977777777777779
2015-01-15,420,416,271072036,6.5470833333333331
2015-01-15,420,416,271072037,5.2494444444444452
2015-01-15,420,117,247094310,4.7825000000000006
2015-01-15,420,-665,316013350,0.78333333333333333
2015-01-15,420,32,224070440,1.8770833333333332
2015-01-15,420,33,224070440,1.0525
2015-01-15,420,416,271072041,2.7895833333333333
2015-01-15,420,417,271072041,3.7980555555555555
2015-01-15,420,33,224080940,2.2970833333333336
2015-01-15,420,32,224080940,0.62249999999999994
2015-01-15,420,160,247121710,1.0308333333333333
2015-01-15,420,160,247121970,1.2331944444444445
2015-01-15,420,150,247111480,2.305277777777778
2015-01-15,420,149,247111480,1.3394444444444444
2015-01-15,420,151,247111480,1.2793055555555557
2015-01-15,420,116,247094330,3.4819444444444443
2015-01-15,420,117,247094330,2.1884722222222224
2015-01-15,420,417,271072839,2.4652777777777777
2015-01-15,420,416,271072839,3.21375
2015-01-15,420,416,271069001,3.4879166666666666
2015-01-15,420,417,271069001,1.1994444444444443
2015-01-15,420,416,271069002,1.2022222222222221
2015-01-15,420,417,271069002,4.624305555555555
2015-01-15,420,157,247123530,0.83333333333333326
2015-01-15,420,162,247123530,0.46972222222222221
2015-01-15,420,159,247123530,1.903888888888889
2015-01-15,420,161,247123530,1.28
2015-01-15,420,160,247123530,1.2309722222222221
2015-01-15,420,158,247123530,1.2362499999999998
2015-01-15,420,159,247124560,2.697916666666667
2015-01-15,420,158,247124560,3.8161111111111112
2015-01-15,420,157,247124560,4.544722222222223
2015-01-15,420,156,247124560,0.60722222222222222
2015-01-15,420,160,247124560,1.7616666666666667
2015-01-15,420,33,224070230,0.41347222222222224
2015-01-15,420,32,224070230,2.5359722222222221
2015-01-15,420,114,247094360,0.51791666666666669
2015-01-15,420,161,247121240,1.6723611111111112
2015-01-15,420,160,247121240,0.22111111111111109
2015-01-15,420,32,224070490,0.67736111111111108
2015-01-15,420,416,271069019,2.2420833333333334
2015-01-15,420,417,271069019,1.6695833333333332
2015-01-15,420,416,271069020,5.65013888888889
2015-01-15,420,417,271069021,0.2993055555555556
2015-01-15,420,416,271069021,3.5011111111111108
2015-01-15,420,416,271069022,2.9740277777777782
2015-01-15,420,417,271069022,3.5586111111111105
2015-01-15,420,417,271069023,2.3281944444444442
2015-01-15,420,416,271069023,2.4606944444444441
2015-01-15,420,416,271069024,5.0819444444444439
2015-01-15,420,117,247094370,4.063194444444445
2015-01-15,420,116,247094370,0.53166666666666662
2015-01-15,420,417,271069027,4.9654166666666661
2015-01-15,420,417,271072102,0.50958333333333328
2015-01-15,420,416,271072102,1.1931944444444444
2015-01-15,420,159,247126890,1.2541666666666664
2015-01-15,420,157,247126890,1.2511111111111113
2015-01-15,420,160,247126890,3.7119444444444447
2015-01-15,420,158,247126890,1.047638888888889
2015-01-15,420,417,271072875,3.7586111111111111
2015-01-15,420,416,271072875,3.7181944444444448
2015-01-15,420,162,247122030,1.0331944444444445
2015-01-15,420,163,247122030,0.62361111111111112
2015-01-15,420,160,247122030,2.4865277777777774
2015-01-15,420,159,247122030,1.2426388888888888
2015-01-15,420,161,247122030,2.4763888888888888
2015-01-15,420,417,271069041,2.5029166666666667
2015-01-15,420,416,271069041,6.81986111111111
2015-01-15,420,163,247121010,2.734861111111111
2015-01-15,420,162,247121010,1.252361111111111
2015-01-15,420,160,247121010,0.20847222222222223
2015-01-15,420,161,247121010,1.3875
2015-01-15,420,417,271069044,1.0316666666666667
2015-01-15,420,153,247125620,4.9772222222222213
2015-01-15,420,155,247125620,3.5322222222222219
2015-01-15,420,152,247125620,1.8026388888888887
2015-01-15,420,151,247125620,1.0225
2015-01-15,420,156,247125620,0.87361111111111112
2015-01-15,420,154,247125620,3.7780555555555555
2015-01-15,420,162,247122040,0.84458333333333335
2015-01-15,420,163,247122040,1.6981944444444443
2015-01-15,420,164,247122040,0.21388888888888891
2015-01-15,420,160,247121020,0.40166666666666667
2015-01-15,420,162,247121020,1.28375
2015-01-15,420,163,247121020,1.4749999999999999
2015-01-15,420,164,247121020,0.63305555555555548
2015-01-15,420,161,247121020,1.2343055555555558
2015-01-15,420,116,247128190,4.3359722222222228
2015-01-15,420,118,247128190,0.85763888888888884
2015-01-15,420,117,247128190,4.32736111111111
2015-01-15,420,162,247124610,1.6788888888888889
2015-01-15,420,161,247124610,0.8306944444444444
2015-01-15,420,163,247124610,1.4515277777777778
2015-01-15,420,163,247125380,1.8684722222222221
2015-01-15,420,162,247125380,0.47361111111111115
2015-01-15,420,164,247125380,0.43
2015-01-15,420,-90,224051590,3.1841666666666666
2015-01-15,420,156,247122310,0.20958333333333334
2015-01-15,420,160,247122310,1.1390277777777778
2015-01-15,420,163,247122310,0.95138888888888884
2015-01-15,420,157,247122310,1.894722222222222
2015-01-15,420,161,247122310,1.6704166666666667
2015-01-15,420,162,247122310,1.5018055555555554
2015-01-15,420,159,247122310,1.5569444444444445
2015-01-15,420,158,247122310,1.2581944444444444
2015-01-15,420,117,247094410,8.2216666666666658
2015-01-15,420,161,247122570,1.2347222222222221
2015-01-15,420,159,247122570,1.2320833333333334
2015-01-15,420,163,247122570,1.1597222222222223
2015-01-15,420,158,247122570,0.41666666666666669
2015-01-15,420,162,247122570,1.0555555555555556
2015-01-15,420,160,247122570,1.6734722222222222
2015-01-15,420,116,247099790,2.7420833333333334
2015-01-15,420,117,247099790,2.1268055555555554
2015-01-15,420,159,247122830,0.824861111111111
2015-01-15,420,162,247122830,6.56861111111111
2015-01-15,420,163,247122830,1.7305555555555556
2015-01-15,420,161,247122830,0.48597222222222225
2015-01-15,420,160,247122830,0.61680555555555561
2015-01-15,420,416,271072146,4.4483333333333333
2015-01-15,420,33,224005270,3.5250000000000008
2015-01-15,420,34,224005270,2.2841666666666667
2015-01-15,420,158,247280790,1.2443055555555553
2015-01-15,420,156,247280790,5.1837500000000016
2015-01-15,420,157,247280790,4.6304166666666662
2015-01-15,420,159,247280790,1.0268055555555555
2015-01-15,420,155,247280790,4.7429166666666669
2015-01-15,420,160,247087510,1.476388888888889
2015-01-15,420,161,247087510,2.3223611111111113
2015-01-15,420,-666,316111000,2.6111111111111112
2015-01-15,420,-667,316111000,5.3161111111111108
2015-01-15,420,153,247100570,5.6330555555555568
2015-01-15,420,152,247100570,1.4654166666666664
2015-01-15,420,154,247100570,13.62013888888889
2015-01-15,420,155,247100570,2.3648611111111109
2015-01-15,420,151,247100570,1.0447222222222221
2015-01-15,420,152,247103130,0.831388888888889
2015-01-15,420,151,247103130,1.6436111111111111
2015-01-15,420,161,247122330,1.1059722222222221
2015-01-15,420,158,247122330,1.4705555555555554
2015-01-15,420,159,247122330,1.0265277777777777
2015-01-15,420,160,247122330,1.216388888888889
2015-01-15,420,157,247122330,0.20861111111111111
2015-01-15,420,159,247127450,1.2547222222222221
2015-01-15,420,160,247127450,0.84694444444444439
2015-01-15,420,158,247127450,0.72527777777777769
2015-01-15,420,32,224248220,2.7330555555555556
2015-01-15,420,156,247124380,1.6705555555555556
2015-01-15,420,161,247124380,1.0655555555555556
2015-01-15,420,158,247124380,1.4184722222222221
2015-01-15,420,157,247124380,1.224861111111111
2015-01-15,420,159,247124380,1.6359722222222222
2015-01-15,420,160,247124380,2.1233333333333335
2015-01-15,420,155,247124380,1.0568055555555556
2015-01-15,420,117,247099810,2.6711111111111112
2015-01-15,420,116,247099810,1.8861111111111111
2015-01-15,420,152,247100580,1.048888888888889
2015-01-15,420,151,247100580,0.4193055555555556
2015-01-15,420,163,247100580,0.82763888888888892
2015-01-15,420,160,247124390,1.448333333333333
2015-01-15,420,161,247124390,0.64847222222222223
2015-01-15,420,159,247124390,1.4406944444444445
2015-01-15,420,162,247080360,1.1527777777777777
2015-01-15,420,160,247080360,1.2679166666666664
2015-01-15,420,163,247080360,0.65250000000000008
2015-01-15,420,161,247080360,1.2375
2015-01-15,420,153,247146920,1.6709722222222223
2015-01-15,420,150,247146920,0.44444444444444442
2015-01-15,420,155,247146920,0.93333333333333335
2015-01-15,420,151,247146920,1.2775
2015-01-15,420,152,247146920,2.5226388888888889
2015-01-15,420,154,247146920,2.6195833333333329
2015-01-15,420,416,271072168,0.23777777777777775
2015-01-15,420,417,271072168,3.9295833333333334
2015-01-15,420,163,247123880,1.6722222222222221
2015-01-15,420,162,247123880,1.4747222222222223
2015-01-15,420,149,247076010,0.40986111111111112
2015-01-15,420,417,271072172,0.98875
2015-01-15,420,416,271072172,4.6347222222222229
2015-01-15,420,158,247122350,1.2370833333333335
2015-01-15,420,157,247122350,0.6068055555555556
2015-01-15,420,161,247122350,1.0822222222222222
2015-01-15,420,159,247122350,1.2568055555555553
2015-01-15,420,160,247122350,1.0202777777777778
2015-01-15,420,162,247122350,0.41930555555555554
2015-01-15,420,158,247123630,0.20166666666666666
2015-01-15,420,160,247123630,0.80958333333333332
2015-01-15,420,159,247123630,1.2347222222222221
2015-01-15,420,159,247125680,1.0358333333333334
2015-01-15,420,158,247125680,1.47375
2015-01-15,420,161,247125680,1.3294444444444444
2015-01-15,420,160,247125680,1.2402777777777776
2015-01-15,420,116,247099830,4.0538888888888893
2015-01-15,420,117,247099830,1.6818055555555556
2015-01-15,420,35,224107960,1.7994444444444446
2015-01-15,420,34,224107960,1.0313888888888889
2015-01-15,420,32,224133306,1.4420833333333334
2015-01-15,420,-664,316001726,16.951527777777777
2015-01-15,420,114,247097280,5.7416666666666663
2015-01-15,420,115,247097280,0.76722222222222225
2015-01-15,420,417,271072196,3.1555555555555559
2015-01-15,420,162,247131080,0.77111111111111108
2015-01-15,420,163,247131080,1.3940277777777779
2015-01-15,420,416,271072969,5.9765277777777781
2015-01-15,420,118,247092950,0.84194444444444438
2015-01-15,420,161,247120602,0.887361111111111
2015-01-15,420,162,247120602,0.898611111111111
2015-01-15,420,32,224218850,2.2751388888888888
2015-01-15,420,33,224218850,1.2469444444444442
2015-01-15,420,417,271072997,0.77944444444444438
2015-01-15,420,416,271072487,4.6273611111111119
2015-01-15,420,152,247122920,0.20444444444444443
2015-01-15,420,155,247122920,0.65680555555555564
2015-01-15,420,151,247122920,1.4
2015-01-15,420,153,247122920,16.57930555555556
2015-01-15,420,154,247122920,4.8548611111111111
2015-01-15,420,161,247119090,1.2584722222222222
2015-01-15,420,163,247119090,1.2650000000000001
2015-01-15,420,417,271072246,0.73277777777777775
2015-01-15,420,416,271072246,1.9306944444444445
2015-01-15,420,158,247081980,1.2568055555555555
2015-01-15,420,156,247081980,1.3655555555555554
2015-01-15,420,157,247081980,1.2515277777777776
2015-01-15,420,155,247081980,0.625
2015-01-15,420,160,247081980,0.44972222222222225
2015-01-15,420,155,247123710,5.17
2015-01-15,420,151,247123710,0.6430555555555556
2015-01-15,420,154,247123710,4.2738888888888882
2015-01-15,420,152,247123710,1.492777777777778
2015-01-15,420,156,247123710,2.56625
2015-01-15,420,153,247123710,3.8833333333333333
2015-01-15,676,114,258015500,2.2966666666666669
2015-01-15,676,-175,251756000,4.5573611111111116
2015-01-15,-604,-465,259539000,7.1245833333333337
2015-01-15,-348,248,601172000,7.4945833333333329
2015-01-15,-348,732,224122000,0.99611111111111117
2015-01-15,-348,246,601572000,1.2670833333333333
2015-01-15,-348,243,601572000,0.5083333333333333
2015-01-15,-348,245,601572000,1.2969444444444447
2015-01-15,-348,249,601572000,9.3781944444444445
2015-01-15,-348,247,601572000,1.5084722222222222
2015-01-15,-348,244,601572000,1.0666666666666669
2015-01-15,-348,248,601572000,4.4598611111111115
2015-01-15,-348,236,601335000,0.68375
2015-01-15,-348,1359,503016690,0.85666666666666669
2015-01-15,-348,1358,503016690,0.41500000000000004
2015-01-15,-92,680,416004675,6.3916666666666666
2015-01-15,-92,-4,431750000,0.70777777777777773
2015-01-15,-92,1,432408000,0.81625
2015-01-15,165,-269,224081690,4.0354166666666673
2015-01-15,165,-263,224081690,5.9286111111111115
2015-01-15,421,148,247102720,1.7123611111111112
2015-01-15,421,150,247102720,0.83319444444444446
2015-01-15,421,149,247102720,2.5009722222222224
2015-01-15,421,116,247094280,1.2469444444444442
2015-01-15,421,153,247100680,0.72583333333333333
2015-01-15,421,150,247100680,0.21236111111111111
2015-01-15,421,151,247100680,1.0391666666666666
2015-01-15,421,149,247102730,2.3515277777777777
2015-01-15,421,150,247102730,0.2540277777777778
2015-01-15,421,151,247100430,1.4609722222222221
2015-01-15,421,152,247100430,0.21819444444444447
2015-01-15,421,32,224058130,5.2833333333333341
2015-01-15,421,32,224143650,4.7615277777777774
2015-01-15,421,416,271072037,0.34
2015-01-15,421,116,247094310,4.7534722222222223
2015-01-15,421,115,247094310,1.3748611111111113
2015-01-15,421,32,224070440,0.69430555555555551
2015-01-15,421,33,224070440,2.6244444444444448
2015-01-15,421,32,224080940,0.46597222222222223
2015-01-15,421,33,224080940,1.4529166666666669
2015-01-15,421,116,247094320,0.66069444444444447
2015-01-15,421,117,247094320,0.21402777777777776
2015-01-15,421,148,247111480,1.7098611111111111
2015-01-15,421,149,247111480,1.0552777777777778
2015-01-15,421,116,247094330,2.4109722222222221
2015-01-15,421,115,247094330,1.6376388888888891
2015-01-15,421,116,247094340,3.7934722222222224
2015-01-15,421,115,247094340,1.7261111111111109
2015-01-15,421,151,247100490,1.1148611111111111
2015-01-15,421,157,247123530,0.81624999999999992
2015-01-15,421,156,247123530,2.4904166666666669
2015-01-15,421,156,247124560,4.1694444444444452
2015-01-15,421,157,247124560,0.63430555555555557
2015-01-15,421,32,224070230,1.6780555555555554
2015-01-15,421,33,224070230,1.661111111111111
2015-01-15,421,159,247121240,0.41111111111111109
2015-01-15,421,160,247121240,1.652222222222222
2015-01-15,421,32,224070490,6.7173611111111109
2015-01-15,421,32,224025180,0.30625
2015-01-15,421,33,224025180,1.4962499999999999
2015-01-15,421,148,247102560,1.8804166666666666
2015-01-15,421,149,247102560,4.5627777777777778
2015-01-15,421,159,247121010,1.2379166666666668
2015-01-15,421,158,247121010,1.6944444444444444
2015-01-15,421,157,247121010,1.0148611111111112
2015-01-15,421,160,247121010,1.0543055555555556
2015-01-15,421,162,247122040,0.85694444444444451
2015-01-15,421,160,247122040,0.47180555555555553
2015-01-15,421,161,247122040,1.4783333333333331
2015-01-15,421,148,247100540,2.8886111111111115
2015-01-15,421,158,247121020,1.2373611111111111
2015-01-15,421,159,247121020,1.6681944444444443
2015-01-15,421,157,247121020,1.2304166666666667
2015-01-15,421,160,247121020,0.81777777777777771
2015-01-15,421,159,247124610,4.3602777777777773
2015-01-15,421,160,247124610,2.9844444444444447
2015-01-15,421,158,247124610,1.6331944444444442
2015-01-15,421,161,247124610,0.60680555555555549
2015-01-15,421,161,247125380,1.6491666666666664
2015-01-15,421,160,247125380,0.40944444444444444
2015-01-15,421,162,247125380,0.888611111111111
2015-01-15,421,157,247122570,1.4234722222222222
2015-01-15,421,158,247122570,0.81513888888888886
2015-01-15,421,156,247122570,0.41708333333333336
2015-01-15,421,33,224005270,1.883472222222222
2015-01-15,421,32,224005270,0.20847222222222223
2015-01-15,421,157,247280790,1.0331944444444445
2015-01-15,421,158,247280790,0.83027777777777778
2015-01-15,421,-669,316111000,1.5177777777777781
2015-01-15,421,-672,316111000,2.4418055555555558
2015-01-15,421,-670,316111000,5.1158333333333337
2015-01-15,421,-668,316111000,3.8272222222222219
2015-01-15,421,-667,316111000,1.5831944444444446
2015-01-15,421,150,247103130,0.20972222222222223
2015-01-15,421,151,247103130,2.3168055555555553
2015-01-15,421,152,247103130,7.4131944444444446
2015-01-15,421,156,247122330,1.8474999999999997
2015-01-15,421,157,247122330,1.8344444444444443
2015-01-15,421,32,224248220,1.6301388888888888
2015-01-15,421,115,247099810,2.5816666666666666
2015-01-15,421,116,247099810,2.3377777777777777
2015-01-15,421,153,247100580,1.2606944444444443
2015-01-15,421,155,247100580,1.2290277777777778
2015-01-15,421,158,247100580,1.4181944444444443
2015-01-15,421,159,247100580,1.6497222222222221
2015-01-15,421,152,247100580,0.20847222222222223
2015-01-15,421,156,247100580,1.0426388888888889
2015-01-15,421,154,247100580,1.4529166666666664
2015-01-15,421,158,247124390,1.4652777777777777
2015-01-15,421,159,247124390,3.7048611111111112
2015-01-15,421,160,247080360,0.40458333333333335
2015-01-15,421,158,247080360,1.883472222222222
2015-01-15,421,157,247080360,1.4404166666666665
2015-01-15,421,156,247080360,0.815138888888889
2015-01-15,421,159,247080360,1.2399999999999998
2015-01-15,421,151,247146920,0.25416666666666665
2015-01-15,421,154,247146920,1.8899999999999997
2015-01-15,421,153,247146920,4.3977777777777778
2015-01-15,421,152,247146920,2.4165277777777781
2015-01-15,421,148,247076010,5.5038888888888895
2015-01-15,421,149,247076010,0.83472222222222225
2015-01-15,421,157,247122350,1.2143055555555555
2015-01-15,421,156,247122350,2.6916666666666664
2015-01-15,421,156,247125680,2.273333333333333
2015-01-15,421,155,247125680,0.62083333333333335
2015-01-15,421,157,247125680,2.1598611111111108
2015-01-15,421,153,247083190,3.5700000000000007
2015-01-15,421,154,247083190,3.3125
2015-01-15,421,152,247083190,3.8106944444444442
2015-01-15,421,155,247083190,1.0277777777777777
2015-01-15,421,116,247099830,1.4290277777777778
2015-01-15,421,115,247099830,3.0518055555555557
2015-01-15,421,35,224107960,1.1361111111111111
2015-01-15,421,32,224133306,5.3626388888888892
2015-01-15,421,115,247097280,0.46375
2015-01-15,421,114,247097280,5.7665277777777773
2015-01-15,421,151,247151810,0.64555555555555555
2015-01-15,421,153,247151810,1.8002777777777776
2015-01-15,421,152,247151810,7.2616666666666667
2015-01-15,421,162,247131080,1.0652777777777778
2015-01-15,421,160,247131080,0.47888888888888892
2015-01-15,421,161,247131080,1.5320833333333332
2015-01-15,421,156,247120602,0.8223611111111111
2015-01-15,421,160,247120602,1.236388888888889
2015-01-15,421,158,247120602,1.8456944444444443
2015-01-15,421,159,247120602,1.2330555555555556
2015-01-15,421,161,247120602,0.40847222222222224
2015-01-15,421,157,247120602,1.2405555555555554
2015-01-15,421,1413,431005919,0.71458333333333335
2015-01-15,421,151,247100640,0.6627777777777778
2015-01-15,421,147,247100640,0.26958333333333334
2015-01-15,421,152,247100640,0.62638888888888888
2015-01-15,421,148,247100640,3.3273611111111112
2015-01-15,421,32,224218850,2.9061111111111115
2015-01-15,421,33,224218850,1.6670833333333333
2015-01-15,421,416,271072487,0.2625
2015-01-15,421,116,247094260,6.2679166666666672
2015-01-15,421,115,247094260,0.27777777777777779
2015-01-15,421,117,247094260,0.45013888888888892
2015-01-15,421,148,247100660,5.1423611111111107
2015-01-15,421,149,247100660,0.86069444444444454
2015-01-15,421,150,247124220,5.70125
2015-01-15,677,114,258015500,3.8720833333333333
2015-01-15,-347,1746,512002055,0.75
2015-01-15,-347,250,601172000,6.0744444444444436
2015-01-15,-347,252,601172000,1.765
2015-01-15,-347,251,601172000,0.9575
2015-01-15,-347,733,224122000,0.3848611111111111
2015-01-15,-347,731,224122000,1.3958333333333333
2015-01-15,-347,732,224122000,1.0276388888888888
2015-01-15,-91,4,431753000,0.13625
2015-01-15,-91,1,432408000,0.30555555555555558
2015-01-15,-91,-1254,431701720,9.9456944444444435
2015-01-15,422,148,247102720,5.7645833333333334
2015-01-15,422,149,247102720,4.4048611111111109
2015-01-15,422,150,247102720,1.0765277777777778
2015-01-15,422,147,247102720,2.27
2015-01-15,422,153,247100680,0.622638888888889
2015-01-15,422,152,247100680,2.4094444444444449
2015-01-15,422,150,247100680,2.3570833333333332
2015-01-15,422,151,247100680,4.8929166666666672
2015-01-15,422,149,247102730,5.1694444444444434
2015-01-15,422,150,247102730,6.1611111111111114
2015-01-15,422,151,247100430,3.5622222222222222
2015-01-15,422,152,247100430,1.8897222222222221
2015-01-15,422,32,224058130,0.43597222222222221
2015-01-15,422,-90,224378390,0.35736111111111113
2015-01-15,422,32,224143650,0.21625
2015-01-15,422,115,247094310,0.24902777777777779
2015-01-15,422,31,224070440,7.4580555555555561
2015-01-15,422,33,224070440,2.0880555555555556
2015-01-15,422,32,224070440,0.26263888888888887
2015-01-15,422,147,247080240,0.42986111111111114
2015-01-15,422,115,247094340,0.81541666666666668
2015-01-15,422,114,247094340,2.8763888888888891
2015-01-15,422,152,247100490,1.0218055555555554
2015-01-15,422,151,247100490,1.0681944444444444
2015-01-15,422,-93,224067670,3.579305555555556
2015-01-15,422,33,224070230,1.0534722222222221
2015-01-15,422,32,224070230,0.6791666666666667
2015-01-15,422,158,247121240,1.659861111111111
2015-01-15,422,159,247121240,0.6068055555555556
2015-01-15,422,32,224070490,0.43305555555555553
2015-01-15,422,147,247102810,0.42805555555555552
2015-01-15,422,150,247102810,1.8763888888888889
2015-01-15,422,148,247102810,0.23027777777777778
2015-01-15,422,33,224025180,1.4312500000000001
2015-01-15,422,147,247102560,3.8313888888888887
2015-01-15,422,148,247102560,6.8683333333333323
2015-01-15,422,151,247100530,0.83763888888888893
2015-01-15,422,156,247121010,1.7595833333333333
2015-01-15,422,160,247122040,1.2533333333333332
2015-01-15,422,159,247122040,1.48125
2015-01-15,422,146,247100540,4.0661111111111108
2015-01-15,422,147,247100540,2.8594444444444442
2015-01-15,422,148,247100540,2.5825
2015-01-15,422,156,247121020,1.8579166666666662
2015-01-15,422,158,247124610,2.4984722222222224
2015-01-15,422,159,247125380,1.6475
2015-01-15,422,160,247125380,1.4515277777777778
2015-01-15,422,157,247125380,0.61833333333333329
2015-01-15,422,158,247125380,2.464722222222222
2015-01-15,422,33,224097160,4.7358333333333338
2015-01-15,422,156,247122570,2.0829166666666667
2015-01-15,422,-90,224082850,0.21069444444444446
2015-01-15,422,156,247100580,0.4186111111111111
2015-01-15,422,157,247100580,0.825
2015-01-15,422,35,224096680,4.2534722222222223
2015-01-15,422,36,224096680,5.5347222222222214
2015-01-15,422,147,247076010,4.8876388888888895
2015-01-15,422,149,247076010,1.625
2015-01-15,422,148,247076010,7.7208333333333332
2015-01-15,422,165,238104240,3.3584722222222223
2015-01-15,422,164,238104240,1.2522222222222221
2015-01-15,422,157,247125680,0.51
2015-01-15,422,146,247068080,4.6106944444444453
2015-01-15,422,147,247068080,5.1134722222222218
2015-01-15,422,146,247087540,0.58861111111111108
2015-01-15,422,151,247083190,0.33208333333333334
2015-01-15,422,152,247083190,0.5066666666666666
2015-01-15,422,155,247083190,0.41805555555555557
2015-01-15,422,156,247083190,0.60986111111111119
2015-01-15,422,35,224107960,1.9795833333333333
2015-01-15,422,32,224133306,0.25097222222222221
2015-01-15,422,146,247101630,1.3024999999999998
2015-01-15,422,147,247101630,7.5605555555555553
2015-01-15,422,148,247101630,6.0306944444444452
2015-01-15,422,151,247151810,5.6333333333333329
2015-01-15,422,114,247084740,10.890138888888888
2015-01-15,422,159,247131080,1.0691666666666668
2015-01-15,422,160,247131080,1.2681944444444446
2015-01-15,422,1413,431005919,1.0188888888888887
2015-01-15,422,151,247100640,1.8626388888888887
2015-01-15,422,147,247100640,5.3999999999999995
2015-01-15,422,150,247100640,0.21236111111111111
2015-01-15,422,33,224218850,0.41055555555555556
2015-01-15,422,147,247100660,4.3599999999999994
2015-01-15,422,148,247100660,2.0958333333333332
2015-01-15,422,147,247124220,8.2831944444444439
2015-01-15,678,119,258121000,3.0826388888888889
2015-01-15,678,120,258121000,3.0819444444444448
2015-01-15,-346,178,601062400,9.4294444444444441
2015-01-15,-346,1746,512002055,14.887500000000001
2015-01-15,-346,179,601097500,8.3083333333333336
2015-01-15,-346,178,601097500,2.4913888888888889
2015-01-15,-346,253,601172000,1.7319444444444443
2015-01-15,-346,254,601172000,0.59944444444444445
2015-01-15,-346,1735,512000061,11.82097222222222
2015-01-15,-346,733,224122000,0.71541666666666659
2015-01-15,-346,731,224122000,1.2968055555555555
2015-01-15,-346,734,224122000,0.37069444444444444
2015-01-15,-346,733,263576000,0.77708333333333335
2015-01-15,-346,253,601718000,4.972777777777778
2015-01-15,-90,-203,224308000,4.7283333333333353
2015-01-15,-90,4,431753000,0.41888888888888892
2015-01-15,-90,589,416236600,15.528194444444445
2015-01-15,-90,640,312729000,6.8312500000000007
2015-01-15,423,149,247100420,0.81972222222222224
2015-01-15,423,148,247100420,1.0347222222222221
2015-01-15,423,150,247100420,0.10291666666666667
2015-01-15,423,147,247104260,0.37750000000000006
2015-01-15,423,147,247100680,0.21694444444444444
2015-01-15,423,149,247100680,2.9661111111111111
2015-01-15,423,148,247100680,2.4833333333333334
2015-01-15,423,148,247102730,2.6541666666666668
2015-01-15,423,149,247102730,1.4820833333333334
2015-01-15,423,145,247281420,1.065
2015-01-15,423,147,247281420,1.5594444444444444
2015-01-15,423,149,247281420,2.56125
2015-01-15,423,148,247281420,1.7226388888888893
2015-01-15,423,146,247281420,1.7333333333333334
2015-01-15,423,144,247281420,0.41958333333333331
2015-01-15,423,153,247100430,0.62152777777777768
2015-01-15,423,152,247100430,5.00513888888889
2015-01-15,423,33,224214550,1.9023611111111112
2015-01-15,423,34,224214550,3.316527777777778
2015-01-15,423,148,247100450,2.7398611111111109
2015-01-15,423,149,247100450,0.10125
2015-01-15,423,33,224014890,0.6758333333333334
2015-01-15,423,34,224014890,0.215
2015-01-15,423,147,247080240,0.82208333333333339
2015-01-15,423,146,247080240,0.63513888888888892
2015-01-15,423,159,247121730,1.6472222222222221
2015-01-15,423,152,247100490,2.9375
2015-01-15,423,153,247100490,0.41819444444444442
2015-01-15,423,157,247121240,1.0483333333333333
2015-01-15,423,156,247121240,0.43194444444444446
2015-01-15,423,150,247102810,0.8386111111111112
2015-01-15,423,148,247102810,2.8670833333333334
2015-01-15,423,149,247102810,2.6502777777777777
2015-01-15,423,145,247100770,0.63888888888888884
2015-01-15,423,31,224106850,10.927777777777777
2015-01-15,423,32,224106850,3.1402777777777775
2015-01-15,423,145,247100780,0.21430555555555555
2015-01-15,423,32,224106860,4.8874999999999993
2015-01-15,423,152,247100530,1.8848611111111111
2015-01-15,423,159,247122040,1.6513888888888886
2015-01-15,423,145,247100540,1.7622222222222221
2015-01-15,423,144,247100540,0.31124999999999997
2015-01-15,423,146,247100540,2.0202777777777778
2015-01-15,423,31,224047490,3.0165277777777777
2015-01-15,423,32,224047490,2.4368055555555554
2015-01-15,423,158,247125380,0.40694444444444444
2015-01-15,423,157,247125380,1.0373611111111112
2015-01-15,423,145,247100550,7.4527777777777775
2015-01-15,423,147,247100550,2.5445833333333328
2015-01-15,423,32,224000390,0.93166666666666664
2015-01-15,423,156,247122570,1.6574999999999998
2015-01-15,423,144,247102110,0.21680555555555556
2015-01-15,423,145,247102110,2.5829166666666663
2015-01-15,423,37,224096680,1.0943055555555556
2015-01-15,423,35,224096680,0.44291666666666663
2015-01-15,423,36,224096680,1.8023611111111109
2015-01-15,423,145,247102380,1.905
2015-01-15,423,144,247102380,0.42430555555555555
2015-01-15,423,164,238104240,11.288055555555555
2015-01-15,423,165,238104240,4.054444444444445
2015-01-15,423,144,247101360,0.63361111111111112
2015-01-15,423,145,247101360,1.8745833333333333
2015-01-15,423,146,247068080,3.1369444444444445
2015-01-15,423,145,247068080,1.3588888888888888
2015-01-15,423,144,247087540,0.43888888888888888
2015-01-15,423,145,247087540,10.405277777777776
2015-01-15,423,146,247087540,5.52263888888889
2015-01-15,423,35,224096950,1.8594444444444447
2015-01-15,423,34,224096950,1.3968055555555554
2015-01-15,423,150,247084730,3.1001388888888881
2015-01-15,423,146,247101630,0.77277777777777779
2015-01-15,423,147,247101630,0.98291666666666666
2015-01-15,423,113,247084740,7.4677777777777772
2015-01-15,423,159,247131080,1.6879166666666667
2015-01-15,423,34,224072140,3.6788888888888889
2015-01-15,423,33,224072140,2.2231944444444443
2015-01-15,423,1415,431005919,1.8383333333333329
2015-01-15,423,1414,431005919,0.20166666666666666
2015-01-15,423,150,247100640,1.70125
2015-01-15,423,149,247100640,1.7066666666666666
2015-01-15,423,148,247100640,1.9266666666666667
2015-01-15,423,32,224104170,3.0111111111111111
2015-01-15,423,31,224104170,2.02625
2015-01-15,423,145,247100910,2.0302777777777781
2015-01-15,423,146,247100910,3.1445833333333337
2015-01-15,423,32,224104430,2.1552777777777776
2015-01-15,423,31,224104430,0.815
2015-01-15,423,34,224160250,2.7390277777777778
2015-01-15,-345,177,601062400,4.7373611111111114
2015-01-15,-345,255,601301000,0.21652777777777776
2015-01-15,-345,179,601097500,0.37847222222222221
2015-01-15,-345,177,601097500,2.5916666666666663
2015-01-15,-345,178,601097500,3.7461111111111114
2015-01-15,-345,734,224122000,0.94430555555555529
2015-01-15,-345,731,224122000,1.3440277777777778
2015-01-15,-345,735,263576000,0.69097222222222232
2015-01-15,-345,-752,725007600,0.92541666666666667
2015-01-15,-89,-18,431925000,3.4833333333333334
2015-01-15,-89,585,416229900,11.325833333333334
2015-01-15,-89,-202,224308000,0.16819444444444442
2015-01-15,-89,-203,224308000,0.622638888888889
2015-01-15,-89,640,312729000,3.9233333333333333
2015-01-15,168,-250,224098250,3.86263888888889
2015-01-15,424,143,247102210,0.41972222222222222
2015-01-15,424,150,247100420,1.8444444444444443
2015-01-15,424,149,247100420,1.2427777777777778
2015-01-15,424,147,247100680,0.4125
2015-01-15,424,1332,273350410,2.1526388888888888
2015-01-15,424,1331,273350410,1.2922222222222222
2015-01-15,424,146,247281420,1.7441666666666666
2015-01-15,424,147,247281420,1.5395833333333333
2015-01-15,424,148,247281420,1.6423611111111112
2015-01-15,424,144,247281420,1.0334722222222223
2015-01-15,424,145,247281420,3.8261111111111115
2015-01-15,424,152,247100430,1.6709722222222223
2015-01-15,424,153,247100430,5.3955555555555561
2015-01-15,424,144,247100190,5.1472222222222239
2015-01-15,424,143,247100190,0.84430555555555553
2015-01-15,424,146,247100190,3.5030555555555551
2015-01-15,424,148,247100190,1.370972222222222
2015-01-15,424,147,247100190,2.384722222222222
2015-01-15,424,145,247100190,2.64375
2015-01-15,424,149,247100450,1.8054166666666667
2015-01-15,424,146,247103780,0.40805555555555562
2015-01-15,424,148,247103780,0.42888888888888888
2015-01-15,424,147,247103780,1.4418055555555556
2015-01-15,424,33,224014890,5.5881944444444436
2015-01-15,424,277,207422000,0.20833333333333334
2015-01-15,424,147,247080240,1.0361111111111112
2015-01-15,424,32,227318070,1.6669444444444443
2015-01-15,424,277,207822650,3.3874999999999997
2015-01-15,424,276,207822650,2.0369444444444444
2015-01-15,424,143,247103040,4.45125
2015-01-15,424,144,247103040,9.2784722222222218
2015-01-15,424,144,247101250,8.9109722222222221
2015-01-15,424,143,247101250,2.933333333333334
2015-01-15,424,159,247121730,1.4261111111111111
2015-01-15,424,146,247102020,0.425
2015-01-15,424,145,247102020,1.463888888888889
2015-01-15,424,144,247102020,0.62777777777777777
2015-01-15,424,152,247100490,2.2984722222222222
2015-01-15,424,153,247100490,3.8612500000000005
2015-01-15,424,156,247121240,0.21527777777777779
2015-01-15,424,154,247121240,0.4276388888888889
2015-01-15,424,155,247121240,1.8681944444444443
2015-01-15,424,146,247100250,0.63180555555555562
2015-01-15,424,147,247100250,1.6791666666666665
2015-01-15,424,148,247102810,1.2734722222222221
2015-01-15,424,147,247102810,3.6133333333333342
2015-01-15,424,146,247102810,0.83847222222222229
2015-01-15,424,146,247100770,0.20680555555555555
2015-01-15,424,145,247100770,0.43291666666666667
2015-01-15,424,31,224106850,1.2956944444444445
2015-01-15,424,32,224106850,1.4968055555555557
2015-01-15,424,145,247100780,1.2415277777777778
2015-01-15,424,143,247100780,1.360972222222222
2015-01-15,424,144,247100780,5.9672222222222233
2015-01-15,424,32,224106860,3.8709722222222225
2015-01-15,424,145,247120240,10.653055555555557
2015-01-15,424,152,247100530,0.41375
2015-01-15,424,153,247100530,1.4794444444444443
2015-01-15,424,159,247122040,1.8475
2015-01-15,424,32,224047490,2.3451388888888891
2015-01-15,424,31,224047490,1.0644444444444443
2015-01-15,424,34,224000390,1.6348611111111113
2015-01-15,424,33,224000390,2.0758333333333332
2015-01-15,424,32,224000390,0.2097222222222222
2015-01-15,424,155,247122570,1.8780555555555556
2015-01-15,424,156,247122570,1.8644444444444443
2015-01-15,424,144,247102110,5.7330555555555556
2015-01-15,424,143,247102110,2.9552777777777779
2015-01-15,424,147,247104160,0.63416666666666666
2015-01-15,424,146,247104160,1.035
2015-01-15,424,37,224096680,0.46347222222222229
2015-01-15,424,143,247102380,4.0112500000000013
2015-01-15,424,144,247102380,6.7955555555555565
2015-01-15,424,143,247101360,2.7244444444444444
2015-01-15,424,144,247101360,7.5669444444444451
2015-01-15,424,145,247120560,0.20569444444444446
2015-01-15,424,145,247087540,0.42222222222222222
2015-01-15,424,33,224096950,2.432638888888889
2015-01-15,424,34,224096950,1.5012500000000002
2015-01-15,424,32,224096950,0.77166666666666672
2015-01-15,424,150,247084730,1.8398611111111112
2015-01-15,424,151,247084730,5.2405555555555559
2015-01-15,424,1415,431006152,1.4880555555555555
2015-01-15,424,159,247131080,1.8802777777777777
2015-01-15,424,150,247081440,0.81972222222222224
2015-01-15,424,143,247102180,1.0254166666666666
2015-01-15,424,144,247102180,1.0304166666666668
2015-01-15,424,32,224104170,1.8423611111111113
2015-01-15,424,31,224104170,1.768888888888889
2015-01-15,424,145,247100910,0.95569444444444451
2015-01-15,424,146,247100910,6.5670833333333336
2015-01-15,424,143,247102190,0.62763888888888886
2015-01-15,424,144,247102190,2.7395833333333339
2015-01-15,424,145,247102190,1.3329166666666667
2015-01-15,424,32,224104430,2.2665277777777777
2015-01-15,424,31,224104430,0.36888888888888888
2015-01-15,680,131,257413500,1.7509722222222222
2015-01-15,680,132,257099140,2.3448611111111113
2015-01-15,-344,178,601062400,1.6084722222222223
2015-01-15,-344,734,224122000,0.40708333333333335
2015-01-15,-344,743,263576000,0.80083333333333329
2015-01-15,-344,740,263576000,0.76666666666666661
2015-01-15,-344,-753,725007600,0.66416666666666668
2015-01-15,-344,-752,725007600,1.4405555555555556
2015-01-15,-88,-17,432276000,2.8080555555555557
2015-01-15,-88,-18,432276000,1.1972222222222222
2015-01-15,-88,-202,224308000,2.8062500000000004
2015-01-15,-88,-201,224308000,1.0245833333333334
2015-01-15,-88,9,431753000,2.3043055555555556
2015-01-15,425,146,247121920,8.4111111111111114
2015-01-15,425,142,247102210,1.8576388888888888
2015-01-15,425,143,247102210,3.3522222222222227
2015-01-15,425,150,247100420,1.6537499999999998
2015-01-15,425,142,247103750,6.2805555555555559
2015-01-15,425,143,247103750,1.1722222222222221
2015-01-15,425,32,224049670,1.2265277777777777
2015-01-15,425,153,247100430,0.21375
2015-01-15,425,143,247102490,1.0666666666666667
2015-01-15,425,144,247102490,0.20291666666666666
2015-01-15,425,142,247102490,2.7225
2015-01-15,425,143,247100190,1.4470833333333333
2015-01-15,425,97,227630880,3.9361111111111113
2015-01-15,425,96,227630880,0.663611111111111
2015-01-15,425,145,247102240,0.88069444444444445
2015-01-15,425,149,247100450,2.7445833333333334
2015-01-15,425,160,247122210,0.8305555555555556
2015-01-15,425,158,247122210,2.3120833333333333
2015-01-15,425,157,247122210,0.41819444444444442
2015-01-15,425,144,247084070,0.64430555555555558
2015-01-15,425,143,247084070,4.5102777777777776
2015-01-15,425,153,247151150,1.0293055555555557
2015-01-15,425,277,207422000,2.7376388888888887
2015-01-15,425,148,247080240,1.8854166666666665
2015-01-15,425,149,247080240,1.7565277777777779
2015-01-15,425,146,247100720,0.98319444444444448
2015-01-15,425,147,247100720,0.64055555555555554
2015-01-15,425,145,247100720,0.74472222222222229
2015-01-15,425,145,247101490,0.83194444444444438
2015-01-15,425,144,247101490,0.83041666666666658
2015-01-15,425,105,247065650,11.132916666666667
2015-01-15,425,144,247072820,2.9530555555555558
2015-01-15,425,143,247072820,1.4526388888888886
2015-01-15,425,31,227318070,0.81347222222222215
2015-01-15,425,32,227318070,6.1806944444444429
2015-01-15,425,277,207822650,2.1704166666666667
2015-01-15,425,143,247103040,5.0593055555555564
2015-01-15,425,143,247101250,2.3166666666666664
2015-01-15,425,142,247101250,4.5862500000000015
2015-01-15,425,160,247121730,1.0765277777777778
2015-01-15,425,144,247102020,0.42222222222222222
2015-01-15,425,147,247102020,1.5288888888888887
2015-01-15,425,148,247102020,0.21111111111111114
2015-01-15,425,143,247102020,0.21402777777777776
2015-01-15,425,146,247102020,0.78472222222222232
2015-01-15,425,105,247066180,4.7843055555555551
2015-01-15,425,106,247066180,6.9319444444444445
2015-01-15,425,109,247066180,6.5083333333333337
2015-01-15,425,104,247065670,1.8190277777777779
2015-01-15,425,105,247065670,3.3973611111111111
2015-01-15,425,153,247100490,2.2595833333333335
2015-01-15,425,152,247100490,0.50305555555555559
2015-01-15,425,143,247101520,0.42541666666666667
2015-01-15,425,142,247101520,6.3363888888888882
2015-01-15,425,143,247127120,0.41347222222222224
2015-01-15,425,145,247127120,7.5861111111111112
2015-01-15,425,146,247127120,4.9418055555555549
2015-01-15,425,144,247127120,1.2416666666666665
2015-01-15,425,146,247120980,3.7304166666666667
2015-01-15,425,106,247065940,12.150694444444445
2015-01-15,425,105,247065940,4.2863888888888884
2015-01-15,425,154,247121240,1.5029166666666667
2015-01-15,425,158,247121240,0.63874999999999993
2015-01-15,425,155,247121240,1.2388888888888887
2015-01-15,425,157,247121240,0.84263888888888894
2015-01-15,425,156,247121240,1.0468055555555555
2015-01-15,425,146,247102810,1.7113888888888886
2015-01-15,425,105,247065440,12.441111111111111
2015-01-15,425,104,247065440,0.65541666666666676
2015-01-15,425,146,247100770,1.8515277777777777
2015-01-15,425,145,247100260,1.3693055555555556
2015-01-15,425,144,247100260,0.41958333333333331
2015-01-15,425,146,247100260,0.41666666666666669
2015-01-15,425,141,247101540,3.1411111111111119
2015-01-15,425,142,247101540,5.0029166666666676
2015-01-15,425,143,247100780,2.2909722222222224
2015-01-15,425,142,247100780,0.43861111111111112
2015-01-15,425,143,247100270,0.64708333333333334
2015-01-15,425,153,247100530,1.4552777777777777
2015-01-15,425,146,247120760,10.232916666666664
2015-01-15,425,160,247122040,1.0331944444444443
2015-01-15,425,159,247122040,0.21361111111111111
2015-01-15,425,145,247081340,0.20847222222222223
2015-01-15,425,157,247121790,0.83166666666666667
2015-01-15,425,158,247121790,2.0652777777777778
2015-01-15,425,142,247102850,1.8722222222222218
2015-01-15,425,146,247281540,2.7300000000000004
2015-01-15,425,145,247281540,4.1427777777777779
2015-01-15,425,34,224000390,1.0683333333333334
2015-01-15,425,33,224000390,0.41833333333333333
2015-01-15,425,158,247122570,0.20152777777777778
2015-01-15,425,157,247122570,1.4445833333333333
2015-01-15,425,156,247122570,0.4029166666666667
2015-01-15,425,105,247083150,10.992638888888891
2015-01-15,425,104,247083150,1.3418055555555557
2015-01-15,425,144,247101590,0.95013888888888887
2015-01-15,425,143,247101590,1.3081944444444444
2015-01-15,425,143,247102110,2.6998611111111113
2015-01-15,425,142,247102110,4.3668055555555565
2015-01-15,425,146,247122080,7.1256944444444459
2015-01-15,425,143,247101610,1.0415277777777776
2015-01-15,425,143,247102380,2.0915277777777779
2015-01-15,425,143,247101360,2.1058333333333334
2015-01-15,425,145,247120560,4.439166666666666
2015-01-15,425,146,247120560,5.7881944444444446
2015-01-15,425,157,247121590,0.82180555555555568
2015-01-15,425,158,247121590,1.8724999999999998
2015-01-15,425,151,247084730,3.6970833333333335
2015-01-15,425,143,247101370,2.7309722222222228
2015-01-15,425,142,247101370,2.0559722222222221
2015-01-15,425,160,247131080,0.8225
2015-01-15,425,146,247103690,5.6658333333333335
2015-01-15,425,146,247101140,6.0597222222222209
2015-01-15,425,180,238921940,0.35555555555555557
2015-01-15,425,150,247081440,2.0581944444444442
2015-01-15,425,145,247100910,2.6997222222222224
2015-01-15,425,146,247100910,0.55291666666666661
2015-01-15,425,145,247102190,1.8718055555555555
2015-01-15,425,143,247102190,1.9054166666666665
2015-01-15,425,144,247102190,1.850972222222222
2015-01-15,425,142,247102190,0.20291666666666669
2015-01-15,425,32,224104430,2.7481944444444446
2015-01-15,425,149,247100920,0.47583333333333333
2015-01-15,425,150,247100920,1.2427777777777775
2015-01-15,681,129,257413500,7.7736111111111112
2015-01-15,681,131,257099140,2.3290277777777777
2015-01-15,-343,-742,725000311,0.80694444444444446
2015-01-15,-343,732,224122000,1.6295833333333334
2015-01-15,-343,-752,725007600,1.1477777777777778
2015-01-15,-87,-17,431925000,0.98013888888888889
2015-01-15,-87,-18,432276000,0.62777777777777777
2015-01-15,-87,-201,224308000,0.42194444444444446
2015-01-15,-87,-199,224308000,0.18791666666666668
2015-01-15,-87,-200,224308000,1.0094444444444444
2015-01-15,-87,8,431753000,1.0291666666666668
2015-01-15,-87,9,431753000,0.58305555555555566
2015-01-15,-87,413,412695660,10.640416666666667
2015-01-15,-87,417,412695660,16.148194444444446
2015-01-15,170,-1778,412329459,17.595277777777778
2015-01-15,426,141,247102210,0.43597222222222221
2015-01-15,426,143,247102210,3.8472222222222237
2015-01-15,426,142,247102210,3.5400000000000009
2015-01-15,426,150,247100420,2.0726388888888887
2015-01-15,426,142,247103750,3.4248611111111118
2015-01-15,426,141,247103750,1.1111111111111112
2015-01-15,426,33,224049670,0.83138888888888884
2015-01-15,426,32,224049670,0.82375
2015-01-15,426,141,247102490,1.0691666666666666
2015-01-15,426,144,247102490,2.2777777777777777
2015-01-15,426,143,247102490,3.7187499999999996
2015-01-15,426,142,247102490,2.1337499999999996
2015-01-15,426,31,227319580,1.8929166666666668
2015-01-15,426,95,227630880,2.441527777777778
2015-01-15,426,97,227630880,0.45444444444444443
2015-01-15,426,96,227630880,4.2193055555555556
2015-01-15,426,145,247102240,0.41958333333333336
2015-01-15,426,144,247102240,1.4222222222222221
2015-01-15,426,149,247100450,3.4986111111111113
2015-01-15,426,159,247122210,0.22777777777777777
2015-01-15,426,160,247122210,5.1080555555555547
2015-01-15,426,158,247122210,0.62777777777777777
2015-01-15,426,146,247103780,1.2652777777777779
2015-01-15,426,143,247084070,6.1431944444444451
2015-01-15,426,142,247084070,2.6097222222222225
2015-01-15,426,142,247101480,1.0552777777777775
2015-01-15,426,143,247101480,2.0086111111111111
2015-01-15,426,153,247151150,1.6804166666666667
2015-01-15,426,152,247151150,0.82513888888888887
2015-01-15,426,149,247080240,2.4711111111111115
2015-01-15,426,143,247072820,7.6915277777777771
2015-01-15,426,106,247066420,0.57527777777777778
2015-01-15,426,31,227318070,1.4313888888888888
2015-01-15,426,159,247125820,1.75875
2015-01-15,426,158,247125820,0.22111111111111112
2015-01-15,426,144,247051840,0.50291666666666668
2015-01-15,426,145,247051840,0.36375
2015-01-15,426,160,247121730,2.1168055555555556
2015-01-15,426,148,247102020,3.5481944444444444
2015-01-15,426,149,247102020,1.8849999999999998
2015-01-15,426,141,247101520,2.9219444444444447
2015-01-15,426,142,247101520,3.069722222222222
2015-01-15,426,147,247100250,0.6315277777777778
2015-01-15,426,146,247100250,0.61972222222222217
2015-01-15,426,105,247065690,12.71
2015-01-15,426,106,247065690,0.57777777777777783
2015-01-15,426,154,247080290,0.40541666666666665
2015-01-15,426,155,247080290,0.6231944444444445
2015-01-15,426,146,247100770,1.347777777777778
2015-01-15,426,147,247100770,3.0659722222222223
2015-01-15,426,146,247100260,0.82513888888888887
2015-01-15,426,142,247101540,2.0618055555555554
2015-01-15,426,141,247101540,8.1412499999999977
2015-01-15,426,39,228172900,0.27277777777777779
2015-01-15,426,144,247100780,4.7919444444444448
2015-01-15,426,143,247100780,1.8775
2015-01-15,426,144,247100270,0.43041666666666667
2015-01-15,426,145,247100270,0.90819444444444453
2015-01-15,426,157,247100530,1.2155555555555555
2015-01-15,426,156,247100530,1.8315277777777776
2015-01-15,426,177,238791540,2.6768055555555557
2015-01-15,426,180,238791540,1.2248611111111112
2015-01-15,426,176,238791540,1.1758333333333333
2015-01-15,426,179,238791540,3.4515277777777773
2015-01-15,426,178,238791540,3.7258333333333331
2015-01-15,426,159,247122040,1.035
2015-01-15,426,160,247122040,0.64291666666666669
2015-01-15,426,144,247081340,0.22194444444444444
2015-01-15,426,145,247081340,0.64041666666666663
2015-01-15,426,160,247121790,4.3984722222222219
2015-01-15,426,158,247121790,0.61694444444444441
2015-01-15,426,159,247121790,0.817638888888889
2015-01-15,426,144,247121280,1.3975
2015-01-15,426,155,247100290,0.40555555555555556
2015-01-15,426,156,247100290,1.28625
2015-01-15,426,141,247102850,1.4893055555555554
2015-01-15,426,144,247121290,1.7913888888888887
2015-01-15,426,145,247121290,0.43361111111111111
2015-01-15,426,143,247101590,3.5865277777777784
2015-01-15,426,144,247101590,4.0966666666666667
2015-01-15,426,144,247051930,1.0458333333333334
2015-01-15,426,142,247102110,0.20277777777777778
2015-01-15,426,144,247101610,2.994305555555556
2015-01-15,426,143,247101610,1.467222222222222
2015-01-15,426,142,247101610,1.6725000000000003
2015-01-15,426,105,247066290,12.592916666666666
2015-01-15,426,104,247066290,0.88611111111111107
2015-01-15,426,158,247121590,0.65555555555555556
2015-01-15,426,159,247121590,0.2038888888888889
2015-01-15,426,160,247121590,5.2183333333333337
2015-01-15,426,141,247101370,0.62527777777777782
2015-01-15,426,142,247101370,6.0270833333333336
2015-01-15,426,32,228198600,1.4369444444444444
2015-01-15,426,173,238160840,0.62986111111111109
2015-01-15,426,174,238160840,3.4665277777777774
2015-01-15,426,159,247131080,1.2309722222222221
2015-01-15,426,160,247131080,0.61777777777777776
2015-01-15,426,178,238921940,3.2827777777777776
2015-01-15,426,179,238921940,3.7400000000000007
2015-01-15,426,177,238921940,3.2466666666666666
2015-01-15,426,180,238921940,2.3277777777777779
2015-01-15,426,31,228178900,2.1369444444444445
2015-01-15,426,154,247150040,0.63319444444444439
2015-01-15,426,156,247150040,1.0345833333333334
2015-01-15,426,155,247150040,0.8325
2015-01-15,426,150,247076320,0.62777777777777777
2015-01-15,426,150,247081440,0.21083333333333332
2015-01-15,426,154,247081440,1.6652777777777776
2015-01-15,426,155,247081440,0.82652777777777786
2015-01-15,426,144,247102190,2.4963888888888888
2015-01-15,426,150,247100920,1.9741666666666666
2015-01-15,426,34,224072190,1.6581944444444447
2015-01-15,426,33,224072190,2.9640277777777779
2015-01-15,426,141,247080190,0.16097222222222221
2015-01-15,682,145,257133140,0.54152777777777783
2015-01-15,682,145,257479800,1.725
2015-01-15,682,131,257099140,6.2398611111111109
2015-01-15,682,129,257499800,3.0765277777777778
2015-01-15,682,129,257432500,1.5152777777777777
2015-01-15,-342,1717,512116000,6.8001388888888883
2015-01-15,-342,-742,725000311,0.58333333333333337
2015-01-15,-342,-740,725000311,0.51097222222222216
2015-01-15,-342,-741,725000311,1.0681944444444444
2015-01-15,-342,222,601317000,0.40777777777777779
2015-01-15,-342,734,224122000,3.2126388888888888
2015-01-15,-342,732,224122000,2.6695833333333332
2015-01-15,-342,649,224654000,0.44833333333333336
2015-01-15,-342,648,224654000,0.70597222222222222
2015-01-15,-342,-739,725000910,6.4333333333333336
2015-01-15,-342,-740,725004500,1.3311111111111111
2015-01-15,-342,-743,725004500,0.625
2015-01-15,-342,-742,725004500,0.4316666666666667
2015-01-15,-342,252,601202400,0.67805555555555552
2015-01-15,-342,255,601202400,1.6905555555555556
2015-01-15,-342,253,601202400,1.2947222222222221
2015-01-15,-342,251,601202400,0.83097222222222211
2015-01-15,-342,250,601202400,0.2845833333333333
2015-01-15,-342,254,601202400,1.3801388888888888
2015-01-15,-342,249,601191400,4.021527777777778
2015-01-15,-342,248,601191400,0.92027777777777775
2015-01-15,-342,-752,725007600,0.26597222222222222
2015-01-15,-342,-751,725007600,0.77097222222222239
2015-01-15,-86,-17,431925000,4.0927777777777781
2015-01-15,-86,-18,432276000,3.236388888888889
2015-01-15,-86,-15,432276000,0.43027777777777776
2015-01-15,-86,-17,432276000,6.4045833333333331
2015-01-15,-86,-16,432276000,0.57638888888888884
2015-01-15,-86,-199,224308000,1.2269444444444444
2015-01-15,-86,-198,224308000,0.6118055555555556
2015-01-15,-86,8,431753000,0.18458333333333332
2015-01-15,-86,-1254,431701720,4.6791666666666671
2015-01-15,427,143,247102210,0.83055555555555549
2015-01-15,427,150,247100420,3.4859722222222227
2015-01-15,427,151,247100420,0.42638888888888887
2015-01-15,427,33,224049670,1.4286111111111111
2015-01-15,427,143,247102490,0.9836111111111111
2015-01-15,427,32,227319580,1.0333333333333332
2015-01-15,427,31,227319580,2.317361111111111
2015-01-15,427,150,247100450,2.0848611111111111
2015-01-15,427,159,247122210,4.2488888888888887
2015-01-15,427,158,247122210,2.0830555555555552
2015-01-15,427,147,247103780,2.5580555555555557
2015-01-15,427,150,247103780,1.7859722222222219
2015-01-15,427,142,247101480,6.9309722222222216
2015-01-15,427,143,247101480,2.5029166666666671
2015-01-15,427,152,247151150,0.64305555555555549
2015-01-15,427,150,247080240,2.6372222222222224
2015-01-15,427,151,247100720,1.840972222222222
2015-01-15,427,150,247100720,0.825138888888889
2015-01-15,427,152,247101490,0.4226388888888889
2015-01-15,427,144,247128370,1.0609722222222222
2015-01-15,427,142,247072820,1.0583333333333336
2015-01-15,427,143,247072820,4.9611111111111121
2015-01-15,427,105,247066420,11.518333333333334
2015-01-15,427,106,247066420,2.5609722222222224
2015-01-15,427,157,247125820,3.846111111111111
2015-01-15,427,158,247125820,6.2915277777777776
2015-01-15,427,159,247125820,1.1622222222222223
2015-01-15,427,160,247121730,0.23333333333333334
2015-01-15,427,157,247121730,2.6855555555555557
2015-01-15,427,156,247121730,2.4663888888888885
2015-01-15,427,159,247121730,1.2580555555555555
2015-01-15,427,158,247121730,1.845833333333333
2015-01-15,427,155,247121730,1.2736111111111112
2015-01-15,427,149,247102020,2.2040277777777773
2015-01-15,427,145,247103560,0.905
2015-01-15,427,142,247103560,0.68375
2015-01-15,427,141,247103560,0.30277777777777776
2015-01-15,427,-663,316004170,4.746944444444444
2015-01-15,427,105,247067730,3.8136111111111113
2015-01-15,427,104,247067730,1.9152777777777776
2015-01-15,427,150,247100250,1.6718055555555553
2015-01-15,427,147,247100250,1.8795833333333334
2015-01-15,427,105,247069530,1.8423611111111109
2015-01-15,427,106,247069530,0.36958333333333332
2015-01-15,427,156,247080290,0.93458333333333321
2015-01-15,427,154,247080290,1.8988888888888891
2015-01-15,427,155,247080290,0.82125
2015-01-15,427,148,247100770,0.54847222222222225
2015-01-15,427,149,247100770,1.9791666666666665
2015-01-15,427,39,224123490,2.1243055555555554
2015-01-15,427,154,247129960,0.76680555555555563
2015-01-15,427,153,247129960,1.6552777777777776
2015-01-15,427,143,247100780,2.6444444444444448
2015-01-15,427,145,247100270,1.6655555555555555
2015-01-15,427,156,247100530,0.41000000000000003
2015-01-15,427,155,247100530,1.4623611111111112
2015-01-15,427,154,247100530,3.1873611111111115
2015-01-15,427,153,247100530,0.21125
2015-01-15,427,145,247102070,0.67375
2015-01-15,427,144,247102070,1.8055555555555556
2015-01-15,427,143,247102070,1.5223611111111111
2015-01-15,427,34,228248700,1.7890277777777777
2015-01-15,427,158,247121790,2.0866666666666664
2015-01-15,427,159,247121790,3.8152777777777782
2015-01-15,427,143,247121280,0.35833333333333334
2015-01-15,427,144,247121280,0.84416666666666662
2015-01-15,427,153,247100290,4.149861111111111
2015-01-15,427,155,247100290,3.1034722222222224
2015-01-15,427,154,247100290,3.5394444444444448
2015-01-15,427,151,247100290,1.2597222222222222
2015-01-15,427,156,247100290,1.2586111111111111
2015-01-15,427,152,247100290,2.1055555555555552
2015-01-15,427,140,247102850,1.705138888888889
2015-01-15,427,141,247102850,13.666805555555555
2015-01-15,427,105,247065730,1.3247222222222224
2015-01-15,427,144,247121290,0.78097222222222218
2015-01-15,427,143,247101590,0.45555555555555555
2015-01-15,427,142,247101590,3.1556944444444448
2015-01-15,427,143,247051930,0.21361111111111111
2015-01-15,427,144,247051930,0.62263888888888885
2015-01-15,427,151,247104160,0.81444444444444453
2015-01-15,427,144,247101610,3.3883333333333336
2015-01-15,427,142,247101610,1.8073611111111112
2015-01-15,427,143,247101610,2.8804166666666666
2015-01-15,427,107,247065780,1.0538888888888889
2015-01-15,427,106,247065780,2.0423611111111111
2015-01-15,427,105,247065780,11.051666666666668
2015-01-15,427,159,247121590,4.4245833333333335
2015-01-15,427,158,247121590,1.81875
2015-01-15,427,141,247088060,3.552777777777778
2015-01-15,427,141,247103430,0.8502777777777778
2015-01-15,427,33,228198600,0.20305555555555554
2015-01-15,427,32,228198600,3.0805555555555553
2015-01-15,427,173,238160840,0.76458333333333328
2015-01-15,427,31,228178900,2.8111111111111109
2015-01-15,427,153,247150040,2.9365277777777781
2015-01-15,427,156,247150040,1.028888888888889
2015-01-15,427,152,247150040,1.8583333333333332
2015-01-15,427,151,247150040,1.2720833333333332
2015-01-15,427,154,247150040,3.1408333333333331
2015-01-15,427,155,247150040,2.1019444444444444
2015-01-15,427,150,247076320,2.52375
2015-01-15,427,150,247081440,1.5429166666666665
2015-01-15,427,154,247081440,0.21236111111111111
2015-01-15,427,153,247081440,1.8866666666666665
2015-01-15,427,-677,367138530,4.7040277777777781
2015-01-15,427,-697,366888690,7.68611111111111
2015-01-15,427,39,224104180,2.7819444444444446
2015-01-15,427,150,247100920,1.9823611111111112
2015-01-15,427,154,247100920,2.0066666666666664
2015-01-15,427,153,247100920,1.2786111111111109
2015-01-15,427,152,247100920,1.7156944444444444
2015-01-15,427,106,247065080,2.4713888888888889
2015-01-15,427,105,247065080,1.9015277777777777
2015-01-15,427,34,224072190,1.7538888888888886
2015-01-15,427,35,224072190,2.0231944444444445
2015-01-15,427,140,247080190,0.65319444444444441
2015-01-15,427,141,247080190,10.221666666666666
2015-01-15,683,131,259209000,5.020833333333333
2015-01-15,683,132,259209000,4.0825
2015-01-15,683,132,259655000,0.20944444444444443
2015-01-15,683,133,259655000,1.8659722222222221
2015-01-15,683,131,259655000,2.7223611111111108
2015-01-15,683,113,258778000,4.7126388888888888
2015-01-15,683,111,258778000,12.44888888888889
2015-01-15,683,131,258319000,3.0443055555555558
2015-01-15,683,132,258319000,7.7840277777777782
2015-01-15,683,112,258360000,5.4983333333333331
2015-01-15,683,112,257656000,5.4666666666666668
2015-01-15,683,132,258071000,0.83472222222222214
2015-01-15,683,133,258071000,5.8016666666666659
2015-01-15,-341,1718,512116000,7.2416666666666671
2015-01-15,-341,-740,725000311,2.3231944444444443
2015-01-15,-341,-739,725000311,3.4265277777777774
2015-01-15,-341,732,224122000,1.0345833333333334
2015-01-15,-341,733,224122000,0.20444444444444446
2015-01-15,-341,649,224654000,5.6972222222222229
2015-01-15,-341,-745,725007800,6.8352777777777769
2015-01-15,-341,-744,725007800,0.23027777777777778
2015-01-15,-341,-739,725004500,3.2038888888888888
2015-01-15,-341,-740,725004500,1.2279166666666668
2015-01-15,-341,-745,725000410,0.34833333333333333
2015-01-15,-341,256,601191400,2.5458333333333334
2015-01-15,-341,-751,725007600,0.25319444444444444
2015-01-15,-85,1664,440053000,4.1240277777777772
2015-01-15,-85,-17,432276000,0.5593055555555555
2015-01-15,-85,-18,432276000,0.65555555555555556
2015-01-15,-85,-15,432276000,0.15291666666666667
2015-01-15,-85,-16,432276000,0.49874999999999997
2015-01-15,-85,-198,224308000,0.74180555555555561
2015-01-15,-85,-197,224308000,0.74513888888888891
2015-01-15,-85,-1255,431701720,0.84583333333333344
2015-01-15,428,150,247100420,0.40416666666666667
2015-01-15,428,152,247100420,1.0555555555555556
2015-01-15,428,151,247100420,2.2598611111111109
2015-01-15,428,141,247302670,0.26958333333333334
2015-01-15,428,140,247302670,4.8748611111111115
2015-01-15,428,32,227319580,1.0729166666666665
2015-01-15,428,31,227319580,1.8906944444444445
2015-01-15,428,150,247100450,3.391805555555556
2015-01-15,428,150,247103780,1.9483333333333333
2015-01-15,428,149,247103780,1.8888888888888888
2015-01-15,428,148,247103780,1.7261111111111114
2015-01-15,428,147,247103780,1.4740277777777777
2015-01-15,428,142,247101480,4.4508333333333328
2015-01-15,428,152,247151150,1.8916666666666666
2015-01-15,428,148,247151150,0.29319444444444442
2015-01-15,428,150,247080240,1.6830555555555555
2015-01-15,428,151,247080240,0.42027777777777775
2015-01-15,428,151,247100720,1.4933333333333334
2015-01-15,428,152,247100720,2.9102777777777784
2015-01-15,428,152,247101490,1.6623611111111114
2015-01-15,428,144,247128370,1.7674999999999998
2015-01-15,428,156,247121730,0.43083333333333335
2015-01-15,428,149,247102020,2.1263888888888891
2015-01-15,428,150,247102020,0.78069444444444447
2015-01-15,428,143,247103560,0.40527777777777779
2015-01-15,428,142,247103560,0.29430555555555554
2015-01-15,428,146,247103560,4.5526388888888887
2015-01-15,428,147,247103560,5.980833333333333
2015-01-15,428,-664,316004170,17.454305555555557
2015-01-15,428,148,247100250,1.5379166666666666
2015-01-15,428,149,247100250,1.2595833333333333
2015-01-15,428,147,247100250,2.4329166666666664
2015-01-15,428,150,247100250,2.1083333333333334
2015-01-15,428,105,247069530,7.8666666666666663
2015-01-15,428,153,247080290,1.4369444444444446
2015-01-15,428,154,247080290,0.83083333333333342
2015-01-15,428,150,247100770,0.21125
2015-01-15,428,149,247100770,3.825277777777778
2015-01-15,428,39,224123490,2.0622222222222222
2015-01-15,428,39,228172900,0.99208333333333321
2015-01-15,428,152,247129960,1.1475
2015-01-15,428,151,247129960,2.1279166666666667
2015-01-15,428,153,247129960,3.9898611111111113
2015-01-15,428,154,247129960,0.6625
2015-01-15,428,41,227146600,1.4827777777777778
2015-01-15,428,43,227146600,1.8952777777777778
2015-01-15,428,42,227146600,1.3856944444444443
2015-01-15,428,145,247100270,2.4376388888888889
2015-01-15,428,35,228242800,1.0795833333333333
2015-01-15,428,34,228242800,0.82375
2015-01-15,428,152,247100530,0.20944444444444443
2015-01-15,428,153,247100530,2.285277777777778
2015-01-15,428,143,247102070,0.63027777777777771
2015-01-15,428,144,247102070,10.952638888888886
2015-01-15,428,-93,224245370,0.24611111111111111
2015-01-15,428,35,228248700,1.9568055555555555
2015-01-15,428,34,228248700,1.4391666666666667
2015-01-15,428,144,247121280,0.98333333333333339
2015-01-15,428,140,247102850,2.3419444444444446
2015-01-15,428,159,238000005,2.2155555555555555
2015-01-15,428,158,238000005,1.5886111111111112
2015-01-15,428,-93,224117130,0.54847222222222225
2015-01-15,428,38,227305360,2.7706944444444446
2015-01-15,428,37,227305360,1.899861111111111
2015-01-15,428,36,227305360,0.87611111111111106
2015-01-15,428,35,227305360,1.2466666666666668
2015-01-15,428,34,227305360,1.1643055555555555
2015-01-15,428,145,247100050,0.28708333333333336
2015-01-15,428,146,247100050,1.1990277777777778
2015-01-15,428,144,247051930,0.68847222222222215
2015-01-15,428,143,247051930,0.24875
2015-01-15,428,152,247104160,0.834861111111111
2015-01-15,428,151,247104160,2.9147222222222222
2015-01-15,428,33,227317410,1.4494444444444445
2015-01-15,428,143,247101610,1.0918055555555555
2015-01-15,428,144,247101610,1.9975
2015-01-15,428,105,247065780,0.94972222222222225
2015-01-15,428,-93,224003510,0.27319444444444446
2015-01-15,428,140,247088060,3.2448611111111108
2015-01-15,428,141,247103430,1.45
2015-01-15,428,142,247103430,4.13625
2015-01-15,428,33,228198600,2.6486111111111112
2015-01-15,428,32,228198600,1.6427777777777777
2015-01-15,428,36,227144400,0.44263888888888892
2015-01-15,428,31,228178900,1.5734722222222222
2015-01-15,428,151,247076320,1.8944444444444444
2015-01-15,428,150,247076320,0.88916666666666666
2015-01-15,428,150,247081440,0.6084722222222223
2015-01-15,428,152,247081440,1.9165277777777776
2015-01-15,428,153,247081440,0.63722222222222225
2015-01-15,428,151,247081440,1.7709722222222219
2015-01-15,428,-679,367138530,4.202638888888889
2015-01-15,428,-678,367138530,8.4002777777777773
2015-01-15,428,35,227320290,0.22249999999999998
2015-01-15,428,34,227320290,0.66291666666666671
2015-01-15,428,105,247067620,1.0584722222222223
2015-01-15,428,106,247067620,3.0447222222222221
2015-01-15,428,-698,366888690,8.7715277777777771
2015-01-15,428,39,224104180,1.7325
2015-01-15,428,150,247100920,3.1531944444444444
2015-01-15,428,151,247100920,1.6986111111111108
2015-01-15,428,152,247100920,0.41791666666666666
2015-01-15,428,106,247065080,9.765
2015-01-15,428,105,247065080,0.97
2015-01-15,428,141,247080190,0.325
2015-01-15,428,140,247080190,2.7969444444444447
2015-01-15,684,134,257663500,10.852777777777778
2015-01-15,684,149,257441420,0.47152777777777777
2015-01-15,684,113,258778000,3.8441666666666672
2015-01-15,684,133,258319000,4.7616666666666667
2015-01-15,684,131,258319000,2.3231944444444443
2015-01-15,684,132,258319000,4.17763888888889
2015-01-15,684,116,258360000,1.5319444444444446
2015-01-15,684,114,258360000,4.7223611111111108
2015-01-15,684,132,257074640,3.1
2015-01-15,684,131,257074640,9.3626388888888883
2015-01-15,684,133,257164500,6.1311111111111112
2015-01-15,684,132,257164500,11.682777777777778
2015-01-15,684,136,258412000,11.766944444444444
2015-01-15,-340,-739,725000311,2.8044444444444441
2015-01-15,-340,182,601339000,1.5177777777777779
2015-01-15,-340,-741,725003900,6.43138888888889
2015-01-15,-340,-742,725000335,3.0125
2015-01-15,-340,734,224122000,2.6193055555555556
2015-01-15,-340,733,224122000,0.51541666666666663
2015-01-15,-340,664,235006880,4.6341666666666663
2015-01-15,-340,-744,725007800,2.3222222222222224
2015-01-15,-340,-739,725004500,0.62111111111111106
2015-01-15,-340,-745,725000410,0.31958333333333333
2015-01-15,-340,-744,725000410,0.62222222222222223
2015-01-15,-340,-750,725007600,0.36527777777777781
2015-01-15,-84,1663,440053000,2.1961111111111107
2015-01-15,-84,-197,224308000,5.2837499999999995
2015-01-15,-84,882,431047000,1.147777777777778
2015-01-15,-84,-1255,431701720,2.1251388888888889
2015-01-15,173,-1557,338060008,9.1630555555555553
2015-01-15,429,152,238337540,0.83347222222222217
2015-01-15,429,154,238337540,1.7080555555555552
2015-01-15,429,155,238337540,0.41763888888888889
2015-01-15,429,153,238337540,1.2448611111111112
2015-01-15,429,154,238988040,2.7013888888888888
2015-01-15,429,155,238988040,3.3454166666666665
2015-01-15,429,152,238988040,2.3436111111111111
2015-01-15,429,153,238988040,2.9248611111111114
2015-01-15,429,142,247302670,0.20013888888888889
2015-01-15,429,143,247302670,4.9640277777777779
2015-01-15,429,152,238117140,1.0445833333333332
2015-01-15,429,155,238117140,1.4513888888888888
2015-01-15,429,154,238117140,1.4336111111111112
2015-01-15,429,153,238117140,1.4454166666666663
2015-01-15,429,31,227319580,2.4498611111111108
2015-01-15,429,152,238327840,2.4663888888888885
2015-01-15,429,153,238327840,2.6943055555555557
2015-01-15,429,154,238327840,2.8945833333333333
2015-01-15,429,155,238327840,5.952638888888889
2015-01-15,429,148,247151150,1.2640277777777778
2015-01-15,429,152,247151150,1.8862499999999995
2015-01-15,429,149,247151150,1.3679166666666664
2015-01-15,429,150,247151150,0.74458333333333337
2015-01-15,429,151,247100720,1.4666666666666666
2015-01-15,429,152,247100720,2.0834722222222224
2015-01-15,429,152,247101490,1.8598611111111112
2015-01-15,429,149,247128370,0.6412500000000001
2015-01-15,429,147,247128370,1.4097222222222221
2015-01-15,429,148,247128370,1.22375
2015-01-15,429,36,227318610,2.411111111111111
2015-01-15,429,35,227321170,1.5244444444444445
2015-01-15,429,36,227321170,0.62986111111111109
2015-01-15,429,155,238404440,5.7706944444444455
2015-01-15,429,153,238404440,3.1184722222222225
2015-01-15,429,154,238404440,2.7
2015-01-15,429,152,238404440,1.6543055555555555
2015-01-15,429,156,238404440,0.20569444444444446
2015-01-15,429,152,247080290,1.8763888888888887
2015-01-15,429,149,247080290,0.84430555555555542
2015-01-15,429,150,247080290,1.679027777777778
2015-01-15,429,151,247080290,1.6588888888888886
2015-01-15,429,153,247080290,0.20416666666666666
2015-01-15,429,39,228172900,1.0397222222222222
2015-01-15,429,38,228172900,0.45513888888888887
2015-01-15,429,40,228172900,2.0355555555555558
2015-01-15,429,42,227146600,0.20305555555555554
2015-01-15,429,41,227146600,1.0433333333333334
2015-01-15,429,40,227146600,3.0394444444444444
2015-01-15,429,-93,224049260,2.814861111111111
2015-01-15,429,36,228242800,1.1519444444444444
2015-01-15,429,34,228242800,1.2173611111111111
2015-01-15,429,35,228242800,0.64722222222222225
2015-01-15,429,37,228242800,1.1206944444444442
2015-01-15,429,144,247102070,1.9183333333333334
2015-01-15,429,-93,224245370,0.25
2015-01-15,429,35,228248700,2.8816666666666659
2015-01-15,429,153,238000001,1.4999999999999998
2015-01-15,429,156,238000001,4.0611111111111109
2015-01-15,429,155,238000001,2.9043055555555548
2015-01-15,429,154,238000001,3.3569444444444443
2015-01-15,429,158,238000005,0.45416666666666672
2015-01-15,429,157,238000005,2.1587500000000004
2015-01-15,429,36,227320710,1.8424999999999998
2015-01-15,429,37,227320710,1.146527777777778
2015-01-15,429,38,227320710,1.1626388888888888
2015-01-15,429,37,227305360,0.20666666666666667
2015-01-15,429,38,227305360,0.62013888888888891
2015-01-15,429,146,247100050,1.5073611111111109
2015-01-15,429,147,247100050,1.52875
2015-01-15,429,148,247100050,5.8256944444444434
2015-01-15,429,147,247280280,0.20819444444444446
2015-01-15,429,149,247280280,0.67638888888888893
2015-01-15,429,150,247280280,0.86375
2015-01-15,429,148,247280280,1.3584722222222223
2015-01-15,429,144,247051930,0.6941666666666666
2015-01-15,429,151,247104160,1.2205555555555556
2015-01-15,429,152,247104160,2.0611111111111109
2015-01-15,429,37,227311010,1.0619444444444446
2015-01-15,429,36,227311010,1.0941666666666667
2015-01-15,429,34,227311010,0.20097222222222222
2015-01-15,429,35,227311010,0.8290277777777777
2015-01-15,429,33,227317410,2.7220833333333334
2015-01-15,429,34,227317410,0.98555555555555552
2015-01-15,429,36,227318690,2.1672222222222222
2015-01-15,429,35,227318690,0.66263888888888889
2015-01-15,429,154,238987940,3.0381944444444442
2015-01-15,429,156,238987940,1.6873611111111111
2015-01-15,429,155,238987940,2.5949999999999998
2015-01-15,429,152,238987940,3.0379166666666668
2015-01-15,429,153,238987940,2.379861111111111
2015-01-15,429,36,227320750,1.9194444444444443
2015-01-15,429,37,227320750,0.21805555555555556
2015-01-15,429,33,227438000,3.5436111111111113
2015-01-15,429,145,247100080,2.4779166666666663
2015-01-15,429,146,247100080,0.30736111111111108
2015-01-15,429,141,247103430,1.9301388888888888
2015-01-15,429,37,227144400,0.88680555555555562
2015-01-15,429,38,227144400,1.4694444444444443
2015-01-15,429,31,228210900,2.3341666666666665
2015-01-15,429,42,227142100,1.0420833333333333
2015-01-15,429,43,227142100,2.8823611111111109
2015-01-15,429,41,227142100,0.2573611111111111
2015-01-15,429,151,247076320,1.1309722222222223
2015-01-15,429,150,247076320,2.7004166666666665
2015-01-15,429,151,247081440,0.62916666666666665
2015-01-15,429,34,227320290,2.809166666666667
2015-01-15,429,35,227320290,2.2547222222222221
2015-01-15,429,-616,316021475,14.337222222222222
2015-01-15,429,-93,224100590,0.22069444444444444
2015-01-15,429,150,247100920,0.45222222222222219
2015-01-15,429,155,238197240,3.4683333333333337
2015-01-15,429,153,238197240,3.7040277777777777
2015-01-15,429,156,238197240,4.2856944444444443
2015-01-15,429,152,238197240,0.84375
2015-01-15,429,154,238197240,3.0806944444444437
2015-01-15,685,134,259109000,1.52
2015-01-15,685,151,257441420,1.1208333333333333
2015-01-15,685,150,257441420,1.22125
2015-01-15,685,120,258360000,1.5388888888888888
2015-01-15,685,120,257656000,5.4927777777777784
2015-01-15,-339,-742,725000335,2.8708333333333331
2015-01-15,-339,-743,725000410,3.2320833333333332
2015-01-15,-339,-744,725000410,1.9177777777777776
2015-01-15,-339,-750,725007600,0.888611111111111
2015-01-15,-83,882,431047000,1.1484722222222223
2015-01-15,-83,1523,432261000,0.40833333333333333
2015-01-15,-83,-1255,431701720,3.6834722222222229
2015-01-15,-83,1723,416002545,12.38125
2015-01-15,174,1316,416245700,22.37027777777778
2015-01-15,430,155,238506240,0.82902777777777781
2015-01-15,430,152,238506240,0.42930555555555555
2015-01-15,430,154,238506240,1.4833333333333332
2015-01-15,430,153,238506240,1.6709722222222221
2015-01-15,430,156,238506240,3.205
2015-01-15,430,152,238337540,1.6745833333333335
2015-01-15,430,151,238337540,0.4334722222222222
2015-01-15,430,155,238337540,2.9934722222222221
2015-01-15,430,152,238988040,1.091388888888889
2015-01-15,430,156,238988040,4.2340277777777775
2015-01-15,430,151,238988040,1.0541666666666667
2015-01-15,430,155,238988040,2.0706944444444448
2015-01-15,430,152,238117140,2.2956944444444445
2015-01-15,430,155,238117140,4.8543055555555554
2015-01-15,430,152,238327840,2.0894444444444442
2015-01-15,430,151,238327840,0.64958333333333329
2015-01-15,430,38,227913000,4.0140277777777778
2015-01-15,430,151,247151150,2.516944444444444
2015-01-15,430,152,247151150,0.4276388888888889
2015-01-15,430,150,247151150,1.574861111111111
2015-01-15,430,151,247100720,0.91111111111111109
2015-01-15,430,152,247101490,0.40555555555555556
2015-01-15,430,151,247101490,1.9597222222222221
2015-01-15,430,149,247101490,1.0663888888888888
2015-01-15,430,150,247101490,1.5904166666666664
2015-01-15,430,149,247128370,1.1919444444444443
2015-01-15,430,151,247128370,2.3602777777777777
2015-01-15,430,150,247128370,2.1911111111111112
2015-01-15,430,48,228187700,0.35236111111111112
2015-01-15,430,36,227318610,2.275
2015-01-15,430,37,227318610,0.61791666666666667
2015-01-15,430,35,227321170,7.5113888888888889
2015-01-15,430,152,238404440,3.1829166666666673
2015-01-15,430,151,238404440,0.852638888888889
2015-01-15,430,150,247080290,2.1373611111111108
2015-01-15,430,151,247080290,1.2334722222222223
2015-01-15,430,35,228242800,1.6541666666666666
2015-01-15,430,38,228242800,1.7055555555555557
2015-01-15,430,37,228242800,0.21388888888888891
2015-01-15,430,148,247083890,0.81638888888888894
2015-01-15,430,147,247083890,1.3473611111111112
2015-01-15,430,150,247083890,1.2665277777777777
2015-01-15,430,151,247083890,1.0334722222222221
2015-01-15,430,35,228248700,0.74708333333333332
2015-01-15,430,153,238000001,2.9222222222222221
2015-01-15,430,152,238000001,1.7220833333333334
2015-01-15,430,157,238000005,1.7776388888888892
2015-01-15,430,158,238000005,1.7529166666666667
2015-01-15,430,156,238000005,0.925
2015-01-15,430,159,238000005,1.5370833333333334
2015-01-15,430,36,227320710,1.2916666666666665
2015-01-15,430,39,227320710,2.033611111111111
2015-01-15,430,146,247100050,2.3276388888888886
2015-01-15,430,149,247280280,2.0883333333333338
2015-01-15,430,150,247280280,3.1268055555555554
2015-01-15,430,151,247280280,0.91527777777777775
2015-01-15,430,151,247104160,3.2986111111111112
2015-01-15,430,34,227311010,1.3469444444444445
2015-01-15,430,35,227311010,0.62375
2015-01-15,430,37,227311010,1.2608333333333333
2015-01-15,430,33,227317410,1.0498611111111109
2015-01-15,430,34,227317410,0.8716666666666667
2015-01-15,430,35,227317410,1.3566666666666667
2015-01-15,430,36,227318690,1.3068055555555556
2015-01-15,430,38,227318690,1.881388888888889
2015-01-15,430,37,227318690,1.0504166666666668
2015-01-15,430,152,238987940,0.8306944444444444
2015-01-15,430,156,238987940,3.8179166666666666
2015-01-15,430,151,238987940,1.1497222222222223
2015-01-15,430,155,238987940,1.6551388888888887
2015-01-15,430,32,228146600,0.27694444444444444
2015-01-15,430,31,228146600,2.1583333333333332
2015-01-15,430,38,227320750,1.7531944444444443
2015-01-15,430,37,227320750,2.3595833333333331
2015-01-15,430,36,227320750,0.43694444444444447
2015-01-15,430,34,227438000,3.3488888888888892
2015-01-15,430,33,227438000,0.43486111111111109
2015-01-15,430,56,227312050,0.41208333333333336
2015-01-15,430,38,227144400,1.4472222222222222
2015-01-15,430,31,228210900,3.3636111111111107
2015-01-15,430,41,227142100,1.9456944444444444
2015-01-15,430,42,227142100,1.2440277777777777
2015-01-15,430,40,227142100,0.75069444444444433
2015-01-15,430,41,227317720,0.89430555555555546
2015-01-15,430,42,227317720,1.6104166666666666
2015-01-15,430,43,227317720,0.49319444444444449
2015-01-15,430,150,247076320,1.1890277777777778
2015-01-15,430,34,227320290,0.42972222222222223
2015-01-15,430,35,227320290,1.5140277777777778
2015-01-15,430,152,238197240,1.483888888888889
2015-01-15,686,132,257684500,3.0706944444444444
2015-01-15,686,131,257684500,5.454305555555556
2015-01-15,686,142,257312340,8.6044444444444448
2015-01-15,686,143,257004640,12.420833333333333
2015-01-15,686,123,258360000,1.548888888888889
2015-01-15,686,126,258360000,6.06125
2015-01-15,686,125,258360000,3.0456944444444445
2015-01-15,686,122,257656000,1.5366666666666666
2015-01-15,686,125,257656000,1.5515277777777778
2015-01-15,686,154,257429720,0.89930555555555558
2015-01-15,-338,-750,725007600,0.7168055555555557
2015-01-15,-338,-749,725007600,0.3404166666666667
2015-01-15,-82,882,431047000,4.7668055555555551
2015-01-15,-82,1714,416003561,18.468333333333334
2015-01-15,-82,1723,416002545,11.898611111111112
2015-01-15,431,152,238506240,1.8890277777777778
2015-01-15,431,152,238337540,2.1072222222222221
2015-01-15,431,156,238988040,0.62027777777777771
2015-01-15,431,157,238988040,1.0325
2015-01-15,431,152,238117140,1.8722222222222222
2015-01-15,431,153,238117140,0.43041666666666667
2015-01-15,431,34,227321890,2.6518055555555562
2015-01-15,431,33,227321890,3.5173611111111107
2015-01-15,431,32,227321890,2.2427777777777775
2015-01-15,431,38,227913000,1.413888888888889
2015-01-15,431,151,247101490,1.2944444444444445
2015-01-15,431,150,247128370,1.0568055555555556
2015-01-15,431,151,247128370,1.8987499999999997
2015-01-15,431,41,227322420,0.23847222222222222
2015-01-15,431,40,227322420,0.45875
2015-01-15,431,47,228187700,3.1272222222222221
2015-01-15,431,48,228187700,1.7883333333333336
2015-01-15,431,33,227316290,0.46513888888888888
2015-01-15,431,32,227316290,2.6111111111111103
2015-01-15,431,50,227986000,1.4669444444444444
2015-01-15,431,49,227986000,1.0140277777777778
2015-01-15,431,37,227318610,1.6405555555555553
2015-01-15,431,36,227318610,1.4413888888888886
2015-01-15,431,35,227321170,0.84763888888888883
2015-01-15,431,34,227321170,0.41166666666666663
2015-01-15,431,155,238445140,0.21402777777777776
2015-01-15,431,156,238445140,3.5536111111111115
2015-01-15,431,40,227145300,0.72527777777777769
2015-01-15,431,41,227145300,1.632638888888889
2015-01-15,431,42,227145300,0.24847222222222221
2015-01-15,431,154,238156640,2.9026388888888892
2015-01-15,431,152,238156640,1.2336111111111112
2015-01-15,431,153,238156640,2.7343055555555558
2015-01-15,431,155,238156640,8.0127777777777762
2015-01-15,431,50,227318890,1.8736111111111111
2015-01-15,431,168,238277740,1.2219444444444445
2015-01-15,431,161,238429040,1.7522222222222221
2015-01-15,431,36,228242800,0.81125
2015-01-15,431,35,228242800,0.21083333333333332
2015-01-15,431,38,228242800,1.6740277777777779
2015-01-15,431,151,247083890,1.0523611111111111
2015-01-15,431,152,247083890,0.40708333333333335
2015-01-15,431,151,247062140,1.9456944444444446
2015-01-15,431,152,247062140,0.42944444444444441
2015-01-15,431,150,247062140,1.1734722222222222
2015-01-15,431,159,238000005,4.2318055555555549
2015-01-15,431,37,227320710,0.6184722222222222
2015-01-15,431,36,227320710,1.0065277777777779
2015-01-15,431,38,227320710,1.52625
2015-01-15,431,150,247280280,2.0418055555555554
2015-01-15,431,151,247280280,1.4637499999999999
2015-01-15,431,44,227321240,0.27305555555555555
2015-01-15,431,37,227311010,0.81819444444444445
2015-01-15,431,36,227311010,1.4275
2015-01-15,431,35,227311010,1.0125
2015-01-15,431,35,227317410,1.243611111111111
2015-01-15,431,34,227317410,1.2538888888888888
2015-01-15,431,38,227318690,1.2483333333333333
2015-01-15,431,37,227318690,1.2205555555555556
2015-01-15,431,36,227318690,0.60305555555555557
2015-01-15,431,156,238987940,1.2484722222222224
2015-01-15,431,31,228146600,0.21541666666666665
2015-01-15,431,33,228146600,2.8673611111111112
2015-01-15,431,32,228146600,2.2923611111111115
2015-01-15,431,46,227588520,2.04
2015-01-15,431,37,227320750,2.8936111111111109
2015-01-15,431,34,227438000,1.4722222222222223
2015-01-15,431,35,227438000,1.6277777777777775
2015-01-15,431,56,227312050,1.2672222222222222
2015-01-15,431,55,227312050,0.625
2015-01-15,431,152,238299840,2.2447222222222223
2015-01-15,431,153,238299840,1.9069444444444446
2015-01-15,431,154,238299840,0.44180555555555556
2015-01-15,431,43,228168900,0.93041666666666667
2015-01-15,431,42,228168900,1.1991666666666667
2015-01-15,431,146,247083210,1.9747222222222223
2015-01-15,431,167,238196940,0.86486111111111108
2015-01-15,431,169,238196940,0.73763888888888884
2015-01-15,431,168,238196940,2.047361111111111
2015-01-15,431,142,247280590,1.3072222222222223
2015-01-15,431,33,227317970,1.3363888888888888
2015-01-15,431,32,227317970,0.54958333333333331
2015-01-15,431,31,228210900,0.59986111111111118
2015-01-15,431,32,228210900,1.4708333333333332
2015-01-15,431,41,227142100,0.3716666666666667
2015-01-15,431,40,227142100,1.38125
2015-01-15,431,39,227142100,0.64069444444444446
2015-01-15,431,43,227317720,0.64486111111111111
2015-01-15,431,42,227317720,0.9375
2015-01-15,431,41,227317720,1.2695833333333333
2015-01-15,431,34,227320290,0.63736111111111116
2015-01-15,687,143,257004640,10.125
2015-01-15,687,127,257656000,1.5327777777777778
2015-01-15,-337,664,235006880,2.072222222222222
2015-01-15,-337,-749,725007600,0.6166666666666667
2015-01-15,-81,1673,441024000,2.9494444444444445
2015-01-15,-81,1648,440233000,3.9406944444444441
2015-01-15,-81,1519,432261000,4.5515277777777774
2015-01-15,-81,1518,432261000,5.9169444444444448
2015-01-15,-81,1720,416004043,11.678333333333333
2015-01-15,176,-1558,338060008,5.9618055555555554
2015-01-15,432,-703,338179584,1.2501388888888889
2015-01-15,432,-702,338179584,1.7208333333333332
2015-01-15,432,153,238506240,1.0586111111111112
2015-01-15,432,154,238506240,1.252361111111111
2015-01-15,432,45,228236800,0.59361111111111109
2015-01-15,432,43,228236800,0.84208333333333329
2015-01-15,432,44,228236800,2.9291666666666667
2015-01-15,432,153,238337540,1.2497222222222222
2015-01-15,432,154,238337540,1.4570833333333331
2015-01-15,432,156,238337540,0.675
2015-01-15,432,155,238337540,1.2669444444444444
2015-01-15,432,152,238337540,0.62347222222222221
2015-01-15,432,151,247076620,1.7166666666666663
2015-01-15,432,149,247076620,0.15569444444444444
2015-01-15,432,150,247076620,1.2811111111111111
2015-01-15,432,44,227318540,1.1361111111111111
2015-01-15,432,154,238117140,0.80972222222222223
2015-01-15,432,153,238117140,0.82263888888888892
2015-01-15,432,147,247121180,6.7861111111111114
2015-01-15,432,161,238519840,0.890138888888889
2015-01-15,432,162,238519840,2.9513888888888884
2015-01-15,432,163,238519840,1.0997222222222223
2015-01-15,432,33,227321890,0.43944444444444447
2015-01-15,432,35,227321890,0.21527777777777779
2015-01-15,432,34,227321890,0.8502777777777778
2015-01-15,432,37,227913000,7.8609722222222222
2015-01-15,432,146,247080750,4.5029166666666667
2015-01-15,432,147,247080750,2.2502777777777778
2015-01-15,432,148,247080750,1.4818055555555554
2015-01-15,432,164,238584110,2.4406944444444445
2015-01-15,432,162,238584110,3.3459722222222226
2015-01-15,432,161,238584110,0.88569444444444445
2015-01-15,432,43,227317550,0.51611111111111108
2015-01-15,432,45,227317550,1.5409722222222224
2015-01-15,432,44,227317550,1.4544444444444444
2015-01-15,432,39,227322420,3.6955555555555559
2015-01-15,432,41,227322420,1.1472222222222221
2015-01-15,432,38,227322420,0.41680555555555554
2015-01-15,432,40,227322420,3.6719444444444442
2015-01-15,432,47,228187700,1.0344444444444445
2015-01-15,432,49,228187700,1.6523611111111109
2015-01-15,432,48,228187700,0.64013888888888892
2015-01-15,432,147,247121210,0.96124999999999994
2015-01-15,432,149,247081020,1.4580555555555557
2015-01-15,432,148,247081020,1.2280555555555557
2015-01-15,432,151,247081020,1.6691666666666667
2015-01-15,432,150,247081020,1.1786111111111111
2015-01-15,432,33,227316290,0.74972222222222218
2015-01-15,432,34,227316290,0.44208333333333333
2015-01-15,432,50,227986000,2.4806944444444445
2015-01-15,432,49,227986000,2.5313888888888889
2015-01-15,432,155,238445140,2.0108333333333337
2015-01-15,432,39,227145300,0.62375
2015-01-15,432,40,227145300,1.4270833333333333
2015-01-15,432,41,227145300,1.9155555555555555
2015-01-15,432,44,228263000,1.4095833333333334
2015-01-15,432,45,228263000,1.135
2015-01-15,432,152,238156640,3.9473611111111109
2015-01-15,432,43,227317860,0.78180555555555553
2015-01-15,432,42,227318120,0.72916666666666663
2015-01-15,432,52,227318890,0.83083333333333331
2015-01-15,432,50,227318890,0.61652777777777779
2015-01-15,432,51,227318890,1.9001388888888888
2015-01-15,432,168,238277740,5.4822222222222221
2015-01-15,432,170,238277740,0.62652777777777779
2015-01-15,432,169,238277740,2.5105555555555559
2015-01-15,432,167,238277740,3.3405555555555555
2015-01-15,432,160,238429040,0.86097222222222225
2015-01-15,432,161,238429040,3.584027777777778
2015-01-15,432,152,247083890,1.76125
2015-01-15,432,44,227318650,0.76680555555555552
2015-01-15,432,43,227318650,1.0302777777777778
2015-01-15,432,151,247062140,0.88152777777777769
2015-01-15,432,152,247062140,2.6291666666666664
2015-01-15,432,140,247101310,0.3248611111111111
2015-01-15,432,38,227320710,0.42041666666666666
2015-01-15,432,37,227320710,0.40666666666666668
2015-01-15,432,150,247280280,1.5597222222222222
2015-01-15,432,44,227321240,2.0220833333333332
2015-01-15,432,41,227321240,1.6897222222222221
2015-01-15,432,43,227321240,0.996388888888889
2015-01-15,432,42,227321240,1.1640277777777779
2015-01-15,432,36,227311010,1.0452777777777778
2015-01-15,432,37,227311010,0.8338888888888889
2015-01-15,432,38,227318690,0.21388888888888888
2015-01-15,432,37,227318690,0.41305555555555556
2015-01-15,432,34,228146600,0.47416666666666663
2015-01-15,432,47,227588520,3.2481944444444446
2015-01-15,432,48,227588520,1.5088888888888885
2015-01-15,432,50,227588520,0.6183333333333334
2015-01-15,432,46,227588520,0.97361111111111109
2015-01-15,432,49,227588520,1.2720833333333332
2015-01-15,432,37,227320750,1.277222222222222
2015-01-15,432,49,228218800,1.0634722222222224
2015-01-15,432,48,228218800,3.0868055555555554
2015-01-15,432,50,228218800,1.8473611111111112
2015-01-15,432,35,227438000,0.41916666666666669
2015-01-15,432,154,238299840,7.2869444444444449
2015-01-15,432,153,238299840,1.5233333333333334
2015-01-15,432,152,238299840,1.5166666666666666
2015-01-15,432,41,228168900,1.716388888888889
2015-01-15,432,40,228168900,0.90527777777777774
2015-01-15,432,42,228168900,1.8275000000000001
2015-01-15,432,43,228168900,1.2329166666666667
2015-01-15,432,149,247083210,1.100138888888889
2015-01-15,432,148,247083210,2.5554166666666669
2015-01-15,432,151,247083210,2.5080555555555555
2015-01-15,432,150,247083210,2.6609722222222225
2015-01-15,432,167,238196940,4.3183333333333342
2015-01-15,432,168,238196940,1.912361111111111
2015-01-15,432,169,238196940,1.2040277777777779
2015-01-15,432,34,227317970,3.0088888888888881
2015-01-15,432,33,227317970,1.4197222222222221
2015-01-15,432,40,227317720,0.62083333333333335
2015-01-15,432,42,227317720,0.67791666666666672
2015-01-15,432,41,227317720,2.0959722222222217
2015-01-15,432,44,227318490,0.9356944444444445
2015-01-15,432,45,227318490,1.4018055555555557
2015-01-15,432,45,227317980,2.3358333333333334
2015-01-15,432,44,227317980,1.1255555555555556
2015-01-15,432,46,227317980,0.57625
2015-01-15,432,162,238407140,2.4869444444444446
2015-01-15,432,165,238407140,0.45791666666666664
2015-01-15,432,163,238407140,3.3798611111111114
2015-01-15,432,164,238407140,4.5219444444444443
2015-01-15,432,166,238972140,1.2569444444444444
2015-01-15,432,169,238972140,3.1927777777777777
2015-01-15,432,168,238972140,2.0222222222222221
2015-01-15,432,167,238972140,3.325
2015-01-15,688,146,259295000,1.5418055555555557
2015-01-15,688,130,258984000,4.7018055555555556
2015-01-15,688,-526,331218000,2.1520833333333336
2015-01-15,688,-525,331218000,1.6820833333333334
2015-01-15,688,-527,331218000,3.8418055555555557
2015-01-15,688,131,257656000,3.8013888888888889
2015-01-15,688,129,257656000,1.5208333333333335
2015-01-15,688,-540,331191000,0.64555555555555555
2015-01-15,688,-538,331191000,1.0922222222222222
2015-01-15,688,-539,331191000,12.703611111111115
2015-01-15,688,165,257184220,0.4675
2015-01-15,688,166,257184220,0.25819444444444445
2015-01-15,-336,663,235006880,1.2027777777777777
2015-01-15,-336,655,224654000,3.4893055555555552
2015-01-15,-80,-79,416246700,0.3833333333333333
2015-01-15,-80,-78,416246700,7.4302777777777775
2015-01-15,-80,-1322,735057638,0.67875000000000008
2015-01-15,-80,-1323,735057638,0.15472222222222221
2015-01-15,177,-1559,338060008,6.0073611111111109
2015-01-15,433,138,247083520,9.28625
2015-01-15,433,-702,338179584,1.5377777777777777
2015-01-15,433,-704,338179584,11.454444444444446
2015-01-15,433,155,238506240,1.6693055555555558
2015-01-15,433,154,238506240,0.83069444444444451
2015-01-15,433,156,238506240,0.60458333333333325
2015-01-15,433,41,228236800,2.3816666666666664
2015-01-15,433,42,228236800,2.2302777777777782
2015-01-15,433,44,228236800,0.29333333333333333
2015-01-15,433,40,228236800,0.8305555555555556
2015-01-15,433,43,228236800,1.8705555555555557
2015-01-15,433,138,247080970,0.11083333333333334
2015-01-15,433,151,247076620,0.63041666666666663
2015-01-15,433,152,247076620,1.1058333333333332
2015-01-15,433,44,227318540,0.45333333333333331
2015-01-15,433,42,227318540,2.4258333333333333
2015-01-15,433,41,227318540,1.5797222222222222
2015-01-15,433,43,227318540,4.0020833333333332
2015-01-15,433,-86,224050450,0.61541666666666672
2015-01-15,433,-85,224050450,2.07
2015-01-15,433,-21,224046360,2.2744444444444443
2015-01-15,433,148,247121180,0.60902777777777772
2015-01-15,433,162,238519840,1.5747222222222221
2015-01-15,433,161,238519840,6.5670833333333336
2015-01-15,433,52,227433000,2.2795833333333331
2015-01-15,433,147,247080750,0.21930555555555553
2015-01-15,433,148,247080750,1.9098611111111112
2015-01-15,433,162,238584110,0.90319444444444441
2015-01-15,433,161,238584110,3.5193055555555555
2015-01-15,433,44,227317550,1.4605555555555554
2015-01-15,433,41,227317550,0.26111111111111113
2015-01-15,433,45,227317550,1.2452777777777779
2015-01-15,433,43,227317550,1.3865277777777778
2015-01-15,433,42,227317550,1.2384722222222222
2015-01-15,433,49,228187700,0.62944444444444447
2015-01-15,433,48,228187700,0.40541666666666665
2015-01-15,433,148,247121210,0.6725
2015-01-15,433,152,247081020,1.6866666666666665
2015-01-15,433,149,247081020,0.47055555555555556
2015-01-15,433,-21,224152140,1.9305555555555556
2015-01-15,433,-86,224022350,0.85916666666666663
2015-01-15,433,-86,224015440,0.16375
2015-01-15,433,50,227986000,0.40416666666666667
2015-01-15,433,49,227986000,0.9129166666666666
2015-01-15,433,-86,224007250,8.95347222222222
2015-01-15,433,154,238445140,0.20680555555555558
2015-01-15,433,155,238445140,1.9379166666666665
2015-01-15,433,156,238445140,0.95555555555555571
2015-01-15,433,40,227145300,1.4576388888888889
2015-01-15,433,42,227145300,1.8355555555555556
2015-01-15,433,43,227145300,0.53652777777777771
2015-01-15,433,41,227145300,1.0476388888888888
2015-01-15,433,45,228263000,1.1284722222222223
2015-01-15,433,44,228263000,1.5398611111111109
2015-01-15,433,42,228263000,1.4608333333333334
2015-01-15,433,41,228263000,0.61152777777777778
2015-01-15,433,43,228263000,2.2665277777777777
2015-01-15,433,-86,225909850,0.41125
2015-01-15,433,153,238156640,0.54888888888888887
2015-01-15,433,152,238156640,0.76347222222222222
2015-01-15,433,139,247081570,1.4669444444444446
2015-01-15,433,42,227317860,2.903888888888889
2015-01-15,433,44,227317860,1.8168055555555553
2015-01-15,433,41,227317860,1.4669444444444446
2015-01-15,433,43,227317860,0.9802777777777778
2015-01-15,433,42,227318120,1.4347222222222222
2015-01-15,433,41,227318120,0.85597222222222213
2015-01-15,433,160,238429040,1.0615277777777776
2015-01-15,433,161,238429040,3.6272222222222226
2015-01-15,433,152,247083890,1.5455555555555556
2015-01-15,433,44,227318650,0.99875
2015-01-15,433,41,227318650,1.6637499999999998
2015-01-15,433,42,227318650,2.1643055555555559
2015-01-15,433,43,227318650,1.6594444444444445
2015-01-15,433,40,227318650,0.24305555555555558
2015-01-15,433,152,247062140,1.3970833333333335
2015-01-15,433,139,247101310,10.47486111111111
2015-01-15,433,140,247101310,0.42486111111111113
2015-01-15,433,41,227714430,0.85458333333333336
2015-01-15,433,42,227714430,0.20944444444444443
2015-01-15,433,-86,224059790,5.2569444444444438
2015-01-15,433,42,227319190,2.714722222222222
2015-01-15,433,41,227319190,0.41958333333333331
2015-01-15,433,43,227319190,0.45361111111111113
2015-01-15,433,151,247280280,0.49944444444444447
2015-01-15,433,150,247280280,1.2047222222222222
2015-01-15,433,41,227321240,0.63097222222222227
2015-01-15,433,40,227321240,1.6923611111111112
2015-01-15,433,43,227321240,1.1445833333333333
2015-01-15,433,42,227321240,1.2831944444444445
2015-01-15,433,-31,224088740,0.40763888888888888
2015-01-15,433,-32,224088740,1.8611111111111114
2015-01-15,433,49,227588520,1.4711111111111113
2015-01-15,433,48,227588520,0.20583333333333334
2015-01-15,433,50,227588520,0.41888888888888892
2015-01-15,433,44,227145900,1.2561111111111112
2015-01-15,433,42,227145900,2.5322222222222224
2015-01-15,433,43,227145900,2.7026388888888895
2015-01-15,433,49,228218800,0.2875
2015-01-15,433,-86,224082870,0.30861111111111111
2015-01-15,433,156,238299840,1.9120833333333331
2015-01-15,433,155,238299840,1.4651388888888888
2015-01-15,433,41,228168900,0.90124999999999988
2015-01-15,433,43,228168900,0.50708333333333333
2015-01-15,433,42,228168900,0.97930555555555543
2015-01-15,433,40,228168900,1.3434722222222222
2015-01-15,433,150,247083210,2.2358333333333338
2015-01-15,433,151,247083210,2.9868055555555557
2015-01-15,433,52,227704270,0.20555555555555555
2015-01-15,433,41,227317720,0.4145833333333333
2015-01-15,433,40,227317720,1.1655555555555557
2015-01-15,433,44,227318490,2.3856944444444443
2015-01-15,433,42,227318490,1.3009722222222222
2015-01-15,433,41,227318490,1.0444444444444445
2015-01-15,433,43,227318490,2.8409722222222227
2015-01-15,433,44,227317980,1.2255555555555557
2015-01-15,433,42,227317980,1.1730555555555555
2015-01-15,433,43,227317980,2.3587499999999997
2015-01-15,433,45,227317980,0.89416666666666667
2015-01-15,433,41,227317980,0.20861111111111111
2015-01-15,433,103,247066850,0.20805555555555555
2015-01-15,433,-602,316009705,12.888888888888889
2015-01-15,689,150,257200640,8.3313888888888883
2015-01-15,689,171,257438220,0.13472222222222224
2015-01-15,689,145,259295000,3.0490277777777779
2015-01-15,689,146,259295000,2.3416666666666668
2015-01-15,689,139,259295000,10.084166666666667
2015-01-15,689,-530,331218000,0.22916666666666669
2015-01-15,689,150,257332620,5.495972222222222
2015-01-15,689,-537,331191000,0.20541666666666666
2015-01-15,689,-535,331191000,0.40916666666666662
2015-01-15,689,-539,331191000,0.6375
2015-01-15,689,-532,331191000,0.38791666666666663
2015-01-15,689,-536,331191000,0.14416666666666667
2015-01-15,689,-538,331191000,0.41083333333333333
2015-01-15,689,150,257095640,5.6652777777777779
2015-01-15,689,150,257284600,4.9648611111111114
2015-01-15,-335,663,235006880,0.68055555555555558
2015-01-15,-335,665,235006880,0.99569444444444433
2015-01-15,-335,666,235006880,0.90694444444444455
2015-01-15,-335,668,235006880,1.2416666666666665
2015-01-15,-335,664,235006880,1.1527777777777777
2015-01-15,-335,667,235006880,1.0569444444444445
2015-01-15,-335,656,224654000,2.1109722222222222
2015-01-15,-79,-79,416246700,0.67944444444444441
2015-01-15,-79,-78,416246700,4.1205555555555557
2015-01-15,-79,604,416220900,11.373888888888889
2015-01-15,-79,603,416220900,11.705555555555556
2015-01-15,-79,-1323,735057638,0.1275
2015-01-15,434,138,247083520,1.1177777777777778
2015-01-15,434,156,238506240,0.41652777777777777
2015-01-15,434,139,247123970,1.6663888888888887
2015-01-15,434,138,247123970,0.26652777777777781
2015-01-15,434,154,238407940,1.2918055555555554
2015-01-15,434,153,238407940,4.0731944444444439
2015-01-15,434,-664,316023557,1.1538888888888887
2015-01-15,434,138,247080970,6.8193055555555553
2015-01-15,434,139,247080970,3.6995833333333334
2015-01-15,434,137,247083530,8.9268055555555552
2015-01-15,434,138,247083530,1.837361111111111
2015-01-15,434,152,247076620,7.49388888888889
2015-01-15,434,40,227318540,1.2369444444444444
2015-01-15,434,41,227318540,1.1422222222222222
2015-01-15,434,139,247081490,4.9031944444444449
2015-01-15,434,-85,224050450,1.2819444444444446
2015-01-15,434,-86,224050450,1.7365277777777777
2015-01-15,434,137,247084320,0.669861111111111
2015-01-15,434,153,238795040,3.9109722222222221
2015-01-15,434,154,238795040,2.0955555555555554
2015-01-15,434,138,247081250,1.3765277777777776
2015-01-15,434,139,247081510,0.41402777777777777
2015-01-15,434,138,247081510,0.56930555555555551
2015-01-15,434,153,238451240,3.2441666666666666
2015-01-15,434,154,238451240,1.9290277777777778
2015-01-15,434,-598,316025389,0.80319444444444443
2015-01-15,434,41,227317550,0.68111111111111111
2015-01-15,434,43,227317550,0.29152777777777777
2015-01-15,434,139,247082290,10.646944444444445
2015-01-15,434,150,247081020,2.010416666666667
2015-01-15,434,152,247081020,0.62916666666666665
2015-01-15,434,149,247081020,0.55680555555555555
2015-01-15,434,151,247081020,1.5947222222222224
2015-01-15,434,158,238623040,1.1140277777777778
2015-01-15,434,139,247087940,10.709166666666667
2015-01-15,434,139,247080780,4.1016666666666666
2015-01-15,434,154,238445140,1.9501388888888886
2015-01-15,434,42,227145300,0.51541666666666663
2015-01-15,434,41,228263000,0.83319444444444435
2015-01-15,434,42,228263000,0.9343055555555555
2015-01-15,434,40,228263000,1.26375
2015-01-15,434,139,247081560,0.22763888888888889
2015-01-15,434,139,247081570,3.9933333333333336
2015-01-15,434,41,227317860,0.63972222222222219
2015-01-15,434,40,227317860,1.4508333333333332
2015-01-15,434,41,227318120,0.61972222222222229
2015-01-15,434,40,227318120,0.81833333333333336
2015-01-15,434,154,238757740,0.20708333333333334
2015-01-15,434,153,238757740,5.9444444444444446
2015-01-15,434,137,247083630,0.77791666666666659
2015-01-15,434,152,247083890,1.0723611111111113
2015-01-15,434,139,247080820,0.22236111111111112
2015-01-15,434,41,227318650,0.62902777777777774
2015-01-15,434,39,227318650,1.0665277777777777
2015-01-15,434,40,227318650,1.4461111111111109
2015-01-15,434,40,227714430,2.0573611111111108
2015-01-15,434,41,227714430,1.65375
2015-01-15,434,137,247083410,2.9798611111111111
2015-01-15,434,41,227319190,0.94555555555555548
2015-01-15,434,151,247280280,0.83361111111111108
2015-01-15,434,40,227321240,0.41902777777777778
2015-01-15,434,139,247081370,0.43611111111111112
2015-01-15,434,153,238547610,4.68888888888889
2015-01-15,434,154,238547610,1.5819444444444446
2015-01-15,434,152,238547610,0.61819444444444449
2015-01-15,434,154,238401440,1.45125
2015-01-15,434,39,227145900,1.0122222222222221
2015-01-15,434,41,227145900,1.6029166666666668
2015-01-15,434,40,227145900,1.6616666666666666
2015-01-15,434,-23,224073390,0.58833333333333337
2015-01-15,434,137,247081650,3.9322222222222223
2015-01-15,434,137,247088050,1.7805555555555554
2015-01-15,434,153,238409140,2.624166666666667
2015-01-15,434,154,238409140,1.4880555555555555
2015-01-15,434,139,247080890,7.3448611111111113
2015-01-15,434,138,247080890,0.22777777777777777
2015-01-15,434,158,238625240,0.84569444444444442
2015-01-15,434,156,238625240,1.4444444444444442
2015-01-15,434,154,238625240,1.73875
2015-01-15,434,155,238625240,1.6493055555555554
2015-01-15,434,153,238625240,1.6045833333333333
2015-01-15,434,157,238625240,1.6709722222222219
2015-01-15,434,158,238791640,1.2893055555555555
2015-01-15,434,159,238791640,0.84666666666666668
2015-01-15,434,41,227318490,0.20458333333333334
2015-01-15,434,40,227318490,0.64027777777777772
2015-01-15,434,42,227318490,0.38236111111111115
2015-01-15,434,43,227317980,0.49777777777777776
2015-01-15,434,42,227317980,0.7434722222222222
2015-01-15,434,102,247066850,0.20694444444444443
2015-01-15,434,103,247066850,5.6072222222222239
2015-01-15,434,-40,224101860,0.52972222222222221
2015-01-15,434,-38,224101860,0.20500000000000002
2015-01-15,434,-602,316009705,9.3251388888888886
2015-01-15,434,-23,224087530,0.76666666666666661
2015-01-15,434,-24,224087530,0.49458333333333332
2015-01-15,690,154,257200640,1.336111111111111
2015-01-15,690,153,257109540,5.4763888888888888
2015-01-15,690,172,257535800,5.66763888888889
2015-01-15,690,153,257166400,0.95083333333333331
2015-01-15,690,152,257166400,3.1133333333333337
2015-01-15,690,-531,331218000,5.8375
2015-01-15,690,-530,331218000,6.106805555555554
2015-01-15,690,153,258183000,1.2502777777777776
2015-01-15,690,152,258183000,1.3940277777777776
2015-01-15,690,150,259537000,3.0998611111111107
2015-01-15,690,150,257198440,1.5334722222222221
2015-01-15,690,153,257850500,4.4291666666666663
2015-01-15,690,152,257850500,1.5156944444444445
2015-01-15,690,149,257332620,5.0405555555555557
2015-01-15,690,143,259617000,1.4779166666666668
2015-01-15,690,152,257963000,2.0672222222222225
2015-01-15,690,153,257963000,4.3580555555555556
2015-01-15,690,151,257284600,7.0362500000000008
2015-01-15,179,-1653,416004369,10.176527777777777
2015-01-15,435,138,247123970,2.0140277777777778
2015-01-15,435,155,238407940,3.1756944444444448
2015-01-15,435,154,238407940,2.105833333333333
2015-01-15,435,156,238407940,1.2759722222222223
2015-01-15,435,-56,224041990,0.69041666666666668
2015-01-15,435,-57,224041990,0.45569444444444446
2015-01-15,435,138,247080970,4.7179166666666665
2015-01-15,435,139,247081490,0.78083333333333338
2015-01-15,435,138,247081490,3.2465277777777781
2015-01-15,435,136,247084320,1.4473611111111111
2015-01-15,435,137,247084320,3.9472222222222224
2015-01-15,435,156,238795040,2.2872222222222218
2015-01-15,435,155,238795040,3.1151388888888891
2015-01-15,435,154,238795040,1.0615277777777776
2015-01-15,435,153,238556710,0.21097222222222223
2015-01-15,435,152,238556710,2.4148611111111111
2015-01-15,435,139,247081510,1.6094444444444442
2015-01-15,435,157,238451240,0.41958333333333331
2015-01-15,435,156,238451240,2.3493055555555555
2015-01-15,435,155,238451240,2.8693055555555551
2015-01-15,435,154,238451240,1.4938888888888888
2015-01-15,435,138,247071020,0.37527777777777777
2015-01-15,435,138,247081260,3.3473611111111112
2015-01-15,435,137,247082290,0.48875
2015-01-15,435,138,247082290,2.0225
2015-01-15,435,137,247083320,0.21375
2015-01-15,435,136,247083320,0.20305555555555554
2015-01-15,435,158,238499640,2.5486111111111112
2015-01-15,435,155,238499640,1.9890277777777776
2015-01-15,435,157,238499640,2.9848611111111114
2015-01-15,435,156,238499640,3.2552777777777777
2015-01-15,435,150,247081020,0.99375
2015-01-15,435,158,238162240,3.5501388888888892
2015-01-15,435,157,238162240,4.5704166666666675
2015-01-15,435,156,238162240,2.257916666666667
2015-01-15,435,155,238623040,1.9581944444444446
2015-01-15,435,157,238623040,3.1780555555555559
2015-01-15,435,158,238623040,2.0791666666666666
2015-01-15,435,156,238623040,3.1751388888888892
2015-01-15,435,136,247084610,1.0405555555555557
2015-01-15,435,137,247084610,0.84277777777777774
2015-01-15,435,139,247087940,0.67666666666666664
2015-01-15,435,138,247087940,2.99375
2015-01-15,435,139,247080780,0.23875000000000002
2015-01-15,435,153,238972240,0.215
2015-01-15,435,152,238972240,3.9954166666666668
2015-01-15,435,151,238972240,0.22208333333333335
2015-01-15,435,154,238445140,0.78916666666666657
2015-01-15,435,156,238445140,1.5431944444444443
2015-01-15,435,157,238445140,1.4902777777777776
2015-01-15,435,155,238445140,1.4680555555555557
2015-01-15,435,139,247081560,0.88166666666666671
2015-01-15,435,138,247081560,0.62763888888888886
2015-01-15,435,139,247081050,0.5723611111111111
2015-01-15,435,138,247081050,1.1841666666666666
2015-01-15,435,139,247081570,3.0359722222222225
2015-01-15,435,138,247081570,1.8955555555555552
2015-01-15,435,40,227317860,0.22847222222222224
2015-01-15,435,154,238757740,3.1441666666666666
2015-01-15,435,153,238757740,2.7347222222222221
2015-01-15,435,-39,224102000,0.79083333333333328
2015-01-15,435,151,247083890,1.6572222222222219
2015-01-15,435,150,247083890,1.9166666666666665
2015-01-15,435,152,247083890,1.465138888888889
2015-01-15,435,139,247080820,2.7723611111111115
2015-01-15,435,154,238400640,2.9486111111111115
2015-01-15,435,157,238400640,2.9595833333333332
2015-01-15,435,156,238400640,2.7709722222222224
2015-01-15,435,153,238400640,1.17375
2015-01-15,435,155,238400640,2.9386111111111108
2015-01-15,435,138,247080840,3.9527777777777779
2015-01-15,435,155,238000010,1.06125
2015-01-15,435,157,238000010,3.5683333333333338
2015-01-15,435,158,238000010,3.4325
2015-01-15,435,156,238000010,4.1225
2015-01-15,435,137,247083410,3.5095833333333331
2015-01-15,435,140,247081370,1.0109722222222222
2015-01-15,435,139,247081370,0.73930555555555555
2015-01-15,435,154,238547610,1.0751388888888889
2015-01-15,435,153,238547610,1.5470833333333331
2015-01-15,435,155,238547610,1.4956944444444444
2015-01-15,435,156,238547610,1.5140277777777778
2015-01-15,435,154,238401440,2.0984722222222221
2015-01-15,435,155,238401440,3.3199999999999994
2015-01-15,435,156,238401440,2.9776388888888885
2015-01-15,435,157,238401440,2.5788888888888888
2015-01-15,435,158,238401440,0.4251388888888889
2015-01-15,435,40,227145900,0.20402777777777778
2015-01-15,435,137,247081650,1.6305555555555555
2015-01-15,435,137,247088050,1.3629166666666668
2015-01-15,435,156,238409140,1.7151388888888888
2015-01-15,435,154,238409140,3.4538888888888892
2015-01-15,435,155,238409140,1.7155555555555555
2015-01-15,435,138,247080890,4.7883333333333331
2015-01-15,435,137,247080890,0.8388888888888888
2015-01-15,435,154,238625240,1.2412499999999997
2015-01-15,435,155,238625240,1.6430555555555553
2015-01-15,435,156,238625240,1.4780555555555555
2015-01-15,435,157,238625240,1.0544444444444445
2015-01-15,435,158,238791640,1.4845833333333336
2015-01-15,435,155,238791640,3.3487500000000003
2015-01-15,435,157,238791640,4.0083333333333329
2015-01-15,435,156,238791640,3.1513888888888895
2015-01-15,435,158,238996440,1.8566666666666665
2015-01-15,435,156,238996440,3.4713888888888893
2015-01-15,435,157,238996440,4.6638888888888905
2015-01-15,435,-40,224101860,3.2619444444444445
2015-01-15,435,-39,224101860,0.86874999999999991
2015-01-15,435,-37,224101860,0.50958333333333328
2015-01-15,435,156,238955240,3.4022222222222225
2015-01-15,435,158,238955240,2.1362499999999995
2015-01-15,435,155,238955240,2.0976388888888891
2015-01-15,435,157,238955240,2.9915277777777782
2015-01-15,435,137,247084520,2.2331944444444445
2015-01-15,435,-34,224012280,9.0888888888888886
2015-01-15,435,-33,224012280,5.7
2015-01-15,691,154,257200640,5.6637499999999994
2015-01-15,691,144,257215000,1.7077777777777778
2015-01-15,691,145,257215000,6.4031944444444449
2015-01-15,691,143,258324000,1.5619444444444444
2015-01-15,691,144,258324000,12.472361111111109
2015-01-15,691,145,258324000,2.7611111111111111
2015-01-15,691,156,257725500,2.1691666666666665
2015-01-15,691,178,257578600,0.28916666666666668
2015-01-15,691,179,257578600,0.43430555555555556
2015-01-15,691,175,257578600,0.20277777777777778
2015-01-15,691,177,257578600,0.20541666666666669
2015-01-15,691,176,257578600,0.2
2015-01-15,691,-537,331217000,4.07125
2015-01-15,691,-535,331217000,0.21875
2015-01-15,691,-536,331217000,11.331666666666663
2015-01-15,691,144,257435500,1.0247222222222223
2015-01-15,691,145,257435500,4.7233333333333327
2015-01-15,691,144,257152620,5.9930555555555554
2015-01-15,691,145,257152620,9.7445833333333329
2015-01-15,691,143,257541500,2.0445833333333332
2015-01-15,691,145,257541500,2.3029166666666669
2015-01-15,691,144,257541500,1.6123611111111109
2015-01-15,691,150,257332620,1.5277777777777777
2015-01-15,691,155,257964500,0.43944444444444442
2015-01-15,691,144,259617000,7.2901388888888885
2015-01-15,691,143,259617000,8.3166666666666664
2015-01-15,-333,668,235006880,3.9118055555555555
2015-01-15,-333,669,235006880,3.9194444444444443
2015-01-15,-77,-1324,735057638,0.33430555555555552
2015-01-15,-77,-1323,735057638,4.1694444444444452
2015-01-15,-77,1645,441675000,9.0013888888888882
2015-01-15,-77,581,664139000,5.2630555555555549
2015-01-15,-77,583,664139000,2.7615277777777778
2015-01-15,180,-1653,416004369,3.4818055555555554
2015-01-15,436,137,247123970,0.62361111111111112
2015-01-15,436,-56,224041990,4.0118055555555552
2015-01-15,436,138,247081490,2.2061111111111114
2015-01-15,436,137,247081490,1.0469444444444445
2015-01-15,436,134,247083550,0.52916666666666667
2015-01-15,436,135,247083550,8.6249999999999982
2015-01-15,436,136,247084320,1.4548611111111109
2015-01-15,436,135,247085860,10.591527777777777
2015-01-15,436,153,238556710,1.8983333333333334
2015-01-15,436,140,247081510,1.2626388888888889
2015-01-15,436,101,247100710,4.0804166666666664
2015-01-15,436,100,247100710,0.61361111111111111
2015-01-15,436,102,247100710,3.2618055555555552
2015-01-15,436,138,247071020,0.3240277777777778
2015-01-15,436,137,247071020,1.0931944444444444
2015-01-15,436,137,247081260,1.4554166666666666
2015-01-15,436,135,247083320,5.2152777777777786
2015-01-15,436,136,247083320,1.0159722222222223
2015-01-15,436,156,238162240,1.2712499999999998
2015-01-15,436,136,247084610,6.4231944444444435
2015-01-15,436,135,247084610,3.4515277777777778
2015-01-15,436,137,247084610,0.22625
2015-01-15,436,138,247087940,1.2104166666666667
2015-01-15,436,-70,224123720,3.5541666666666663
2015-01-15,436,-71,224123720,1.4827777777777778
2015-01-15,436,-72,224123720,1.4513888888888888
2015-01-15,436,151,238972240,2.0638888888888887
2015-01-15,436,152,238972240,0.65597222222222218
2015-01-15,436,153,238972240,3.9725000000000006
2015-01-15,436,-49,224100180,12.246388888888889
2015-01-15,436,139,247081560,1.0513888888888889
2015-01-15,436,138,247081050,1.857361111111111
2015-01-15,436,138,247081570,2.35
2015-01-15,436,137,247081570,1.4444444444444442
2015-01-15,436,-60,224205420,0.40819444444444447
2015-01-15,436,-61,224205420,0.79736111111111108
2015-01-15,436,154,238757740,0.20152777777777778
2015-01-15,436,139,247080820,0.7023611111111111
2015-01-15,436,137,247080840,3.2226388888888895
2015-01-15,436,101,247063180,0.62305555555555558
2015-01-15,436,-73,224103570,3.3819444444444446
2015-01-15,436,-74,224103570,0.62625
2015-01-15,436,140,247081370,1.8554166666666667
2015-01-15,436,154,238547610,0.21652777777777776
2015-01-15,436,-83,224108450,3.0027777777777778
2015-01-15,436,76,247048880,1.7568055555555557
2015-01-15,436,137,247080890,0.31180555555555556
2015-01-15,436,158,238996440,0.41513888888888889
2015-01-15,436,156,238996440,0.41111111111111109
2015-01-15,436,157,238996440,0.42611111111111111
2015-01-15,436,102,247066850,1.0237500000000002
2015-01-15,436,101,247066850,2.7030555555555558
2015-01-15,436,101,247080420,0.82611111111111113
2015-01-15,436,-19,224010730,7.1866666666666665
2015-01-15,436,135,247081710,0.41972222222222222
2015-01-15,436,135,247083250,0.21527777777777779
2015-01-15,436,-33,224012280,1.3275
2015-01-15,692,148,257518600,3.0775
2015-01-15,692,151,257169420,4.7165277777777774
2015-01-15,692,156,257147920,1.2876388888888888
2015-01-15,692,157,257147920,0.21666666666666667
2015-01-15,692,146,257215000,2.7659722222222225
2015-01-15,692,145,257215000,0.10694444444444445
2015-01-15,692,146,258324000,2.8680555555555558
2015-01-15,692,145,258324000,1.3140277777777778
2015-01-15,692,156,257309220,5.2118055555555571
2015-01-15,692,157,257565500,7.2397222222222233
2015-01-15,692,156,257565500,0.49944444444444447
2015-01-15,692,157,257725500,3.7437499999999995
2015-01-15,692,157,257681500,1.5690277777777779
2015-01-15,692,156,257681500,4.3597222222222234
2015-01-15,692,147,258545000,4.5798611111111107
2015-01-15,692,146,258545000,2.4058333333333333
2015-01-15,692,180,257578600,0.20152777777777778
2015-01-15,692,179,257578600,0.20152777777777778
2015-01-15,692,-537,331217000,0.45847222222222223
2015-01-15,692,-535,331217000,2.0165277777777777
2015-01-15,692,-534,331217000,3.1151388888888891
2015-01-15,692,150,257435500,1.08
2015-01-15,692,151,257435500,0.20277777777777778
2015-01-15,692,145,257152620,1.2480555555555555
2015-01-15,692,146,257152620,0.99666666666666659
2015-01-15,692,146,257541500,3.4155555555555557
2015-01-15,692,152,259375000,3.4081944444444443
2015-01-15,692,153,259375000,0.4251388888888889
2015-01-15,692,151,259375000,0.25166666666666665
2015-01-15,692,168,257164700,0.20805555555555555
2015-01-15,692,156,259438000,1.5834722222222224
2015-01-15,692,157,259438000,1.0940277777777778
2015-01-15,692,153,257592500,0.21222222222222223
2015-01-15,692,154,257964500,2.7720833333333328
2015-01-15,692,155,257964500,5.7327777777777786
2015-01-15,-332,658,224654000,1.2318055555555556
2015-01-15,-332,657,224654000,2.049722222222222
2015-01-15,-76,1636,416237500,6.8502777777777775
2015-01-15,-76,-1322,735057638,5.6965277777777787
2015-01-15,-76,1645,441675000,4.646527777777778
2015-01-15,-76,583,664139000,5.7326388888888884
2015-01-15,437,134,247081730,2.06125
2015-01-15,437,135,247081730,0.61541666666666672
2015-01-15,437,136,247084290,0.43055555555555558
2015-01-15,437,-50,224049160,5.275
2015-01-15,437,134,247081740,0.41972222222222222
2015-01-15,437,135,247081740,1.6902777777777778
2015-01-15,437,135,247086860,1.2263888888888888
2015-01-15,437,134,247086860,0.62513888888888891
2015-01-15,437,133,247084310,0.41791666666666666
2015-01-15,437,132,247084310,0.20944444444444443
2015-01-15,437,75,247048990,6.9522222222222236
2015-01-15,437,77,247048990,8.2072222222222226
2015-01-15,437,76,247048990,1.1025
2015-01-15,437,134,247085860,0.41902777777777778
2015-01-15,437,135,247085860,10.98486111111111
2015-01-15,437,140,247081510,1.3727777777777779
2015-01-15,437,101,247100710,2.0359722222222221
2015-01-15,437,102,247100710,1.2256944444444444
2015-01-15,437,100,247100710,0.30805555555555553
2015-01-15,437,132,247072810,1.5741666666666667
2015-01-15,437,-54,224181290,6.2181944444444444
2015-01-15,437,-55,224181290,1.8016666666666665
2015-01-15,437,-50,224181290,7.6970833333333335
2015-01-15,437,134,247083840,1.2251388888888888
2015-01-15,437,134,247081540,1.0401388888888889
2015-01-15,437,135,247081540,3.1334722222222222
2015-01-15,437,136,247081540,0.61847222222222231
2015-01-15,437,140,247081560,0.41694444444444445
2015-01-15,437,139,247081560,0.8601388888888889
2015-01-15,437,138,247081050,1.1416666666666666
2015-01-15,437,133,247084380,0.21375
2015-01-15,437,-16,227409000,0.67305555555555552
2015-01-15,437,-61,224205420,0.65569444444444447
2015-01-15,437,-62,224205420,4.5084722222222222
2015-01-15,437,-79,224080240,0.20319444444444446
2015-01-15,437,134,247085680,2.8997222222222225
2015-01-15,437,133,247085680,1.0401388888888889
2015-01-15,437,100,247063180,0.41166666666666663
2015-01-15,437,101,247063180,1.6609722222222221
2015-01-15,437,136,247083920,0.21250000000000002
2015-01-15,437,135,247083920,1.6391666666666664
2015-01-15,437,139,247080850,0.85999999999999988
2015-01-15,437,140,247081370,1.3861111111111111
2015-01-15,437,-16,227146400,0.522361111111111
2015-01-15,437,134,247083170,1.620972222222222
2015-01-15,437,77,247048870,13.13375
2015-01-15,437,154,238198440,3.6376388888888891
2015-01-15,437,155,238198440,2.2563888888888886
2015-01-15,437,134,247083180,0.83305555555555544
2015-01-15,437,133,247083180,0.20986111111111111
2015-01-15,437,137,247087020,1.2805555555555557
2015-01-15,437,75,247048880,6.1152777777777771
2015-01-15,437,76,247048880,3.5645833333333341
2015-01-15,437,134,247083460,1.0443055555555554
2015-01-15,437,133,247083460,0.20694444444444443
2015-01-15,437,-52,224138950,1.725
2015-01-15,437,-51,224138950,1.5081944444444444
2015-01-15,437,135,247081670,1.0572222222222223
2015-01-15,437,134,247081670,0.31402777777777779
2015-01-15,437,-1249,367479750,1.5349999999999997
2015-01-15,437,-1250,367479750,0.85513888888888878
2015-01-15,437,136,247081930,0.21944444444444444
2015-01-15,437,135,247081930,1.7863888888888888
2015-01-15,437,134,247083470,6.1872222222222231
2015-01-15,437,133,247083470,0.20972222222222223
2015-01-15,437,134,247081680,1.0302777777777778
2015-01-15,437,137,247083220,0.8470833333333333
2015-01-15,437,136,247083480,0.21236111111111111
2015-01-15,437,134,247083480,2.7025
2015-01-15,437,135,247083480,1.0040277777777777
2015-01-15,437,135,247083230,0.20402777777777778
2015-01-15,437,136,247083230,0.10125
2015-01-15,437,101,247066850,1.236388888888889
2015-01-15,437,132,247072740,1.5733333333333333
2015-01-15,437,101,247080420,3.7029166666666664
2015-01-15,437,135,247081190,9.4102777777777771
2015-01-15,437,134,247083240,1.2541666666666667
2015-01-15,437,136,247081710,0.83624999999999994
2015-01-15,437,135,247081710,1.8697222222222218
2015-01-15,437,-61,224051950,12.385972222222222
2015-01-15,437,135,247083250,0.830138888888889
2015-01-15,437,135,247081720,0.20541666666666666
2015-01-15,693,162,257834500,0.8775
2015-01-15,693,161,257834500,0.83888888888888891
2015-01-15,693,160,257122820,0.83027777777777789
2015-01-15,693,162,257258000,0.97555555555555551
2015-01-15,693,161,257258000,0.67555555555555558
2015-01-15,693,155,257147920,0.20444444444444443
2015-01-15,693,156,257147920,5.0331944444444439
2015-01-15,693,159,257485600,0.22375
2015-01-15,693,158,257485600,11.701666666666668
2015-01-15,693,155,257309220,0.44333333333333336
2015-01-15,693,156,257309220,3.9305555555555554
2015-01-15,693,168,257726500,1.115
2015-01-15,693,161,257523500,1.5497222222222222
2015-01-15,693,162,257523500,2.1166666666666663
2015-01-15,693,168,257144120,0.65847222222222224
2015-01-15,693,157,257565500,0.37472222222222223
2015-01-15,693,161,257016140,8.608611111111113
2015-01-15,693,168,257144920,0.65569444444444447
2015-01-15,693,151,257435500,2.5011111111111113
2015-01-15,693,160,257594500,0.99222222222222212
2015-01-15,693,154,259375000,1.955
2015-01-15,693,153,259375000,2.8090277777777777
2015-01-15,693,155,259375000,2.5486111111111107
2015-01-15,693,152,259375000,4.6552777777777781
2015-01-15,693,167,257164700,2.0559722222222225
2015-01-15,693,168,257164700,2.3658333333333332
2015-01-15,693,155,259438000,3.145
2015-01-15,693,154,259438000,3.5525
2015-01-15,693,156,259438000,0.21527777777777779
2015-01-15,693,155,257592500,1.6473611111111111
2015-01-15,693,152,257592500,0.20847222222222223
2015-01-15,693,153,257592500,2.3802777777777777
2015-01-15,693,154,257592500,2.6261111111111108
2015-01-15,693,168,258083000,0.42791666666666667
2015-01-15,693,167,258083000,8.7851388888888859
2015-01-15,693,166,258083000,0.86236111111111113
2015-01-15,693,158,257486020,3.574583333333333
2015-01-15,693,157,257486020,0.21847222222222223
2015-01-15,693,157,257100520,0.21277777777777779
2015-01-15,693,156,257100520,9.9012500000000028
2015-01-15,693,157,258529000,8.0081944444444435
2015-01-15,693,158,258529000,2.2527777777777778
2015-01-15,693,168,257142520,3.1873611111111115
2015-01-15,-331,661,224654000,1.2319444444444445
2015-01-15,-331,660,224654000,1.5362500000000001
2015-01-15,-331,662,224654000,1.1084722222222223
2015-01-15,-331,663,224654000,1.8372222222222221
2015-01-15,-75,1636,416237500,4.6620833333333342
2015-01-15,-75,1637,416237500,7.366527777777776
2015-01-15,182,-1655,416004369,5.3440277777777778
2015-01-15,438,135,247081730,0.21125
2015-01-15,438,134,247081730,2.8152777777777782
2015-01-15,438,133,247081730,1.1693055555555556
2015-01-15,438,136,247084290,0.82486111111111116
2015-01-15,438,138,247084290,1.0373611111111112
2015-01-15,438,137,247084290,1.65
2015-01-15,438,-52,224049160,10.25
2015-01-15,438,-646,316024842,5.2288888888888891
2015-01-15,438,-647,316024842,2.1234722222222224
2015-01-15,438,134,247081740,2.5163888888888888
2015-01-15,438,136,247081740,0.61930555555555555
2015-01-15,438,133,247086860,1.037361111111111
2015-01-15,438,135,247086860,0.20555555555555555
2015-01-15,438,134,247086860,14.169444444444444
2015-01-15,438,136,247083280,11.784166666666668
2015-01-15,438,136,247083540,1.155
2015-01-15,438,135,247083540,0.6447222222222222
2015-01-15,438,136,247083550,0.86791666666666667
2015-01-15,438,-58,224009250,15.195833333333335
2015-01-15,438,140,247081510,1.2701388888888889
2015-01-15,438,131,247072810,1.5770833333333334
2015-01-15,438,132,247072810,0.21388888888888891
2015-01-15,438,130,247072810,0.79819444444444443
2015-01-15,438,134,247081540,1.1431944444444444
2015-01-15,438,132,247082320,5.8615277777777779
2015-01-15,438,131,247082320,0.20416666666666666
2015-01-15,438,-59,224178000,0.48041666666666666
2015-01-15,438,132,247083860,0.53583333333333338
2015-01-15,438,140,247081560,1.8799999999999997
2015-01-15,438,132,247084380,3.1193055555555556
2015-01-15,438,133,247084380,1.9033333333333333
2015-01-15,438,132,247085680,0.20305555555555554
2015-01-15,438,133,247085680,1.4584722222222219
2015-01-15,438,135,247083380,0.665138888888889
2015-01-15,438,136,247083380,1.2733333333333332
2015-01-15,438,138,247083140,0.65402777777777776
2015-01-15,438,139,247083140,1.2518055555555556
2015-01-15,438,99,247063180,3.1861111111111109
2015-01-15,438,100,247063180,1.8472222222222219
2015-01-15,438,133,247083920,3.5006944444444441
2015-01-15,438,134,247083920,1.2411111111111111
2015-01-15,438,139,247080850,1.9206944444444445
2015-01-15,438,141,247081370,9.5359722222222221
2015-01-15,438,135,247083420,0.26097222222222222
2015-01-15,438,136,247083420,0.90027777777777773
2015-01-15,438,134,247083170,1.0345833333333334
2015-01-15,438,133,247083170,1.4470833333333331
2015-01-15,438,154,238198440,0.60263888888888884
2015-01-15,438,138,247087020,1.9751388888888888
2015-01-15,438,137,247087020,0.2125
2015-01-15,438,136,247083440,0.69791666666666663
2015-01-15,438,134,247083440,0.9456944444444445
2015-01-15,438,-55,224138950,0.37194444444444447
2015-01-15,438,-54,224138950,2.1355555555555554
2015-01-15,438,-53,224138950,2.32875
2015-01-15,438,-52,224138950,1.6055555555555556
2015-01-15,438,135,247081670,1.047361111111111
2015-01-15,438,136,247081670,1.4626388888888888
2015-01-15,438,137,247081670,0.20819444444444446
2015-01-15,438,134,247081670,2.1151388888888887
2015-01-15,438,-1250,367479750,2.8545833333333324
2015-01-15,438,-1249,367479750,2.4748611111111107
2015-01-15,438,-54,224204490,5.0288888888888881
2015-01-15,438,135,247081930,0.41416666666666663
2015-01-15,438,134,247081930,1.0502777777777776
2015-01-15,438,133,247083470,3.0238888888888886
2015-01-15,438,134,247083470,1.6133333333333333
2015-01-15,438,-23,224290000,13.475277777777777
2015-01-15,438,135,247081940,0.42527777777777781
2015-01-15,438,136,247081940,0.61458333333333337
2015-01-15,438,137,247083220,1.2320833333333334
2015-01-15,438,138,247083220,0.83333333333333337
2015-01-15,438,133,247083480,3.1694444444444438
2015-01-15,438,134,247083480,0.87763888888888886
2015-01-15,438,154,238117340,2.0933333333333333
2015-01-15,438,136,247083230,1.3136111111111111
2015-01-15,438,135,247083230,5.0840277777777789
2015-01-15,438,130,247072740,0.31375
2015-01-15,438,131,247072740,1.4734722222222221
2015-01-15,438,132,247072740,0.2072222222222222
2015-01-15,438,-55,224204520,1.65875
2015-01-15,438,-54,224204520,1.1940277777777779
2015-01-15,438,135,247083240,0.21388888888888891
2015-01-15,438,134,247083240,1.4694444444444441
2015-01-15,438,133,247083240,1.8765277777777776
2015-01-15,438,-53,263414760,0.8425
2015-01-15,438,-55,263414760,1.44375
2015-01-15,438,-54,263414760,1.0415277777777778
2015-01-15,438,136,247086570,1.5958333333333332
2015-01-15,438,135,247086570,0.94541666666666668
2015-01-15,438,133,247081710,0.62888888888888883
2015-01-15,438,134,247081710,2.91375
2015-01-15,438,135,247081710,0.4211111111111111
2015-01-15,438,-59,224049140,0.70319444444444446
2015-01-15,438,-58,224049140,1.2916666666666665
2015-01-15,438,-57,224049140,0.10263888888888889
2015-01-15,438,134,247081720,0.62750000000000006
2015-01-15,438,135,247081720,0.61680555555555561
2015-01-15,438,136,247083260,1.7594444444444444
2015-01-15,438,135,247083260,0.21430555555555555
2015-01-15,694,160,257122820,2.8068055555555556
2015-01-15,694,161,257122820,3.1784722222222217
2015-01-15,694,162,257258000,1.6719444444444447
2015-01-15,694,160,257258000,0.44791666666666663
2015-01-15,694,159,257258000,0.41958333333333336
2015-01-15,694,161,257258000,2.6376388888888891
2015-01-15,694,159,257016340,2.4045833333333335
2015-01-15,694,161,257016340,1.5095833333333335
2015-01-15,694,160,257016340,5.9733333333333354
2015-01-15,694,174,257865500,10.157222222222222
2015-01-15,694,176,257865500,3.0938888888888889
2015-01-15,694,175,257865500,3.8544444444444448
2015-01-15,694,160,257523500,2.7855555555555553
2015-01-15,694,159,257523500,1.2765277777777777
2015-01-15,694,161,257523500,0.43694444444444441
2015-01-15,694,159,257576500,1.4840277777777777
2015-01-15,694,160,257576500,3.6890277777777789
2015-01-15,694,161,257576500,1.7158333333333333
2015-01-15,694,168,257144120,2.581666666666667
2015-01-15,694,182,259208000,5.0683333333333334
2015-01-15,694,181,259208000,0.85666666666666669
2015-01-15,694,174,257176640,4.6166666666666671
2015-01-15,694,168,257144920,0.60666666666666669
2015-01-15,694,181,257116000,1.2106944444444445
2015-01-15,694,180,257116000,3.3018055555555552
2015-01-15,694,157,259558000,1.5795833333333336
2015-01-15,694,158,259558000,1.8958333333333333
2015-01-15,694,182,257302140,5.7972222222222216
2015-01-15,694,180,257302140,0.25319444444444444
2015-01-15,694,181,257302140,0.76666666666666661
2015-01-15,694,166,259536000,8.21638888888889
2015-01-15,694,160,257978500,3.4855555555555564
2015-01-15,694,161,257978500,0.84319444444444436
2015-01-15,694,161,257594500,5.9054166666666665
2015-01-15,694,160,257594500,2.5254166666666666
2015-01-15,694,161,259503000,1.7233333333333334
2015-01-15,694,160,259503000,9.8229166666666643
2015-01-15,694,159,259503000,1.0455555555555556
2015-01-15,694,182,259225000,0.5558333333333334
2015-01-15,694,183,259225000,1.6341666666666665
2015-01-15,694,161,257560500,2.8831944444444448
2015-01-15,694,160,257560500,1.7195833333333335
2015-01-15,694,166,258083000,0.4869444444444444
2015-01-15,694,167,258083000,0.31152777777777779
2015-01-15,694,182,259937000,0.91722222222222216
2015-01-15,694,181,259937000,3.704305555555556
2015-01-15,694,183,259937000,0.64583333333333326
2015-01-15,-74,-1678,366827000,3.0197222222222218
2015-01-15,-74,-1679,366827000,0.72902777777777783
2015-01-15,-74,583,664139000,1.5211111111111111
2015-01-15,439,138,247084290,1.0515277777777778
2015-01-15,439,139,247084290,1.3181944444444444
2015-01-15,439,136,247083540,2.1461111111111109
2015-01-15,439,1454,273413910,11.640416666666667
2015-01-15,439,135,247083550,2.7419444444444445
2015-01-15,439,1466,273344030,0.27361111111111108
2015-01-15,439,140,247081510,3.175
2015-01-15,439,130,247072810,9.415
2015-01-15,439,131,247083060,4.7086111111111109
2015-01-15,439,130,247083060,0.58583333333333343
2015-01-15,439,132,247083060,1.2631944444444443
2015-01-15,439,133,247082320,5.3263888888888893
2015-01-15,439,132,247082320,1.49
2015-01-15,439,131,247082320,3.8075
2015-01-15,439,133,247084380,2.4163888888888891
2015-01-15,439,131,247084380,0.99861111111111112
2015-01-15,439,136,247083380,0.7088888888888889
2015-01-15,439,134,247083380,0.64152777777777781
2015-01-15,439,135,247083380,2.5098611111111104
2015-01-15,439,138,247083140,1.9016666666666668
2015-01-15,439,139,247083140,0.48847222222222225
2015-01-15,439,131,247081610,0.5247222222222222
2015-01-15,439,133,247081610,1.6654166666666665
2015-01-15,439,133,247083920,0.41930555555555554
2015-01-15,439,132,247083920,0.33875
2015-01-15,439,1454,273315480,11.639027777777777
2015-01-15,439,1453,273315480,11.689444444444444
2015-01-15,439,134,247083420,0.20541666666666666
2015-01-15,439,136,247083420,1.6691666666666669
2015-01-15,439,134,247083170,2.0951388888888891
2015-01-15,439,132,247083170,1.4444444444444442
2015-01-15,439,133,247083170,1.1558333333333333
2015-01-15,439,131,247083940,2.49
2015-01-15,439,139,247087020,5.95125
2015-01-15,439,135,247083440,3.0965277777777782
2015-01-15,439,136,247083440,0.28083333333333332
2015-01-15,439,131,247084470,1.2545833333333332
2015-01-15,439,132,247084470,0.21375
2015-01-15,439,133,247084470,0.41944444444444445
2015-01-15,439,1453,273421500,10.857083333333334
2015-01-15,439,-1250,367479750,4.0068055555555553
2015-01-15,439,-58,224204490,5.6056944444444436
2015-01-15,439,-57,224204490,3.6951388888888888
2015-01-15,439,-54,224204490,3.3155555555555556
2015-01-15,439,133,247083470,1.0486111111111112
2015-01-15,439,134,247083470,2.2493055555555559
2015-01-15,439,131,247081170,2.3036111111111111
2015-01-15,439,130,247081170,0.3165277777777778
2015-01-15,439,134,247081170,1.4747222222222223
2015-01-15,439,132,247081170,3.4019444444444447
2015-01-15,439,133,247081170,6.83875
2015-01-15,439,136,247081940,1.9598611111111111
2015-01-15,439,138,247083220,1.0802777777777779
2015-01-15,439,139,247083220,0.9902777777777777
2015-01-15,439,136,247083230,5.270833333333333
2015-01-15,439,137,247083230,1.0569444444444445
2015-01-15,439,-58,224204520,3.8273611111111112
2015-01-15,439,-57,224204520,2.8801388888888892
2015-01-15,439,-56,224204520,3.4544444444444444
2015-01-15,439,136,247083240,0.83194444444444438
2015-01-15,439,135,247086570,2.5875
2015-01-15,439,136,247086570,0.40125
2015-01-15,439,134,247086570,1.0097222222222222
2015-01-15,439,135,247081720,1.6276388888888889
2015-01-15,439,134,247081720,4.1606944444444451
2015-01-15,439,133,247081720,0.54708333333333337
2015-01-15,439,136,247083260,1.9762499999999998
2015-01-15,695,172,257005840,2.2366666666666668
2015-01-15,695,179,259208000,4.2033333333333331
2015-01-15,695,180,259208000,2.4091666666666667
2015-01-15,695,172,257176640,0.69291666666666663
2015-01-15,695,173,257176640,5.5536111111111115
2015-01-15,695,179,257116000,1.0819444444444444
2015-01-15,695,182,257116000,0.3947222222222222
2015-01-15,695,184,257116000,0.31416666666666671
2015-01-15,695,180,257116000,1.0977777777777777
2015-01-15,695,158,259558000,4.9179166666666667
2015-01-15,695,158,259963000,0.22263888888888889
2015-01-15,695,159,259963000,0.6479166666666667
2015-01-15,695,182,257302140,1.6116666666666666
2015-01-15,695,181,257302140,0.43236111111111108
2015-01-15,695,179,257733500,11.376249999999999
2015-01-15,695,166,259536000,3.6784722222222226
2015-01-15,695,165,259536000,12.671388888888888
2015-01-15,695,176,257135500,3.4147222222222222
2015-01-15,695,174,257135500,2.0830555555555552
2015-01-15,695,172,257157520,1.4162500000000002
2015-01-15,695,171,257157520,0.19958333333333333
2015-01-15,695,172,257177500,4.3672222222222219
2015-01-15,695,173,257565600,4.7591666666666672
2015-01-15,695,183,259225000,1.1637499999999998
2015-01-15,695,182,259225000,1.9001388888888884
2015-01-15,695,171,257421500,0.6511111111111112
2015-01-15,695,170,257421500,2.6147222222222224
2015-01-15,695,168,257421500,1.3073611111111112
2015-01-15,695,173,257302720,9.174027777777777
2015-01-15,695,174,257149120,5.0845833333333337
2015-01-15,695,179,257580500,3.885
2015-01-15,695,183,259937000,1.8606944444444444
2015-01-15,695,179,259937000,3.3895833333333329
2015-01-15,695,180,259937000,0.28472222222222221
2015-01-15,-73,-1678,366827000,7.97513888888889
2015-01-15,440,139,247084290,2.1884722222222224
2015-01-15,440,135,247083540,1.2337500000000001
2015-01-15,440,136,247083540,0.46513888888888888
2015-01-15,440,131,247084310,2.0569444444444445
2015-01-15,440,132,247084310,0.21347222222222223
2015-01-15,440,1466,273344030,3.1890277777777776
2015-01-15,440,1468,273344030,1.4170833333333333
2015-01-15,440,133,247083060,1.0001388888888889
2015-01-15,440,131,247083060,1.5738888888888889
2015-01-15,440,132,247083060,1.9570833333333331
2015-01-15,440,134,247083060,2.5455555555555556
2015-01-15,440,130,247083060,1.1515277777777779
2015-01-15,440,135,247083060,0.5098611111111111
2015-01-15,440,132,247070530,1.6437500000000003
2015-01-15,440,133,247082320,1.8970833333333335
2015-01-15,440,132,247083860,6.9084722222222226
2015-01-15,440,133,247084380,2.8347222222222221
2015-01-15,440,139,247083140,1.2751388888888888
2015-01-15,440,138,247083140,2.6950000000000003
2015-01-15,440,130,247079050,0.34861111111111109
2015-01-15,440,134,247081610,6.831666666666667
2015-01-15,440,131,247081610,5.6720833333333331
2015-01-15,440,130,247081610,1.3373611111111112
2015-01-15,440,135,247083420,1.7056944444444442
2015-01-15,440,136,247083420,0.85694444444444451
2015-01-15,440,134,247083420,0.2025
2015-01-15,440,132,247083170,1.2445833333333334
2015-01-15,440,133,247083170,0.70263888888888892
2015-01-15,440,-20,227310000,5.6258333333333326
2015-01-15,440,133,247084470,2.3636111111111111
2015-01-15,440,139,247084470,4.8191666666666659
2015-01-15,440,138,247084470,2.1165277777777778
2015-01-15,440,-1250,367479750,3.4422222222222221
2015-01-15,440,-78,224046790,4.8001388888888892
2015-01-15,440,134,247083470,1.2262499999999998
2015-01-15,440,135,247081940,0.84986111111111118
2015-01-15,440,136,247081940,0.72097222222222224
2015-01-15,440,137,247083230,2.94375
2015-01-15,440,-16,228005600,2.703611111111111
2015-01-15,440,-15,228005600,3.1205555555555553
2015-01-15,440,135,247081720,0.41694444444444445
2015-01-15,440,135,247083260,1.9044444444444442
2015-01-15,440,136,247083260,0.64583333333333326
2015-01-15,696,162,257460500,10.420833333333333
2015-01-15,696,163,257460500,1.1554166666666668
2015-01-15,696,161,257460500,0.65486111111111112
2015-01-15,696,166,257458500,0.26680555555555552
2015-01-15,696,165,257458500,7.4693055555555565
2015-01-15,696,180,257184340,9.4620833333333323
2015-01-15,696,181,257184340,4.6263888888888891
2015-01-15,696,158,259963000,0.26541666666666669
2015-01-15,696,159,259963000,9.9940277777777755
2015-01-15,696,160,259963000,3.3026388888888887
2015-01-15,696,174,257135500,5.9865277777777779
2015-01-15,696,167,259258000,0.24472222222222223
2015-01-15,696,179,257159320,2.3333333333333335
2015-01-15,696,178,257159320,4.265138888888889
2015-01-15,696,189,257172920,0.24097222222222223
2015-01-15,696,174,257421500,11.803888888888888
2015-01-15,696,173,257421500,3.6880555555555556
2015-01-15,696,166,257531600,4.3111111111111109
2015-01-15,696,183,257066740,0.41638888888888886
2015-01-15,696,184,257066740,0.47027777777777779
2015-01-15,696,186,257066740,8.5525
2015-01-15,696,185,257066740,0.31
2015-01-15,185,-246,224452000,2.6624999999999996
2015-01-15,441,131,247083060,0.63861111111111113
2015-01-15,441,134,247083060,0.48208333333333331
2015-01-15,441,133,247083060,1.0820833333333333
2015-01-15,441,130,247070530,9.9797222222222235
2015-01-15,441,93,247046810,1.8405555555555555
2015-01-15,441,94,247046810,0.72402777777777783
2015-01-15,441,134,247084470,6.0665277777777771
2015-01-15,441,-15,228005600,3.2613888888888889
2015-01-15,697,163,257460500,1.2102777777777778
2015-01-15,697,162,257460500,1.2156944444444444
2015-01-15,697,182,257184340,5.2652777777777784
2015-01-15,697,181,257184340,2.1652777777777779
2015-01-15,697,159,259963000,0.42180555555555554
2015-01-15,697,160,259963000,0.86722222222222234
2015-01-15,697,168,259258000,0.43472222222222223
2015-01-15,697,167,259258000,12.371250000000002
2015-01-15,697,166,259258000,8.4783333333333317
2015-01-15,697,166,257531600,4.1736111111111107
2015-01-15,697,183,257066740,3.2280555555555557
2015-01-15,697,184,257066740,1.4733333333333332
2015-01-15,-71,-1745,529695000,4.0266666666666664
2015-01-15,186,-246,224452000,4.68125
2015-01-15,442,1465,273344030,6.175416666666667
2015-01-15,442,85,247042620,1.2681944444444444
2015-01-15,442,85,247049280,0.21236111111111111
2015-01-15,442,85,247204460,1.2970833333333331
2015-01-15,442,93,247046810,0.63777777777777778
2015-01-15,442,92,247046810,2.1455555555555557
2015-01-15,442,91,247046810,2.795694444444444
2015-01-15,442,1364,273424560,1.2526388888888889
2015-01-15,442,-1247,367479750,0.41791666666666666
2015-01-15,698,176,257333420,3.8616666666666668
2015-01-15,698,188,257538500,5.4836111111111112
2015-01-15,-70,-1680,36764000,7.3705555555555549
2015-01-15,187,1085,412479284,3.3444444444444446
2015-01-15,187,394,457071000,18.073055555555555
2015-01-15,443,141,238258440,1.0484722222222222
2015-01-15,443,85,247042620,1.7030555555555558
2015-01-15,443,86,247042620,2.1301388888888888
2015-01-15,443,85,247049280,2.5729166666666665
2015-01-15,443,86,247049280,3.40625
2015-01-15,443,135,247082580,10.347361111111111
2015-01-15,443,87,247204460,0.84708333333333341
2015-01-15,443,86,247204460,2.99375
2015-01-15,443,85,247204460,1.267222222222222
2015-01-15,443,-16,228019600,1.5313888888888889
2015-01-15,443,127,247071890,0.3552777777777778
2015-01-15,443,-16,228005600,2.9581944444444441
2015-01-15,699,167,259558000,2.5481944444444444
2015-01-15,699,166,258470000,6.6158333333333328
2015-01-15,699,167,258470000,5.6766666666666667
2015-01-15,699,169,259995000,2.335
2015-01-15,699,166,259995000,2.8919444444444444
2015-01-15,699,168,259995000,2.1983333333333333
2015-01-15,699,167,259995000,13.469027777777779
2015-01-15,699,178,257774500,4.6125
2015-01-15,699,179,257774500,3.9248611111111114
2015-01-15,699,181,257538500,3.9441666666666668
2015-01-15,699,166,257574600,3.5747222222222224
2015-01-15,699,170,257367000,3.0325
2015-01-15,699,169,257367000,8.79513888888889
2015-01-15,-69,-1741,529695000,7.9613888888888908
2015-01-15,-69,600,664583000,0.91611111111111121
2015-01-15,-69,-1679,36764000,4.1455555555555561
2015-01-15,-69,-1677,350107000,4.3041666666666671
2015-01-15,-69,-1676,350107000,5.9051388888888887
2015-01-15,188,1085,412479284,3.6454166666666667
2015-01-15,188,1401,431200060,4.3625
2015-01-15,444,141,238258440,4.01125
2015-01-15,444,-16,228019600,1.7404166666666667
2015-01-15,444,127,247071890,9.7576388888888879
2015-01-15,444,126,247070880,2.2819444444444446
2015-01-15,444,-17,228005600,1.7598611111111113
2015-01-15,700,201,257245220,6.8244444444444454
2015-01-15,700,202,257245220,1.5299999999999998
2015-01-15,700,210,257570600,0.12194444444444445
2015-01-15,700,211,257570600,3.7456944444444442
2015-01-15,700,183,257076840,7.2347222222222225
2015-01-15,700,184,257076840,2.9748611111111112
2015-01-15,700,183,257030540,7.7844444444444445
2015-01-15,700,186,257030540,10.144583333333333
2015-01-15,700,184,257030540,2.3376388888888888
2015-01-15,700,171,273425330,1.5693055555555555
2015-01-15,-324,614,224233000,1.8122222222222224
2015-01-15,-324,474,225374000,1.3130555555555556
2015-01-15,-324,164,601352000,0.625
2015-01-15,-324,164,601787000,2.6580555555555554
2015-01-15,-68,600,664583000,6.1993055555555561
2015-01-15,-68,599,664583000,3.6511111111111108
2015-01-15,-68,-1676,350107000,2.1873611111111115
2015-01-15,-68,-1677,350107000,3.4336111111111114
2015-01-15,189,1084,412479284,0.32416666666666671
2015-01-15,189,1401,431200060,5.2081944444444446
2015-01-15,189,-246,224452000,2.97
2015-01-15,445,-571,316007950,8.4330555555555566
2015-01-15,445,129,247071010,1.3959722222222222
2015-01-15,445,333,272413000,0.8875
2015-01-15,445,127,247071070,2.7720833333333332
2015-01-15,445,-16,228019600,1.5834722222222222
2015-01-15,445,333,272004500,1.1831944444444444
2015-01-15,445,131,247081660,4.2444444444444445
2015-01-15,445,-571,316011711,12.464166666666666
2015-01-15,445,-570,316011711,3.2680555555555553
2015-01-15,445,125,247070670,4.4809722222222224
2015-01-15,445,-17,228005600,0.18486111111111111
2015-01-15,445,128,247070710,11.758472222222222
2015-01-15,701,171,273355780,4.6468055555555559
2015-01-15,701,171,273552400,7.8080555555555557
2015-01-15,701,172,273213500,1.5168055555555555
2015-01-15,701,171,273213500,8.5808333333333326
2015-01-15,701,174,273447010,1.5513888888888889
2015-01-15,701,172,273447010,1.5388888888888888
2015-01-15,701,173,273332880,1.1555555555555554
2015-01-15,701,171,273332880,0.80847222222222226
2015-01-15,701,176,273332880,0.82388888888888889
2015-01-15,701,175,273332880,0.87722222222222224
2015-01-15,701,171,273317270,3.8919444444444444
2015-01-15,701,171,273425330,1.5763888888888888
2015-01-15,701,172,273425330,1.5401388888888889
2015-01-15,701,177,273448380,1.5345833333333334
2015-01-15,701,172,273448380,1.513611111111111
2015-01-15,701,175,273448380,1.5277777777777777
2015-01-15,701,171,273448380,8.54875
2015-01-15,701,177,273430750,1.1748611111111111
2015-01-15,701,174,273430750,1.5847222222222221
2015-01-15,701,172,273430750,1.5331944444444443
2015-01-15,701,171,273430750,1.47375
2015-01-15,-323,615,224233000,1.1948611111111109
2015-01-15,-323,614,224233000,0.15722222222222224
2015-01-15,-323,474,225374000,0.75569444444444445
2015-01-15,-323,475,225374000,0.40875
2015-01-15,-323,472,225374000,1.300138888888889
2015-01-15,-323,163,601352000,1.6466666666666667
2015-01-15,-323,164,601787000,1.4506944444444443
2015-01-15,-323,163,601787000,0.15819444444444444
2015-01-15,-67,599,664583000,1.855
2015-01-15,-67,600,664583000,0.76708333333333334
2015-01-15,-67,482,416004790,5.2361111111111125
2015-01-15,190,1398,431903000,14.341666666666667
2015-01-15,190,1400,431903000,1.4388888888888887
2015-01-15,190,1084,412479284,0.31
2015-01-15,190,1402,431200060,7.3627777777777776
2015-01-15,190,1401,431200060,1.8613888888888888
2015-01-15,190,1399,431200060,4.7583333333333329
2015-01-15,190,1400,431200060,1.1306944444444444
2015-01-15,190,-246,224452000,3.6304166666666684
2015-01-15,190,-245,224452000,0.625
2015-01-15,446,140,238798340,2.0415277777777776
2015-01-15,446,141,238798340,5.3194444444444446
2015-01-15,446,139,238798340,0.87888888888888883
2015-01-15,446,138,238798340,0.2361111111111111
2015-01-15,446,334,272329000,11.710972222222226
2015-01-15,446,335,272329000,0.81833333333333336
2015-01-15,446,335,272413000,0.57458333333333333
2015-01-15,446,333,272413000,1.150138888888889
2015-01-15,446,334,272413000,4.3794444444444443
2015-01-15,446,333,272007500,0.43319444444444444
2015-01-15,446,335,272007500,5.9320833333333329
2015-01-15,446,334,272007500,4.9104166666666655
2015-01-15,446,127,247071070,2.71375
2015-01-15,446,124,247076460,12.004166666666666
2015-01-15,446,-17,228019600,0.4145833333333333
2015-01-15,446,-18,228019600,1.5372222222222223
2015-01-15,446,-16,228019600,0.63611111111111107
2015-01-15,446,334,272004500,1.7234722222222221
2015-01-15,446,333,272004500,4.0919444444444446
2015-01-15,446,335,272004500,3.875694444444445
2015-01-15,446,129,247070880,3.2875
2015-01-15,446,335,272007400,4.1880555555555556
2015-01-15,446,334,272007400,11.421388888888892
2015-01-15,702,174,273355780,2.265138888888889
2015-01-15,702,172,273355780,1.5423611111111111
2015-01-15,702,178,273355780,1.5727777777777778
2015-01-15,702,173,273552400,1.5255555555555556
2015-01-15,702,176,273552400,3.0758333333333336
2015-01-15,702,359,259562000,6.2225
2015-01-15,702,356,259562000,1.5404166666666668
2015-01-15,702,187,257251900,4.6406944444444447
2015-01-15,702,171,273213500,1.4943055555555556
2015-01-15,702,173,273213500,1.5779166666666666
2015-01-15,702,171,273447010,1.5293055555555557
2015-01-15,702,176,273447010,2.302777777777778
2015-01-15,702,171,273332880,2.6493055555555554
2015-01-15,702,177,273317270,1.5375
2015-01-15,702,172,273554600,1.5513888888888889
2015-01-15,702,174,273554600,1.5569444444444445
2015-01-15,702,312,258516910,10.886805555555554
2015-01-15,702,171,273425330,1.4888888888888889
2015-01-15,702,171,273350610,3.893472222222222
2015-01-15,702,178,273430750,1.5359722222222223
2015-01-15,702,171,273430750,9.3627777777777776
2015-01-15,-322,616,224233000,2.7402777777777776
2015-01-15,-322,615,224233000,0.34652777777777777
2015-01-15,-322,468,225374000,1.6084722222222223
2015-01-15,-322,475,225374000,4.893472222222222
2015-01-15,-322,470,225374000,1.3788888888888891
2015-01-15,-322,474,225374000,2.3090277777777777
2015-01-15,-322,163,601352000,5.6868055555555577
2015-01-15,-322,163,601787000,0.18722222222222221
2015-01-15,-66,600,664583000,3.9877777777777781
2015-01-15,-66,599,664583000,5.4180555555555552
2015-01-15,-66,-1524,441660000,11.123055555555556
2015-01-15,-66,586,416634000,3.6215277777777777
2015-01-15,-66,483,416004790,1.2981944444444444
2015-01-15,191,1399,431903000,4.2361111111111107
2015-01-15,191,-246,224452000,5.5283333333333342
2015-01-15,447,141,238798340,0.63027777777777783
2015-01-15,447,140,238798340,0.41416666666666668
2015-01-15,447,132,247052550,1.9848611111111112
2015-01-15,447,130,247071010,3.2276388888888889
2015-01-15,447,132,247051560,1.4195833333333332
2015-01-15,447,131,247071030,0.56666666666666665
2015-01-15,447,131,247100470,2.8526388888888889
2015-01-15,447,132,247100470,5.8179166666666671
2015-01-15,447,335,272413000,3.3291666666666671
2015-01-15,447,335,272007500,0.3273611111111111
2015-01-15,447,123,247070540,0.99958333333333338
2015-01-15,447,124,247070540,3.5004166666666667
2015-01-15,447,131,247071060,0.4211111111111111
2015-01-15,447,-16,228036700,0.54986111111111113
2015-01-15,447,128,247071070,0.91111111111111109
2015-01-15,447,129,247071070,7.9122222222222218
2015-01-15,447,130,247071070,0.84638888888888886
2015-01-15,447,124,247030890,12.149166666666668
2015-01-15,447,124,247076460,9.1875
2015-01-15,447,124,247074420,11.791805555555555
2015-01-15,447,125,247074420,3.5002777777777778
2015-01-15,447,124,247074680,3.9997222222222222
2015-01-15,447,125,247074680,2.5001388888888889
2015-01-15,447,-1249,366804620,0.95624999999999993
2015-01-15,447,-19,228019600,1.881388888888889
2015-01-15,447,131,247050640,5.6338888888888885
2015-01-15,447,334,272004500,1.2833333333333332
2015-01-15,447,134,247054740,2.4373611111111111
2015-01-15,447,133,247054750,0.37361111111111112
2015-01-15,447,134,247054750,2.0488888888888885
2015-01-15,447,130,247070880,1.5831944444444446
2015-01-15,447,136,238887840,1.9149999999999996
2015-01-15,447,124,247100320,1.2925
2015-01-15,447,133,247051680,0.21638888888888891
2015-01-15,447,-16,228249000,3.6415277777777777
2015-01-15,447,125,247070890,0.50013888888888891
2015-01-15,447,-622,316022197,4.5377777777777775
2015-01-15,447,129,247051450,1.8265277777777778
2015-01-15,447,128,247051450,1.4179166666666667
2015-01-15,447,126,247070670,0.5
2015-01-15,447,127,247070670,3.944722222222222
2015-01-15,447,124,247072720,3.0002777777777778
2015-01-15,447,125,247072720,0.99986111111111109
2015-01-15,447,127,247073510,0.5
2015-01-15,447,131,247070970,0.23055555555555557
2015-01-15,703,178,273355780,1.5373611111111112
2015-01-15,703,174,273552400,1.547361111111111
2015-01-15,703,176,273552400,1.5306944444444444
2015-01-15,703,172,273352230,3.8706944444444442
2015-01-15,703,172,273447010,3.8931944444444446
2015-01-15,703,176,273332880,1.7125
2015-01-15,703,178,273332880,4.4281944444444443
2015-01-15,703,171,273332880,3.8530555555555557
2015-01-15,703,174,273317270,2.3140277777777776
2015-01-15,703,173,273317270,5.4679166666666665
2015-01-15,703,175,273317270,3.84375
2015-01-15,703,172,273554600,8.5458333333333343
2015-01-15,703,173,273554600,6.2513888888888891
2015-01-15,703,177,273210800,2.2915277777777776
2015-01-15,703,174,273210800,1.5486111111111112
2015-01-15,703,175,273425330,1.5347222222222223
2015-01-15,703,172,273425330,3.8547222222222222
2015-01-15,703,176,273448380,1.5499999999999998
2015-01-15,703,176,273430750,5.0697222222222225
2015-01-15,-321,596,224197150,0.14736111111111111
2015-01-15,-321,597,224197150,2.6973611111111113
2015-01-15,-321,614,224233000,2.4047222222222224
2015-01-15,-321,469,225374000,2.459027777777778
2015-01-15,-321,475,225374000,0.52055555555555555
2015-01-15,-321,476,225374000,0.37416666666666665
2015-01-15,-65,592,416768000,2.6016666666666666
2015-01-15,-65,589,416768000,3.7323611111111115
2015-01-15,-65,590,416768000,0.48486111111111119
2015-01-15,-65,591,416768000,3.9176388888888889
2015-01-15,-65,-1520,441660000,4.4448611111111109
2015-01-15,-65,483,416004790,0.52388888888888885
2015-01-15,-65,484,416004790,0.20277777777777778
2015-01-15,-65,-200,416060900,5.0455555555555556
2015-01-15,-65,-202,416060900,7.3944444444444439
2015-01-15,-65,-199,416060900,0.47902777777777777
2015-01-15,192,1084,100700231,1.1283333333333334
2015-01-15,192,1083,100700231,12.343472222222221
2015-01-15,448,131,247051790,0.25013888888888891
2015-01-15,448,133,247051790,3.8665277777777773
2015-01-15,448,132,247051790,1.2893055555555555
2015-01-15,448,126,247054110,0.86541666666666661
2015-01-15,448,130,247071010,2.1081944444444445
2015-01-15,448,131,247071010,8.1395833333333325
2015-01-15,448,130,247120170,8.0679166666666671
2015-01-15,448,131,247120170,6.620000000000001
2015-01-15,448,132,247053620,7.97375
2015-01-15,448,130,247071030,2.5533333333333332
2015-01-15,448,131,247071030,6.6211111111111105
2015-01-15,448,130,247100470,8.8026388888888878
2015-01-15,448,129,247100470,2.2718055555555554
2015-01-15,448,132,247054650,4.44513888888889
2015-01-15,448,1372,273351740,7.105833333333333
2015-01-15,448,132,247071040,0.8073611111111112
2015-01-15,448,133,247071040,11.454305555555555
2015-01-15,448,131,247053120,1.3376388888888888
2015-01-15,448,131,247142730,7.333055555555557
2015-01-15,448,131,247071060,0.33166666666666667
2015-01-15,448,-16,228036700,3.3933333333333331
2015-01-15,448,130,247071070,1.0623611111111111
2015-01-15,448,131,247081060,12.097083333333334
2015-01-15,448,125,247054440,3.50125
2015-01-15,448,132,247074670,0.42402777777777778
2015-01-15,448,131,247074670,0.41763888888888889
2015-01-15,448,132,247050110,4.9804166666666667
2015-01-15,448,126,247070590,10.003055555555555
2015-01-15,448,-1249,366804620,2.36125
2015-01-15,448,-20,228019600,7.6513888888888886
2015-01-15,448,132,247030160,1.2190277777777778
2015-01-15,448,133,247051920,5.3743055555555559
2015-01-15,448,132,247051920,1.7349999999999999
2015-01-15,448,126,247070610,1.9998611111111111
2015-01-15,448,131,247052440,0.4625
2015-01-15,448,132,247052440,3.7754166666666666
2015-01-15,448,133,247054750,1.5598611111111111
2015-01-15,448,127,247070880,1.6127777777777776
2015-01-15,448,130,247070880,2.0068055555555557
2015-01-15,448,129,247070880,0.31402777777777779
2015-01-15,448,136,238887840,0.1
2015-01-15,448,125,247100320,1.5002777777777778
2015-01-15,448,133,247051680,6.28763888888889
2015-01-15,448,132,247051680,0.435
2015-01-15,448,131,247052710,2.7301388888888889
2015-01-15,448,133,247052710,11.102500000000003
2015-01-15,448,132,247052710,1.4381944444444446
2015-01-15,448,-16,228249000,0.3263888888888889
2015-01-15,448,125,247070890,3.4997222222222222
2015-01-15,448,125,247050940,14.710555555555555
2015-01-15,448,132,238998210,2.3081944444444442
2015-01-15,448,126,247050440,13.047777777777778
2015-01-15,448,132,247051720,1.9506944444444445
2015-01-15,448,133,247051720,7.40986111111111
2015-01-15,448,132,247050450,8.5890277777777779
2015-01-15,448,129,247074260,5.3876388888888886
2015-01-15,448,125,247053780,1.7391666666666667
2015-01-15,448,129,247051230,0.40555555555555556
2015-01-15,448,127,247073510,0.95138888888888884
2015-01-15,448,128,247073510,0.6348611111111111
2015-01-15,448,130,247050740,2.0084722222222222
2015-01-15,448,132,247050740,2.2904166666666663
2015-01-15,448,132,247145720,6.7177777777777781
2015-01-15,704,171,273355780,5.4638888888888886
2015-01-15,704,177,273355780,4.7148611111111114
2015-01-15,704,175,273552400,5.4736111111111114
2015-01-15,704,176,273355290,1.5276388888888888
2015-01-15,704,173,273355290,1.5115277777777778
2015-01-15,704,174,273355290,4.7168055555555553
2015-01-15,704,313,257312540,7.8443055555555556
2015-01-15,704,171,273352230,5.5348611111111108
2015-01-15,704,172,273352230,1.5455555555555556
2015-01-15,704,173,273213500,4.7197222222222219
2015-01-15,704,172,273213500,3.0870833333333332
2015-01-15,704,176,273447010,7.0234722222222219
2015-01-15,704,171,273523100,6.3040277777777778
2015-01-15,704,172,273554600,3.8722222222222218
2015-01-15,704,171,273210800,4.7097222222222221
2015-01-15,704,175,273210800,7.007083333333334
2015-01-15,704,171,273425330,4.6980555555555554
2015-01-15,704,178,273425330,4.7202777777777776
2015-01-15,704,176,273448380,1.5501388888888887
2015-01-15,704,174,273448380,4.7319444444444443
2015-01-15,704,178,273350610,4.7180555555555559
2015-01-15,704,173,273350610,3.0902777777777777
2015-01-15,704,171,273350610,5.4695833333333335
2015-01-15,704,177,273350610,1.5347222222222223
2015-01-15,704,207,257487600,2.294027777777778
2015-01-15,-320,596,224197150,1.2137499999999999
2015-01-15,-320,616,224233000,1.6530555555555555
2015-01-15,-320,476,225374000,0.8320833333333334
2015-01-15,-64,591,416768000,0.93013888888888885
2015-01-15,-64,589,416768000,5.502361111111111
2015-01-15,-64,593,416768000,0.72125
2015-01-15,-64,592,416768000,5.0359722222222221
2015-01-15,-64,-1520,441660000,0.86319444444444449
2015-01-15,-64,482,416004718,5.1608333333333336
2015-01-15,-64,484,416004790,0.9193055555555556
2015-01-15,-64,485,416004790,3.9970833333333338
2015-01-15,449,131,247051790,1.6724999999999999
2015-01-15,449,132,247051790,0.24694444444444447
2015-01-15,449,130,247052570,2.0848611111111115
2015-01-15,449,131,247071010,1.8245833333333334
2015-01-15,449,130,247071010,1.276388888888889
2015-01-15,449,131,247120170,3.7473611111111111
2015-01-15,449,131,247053620,2.3431944444444444
2015-01-15,449,132,247053620,3.8138888888888887
2015-01-15,449,131,247071030,1.4668055555555555
2015-01-15,449,130,247071030,0.41930555555555554
2015-01-15,449,130,247100470,0.30916666666666665
2015-01-15,449,132,247054650,5.4861111111111107
2015-01-15,449,131,247054650,6.2134722222222249
2015-01-15,449,131,247071040,2.2490277777777776
2015-01-15,449,133,247071040,2.6463888888888887
2015-01-15,449,130,247071040,0.63694444444444442
2015-01-15,449,132,247053120,0.41694444444444445
2015-01-15,449,131,247053120,0.22083333333333333
2015-01-15,449,130,247053120,0.42347222222222225
2015-01-15,449,131,247142730,0.62375
2015-01-15,449,130,247142730,1.1943055555555555
2015-01-15,449,131,247071060,1.6513888888888886
2015-01-15,449,130,247071060,0.21388888888888891
2015-01-15,449,-15,227100500,9.63875
2015-01-15,449,-16,227100500,7.1716666666666669
2015-01-15,449,129,247053910,4.3751388888888885
2015-01-15,449,131,247053160,8.0958333333333332
2015-01-15,449,130,247053160,5.5611111111111118
2015-01-15,449,125,247054440,3.9988888888888887
2015-01-15,449,132,247053420,0.51
2015-01-15,449,131,247053420,0.21083333333333332
2015-01-15,449,130,247053420,0.22236111111111112
2015-01-15,449,131,247074670,3.6536111111111107
2015-01-15,449,132,247074670,1.6218055555555555
2015-01-15,449,131,247050620,0.22222222222222221
2015-01-15,449,130,247050620,0.44972222222222225
2015-01-15,449,132,247050110,2.3766666666666669
2015-01-15,449,-1249,366804620,2.4302777777777775
2015-01-15,449,-1248,366804620,0.38222222222222219
2015-01-15,449,-1247,366207630,0.21513888888888888
2015-01-15,449,-1248,366207630,0.21541666666666667
2015-01-15,449,132,247030160,4.8977777777777778
2015-01-15,449,133,247051920,1.1433333333333333
2015-01-15,449,128,247071380,1.9190277777777776
2015-01-15,449,131,247052440,3.9916666666666671
2015-01-15,449,132,247052440,2.4579166666666667
2015-01-15,449,131,247053720,1.2970833333333334
2015-01-15,449,132,247053720,3.0273611111111118
2015-01-15,449,128,247070880,2.4027777777777777
2015-01-15,449,127,247070880,2.5318055555555556
2015-01-15,449,130,247070880,1.148611111111111
2015-01-15,449,129,247070880,1.3054166666666667
2015-01-15,449,132,247051680,1.0622222222222222
2015-01-15,449,-553,316004000,5.63875
2015-01-15,449,131,247052710,1.69
2015-01-15,449,130,247052710,1.2430555555555556
2015-01-15,449,130,247055540,1.42625
2015-01-15,449,129,247051450,2.337361111111111
2015-01-15,449,128,247051450,1.2345833333333334
2015-01-15,449,131,247050430,0.70166666666666666
2015-01-15,449,130,247050430,1.23875
2015-01-15,449,132,238998210,9.75361111111111
2015-01-15,449,131,238998210,1.7394444444444446
2015-01-15,449,133,247051720,1.3744444444444444
2015-01-15,449,132,247051720,3.1758333333333333
2015-01-15,449,131,247051980,9.3294444444444444
2015-01-15,449,132,247050450,2.7261111111111109
2015-01-15,449,129,247074260,1.5411111111111109
2015-01-15,449,128,247074260,4.740555555555555
2015-01-15,449,129,247051220,2.3705555555555557
2015-01-15,449,127,247051220,1.8115277777777781
2015-01-15,449,128,247051220,1.115
2015-01-15,449,126,247053780,2.2501388888888889
2015-01-15,449,125,247053780,1.4998611111111111
2015-01-15,449,130,247051740,2.2034722222222221
2015-01-15,449,129,247051230,3.9234722222222222
2015-01-15,449,128,247051230,2.5030555555555556
2015-01-15,449,132,247121120,0.43583333333333329
2015-01-15,449,128,247073510,2.520833333333333
2015-01-15,449,132,247092970,14.66375
2015-01-15,449,132,247050740,2.1794444444444445
2015-01-15,449,132,247145720,7.37125
2015-01-15,705,174,273355290,1.5468055555555555
2015-01-15,705,173,273355290,6.9665277777777774
2015-01-15,705,175,273355290,4.7084722222222224
2015-01-15,705,171,273332880,5.4766666666666666
2015-01-15,705,174,273350610,3.0730555555555554
2015-01-15,705,172,258732000,4.700277777777778
2015-01-15,705,207,257487600,1.5184722222222222
2015-01-15,-319,596,224197150,2.8625
2015-01-15,-319,477,225374000,0.67875
2015-01-15,-319,476,225374000,0.25444444444444447
2015-01-15,-63,1583,416154700,11.659722222222223
2015-01-15,-63,1582,416154700,7.1452777777777774
2015-01-15,-63,-1520,441660000,5.3637500000000005
2015-01-15,-63,1579,416004246,7.0905555555555564
2015-01-15,-63,485,416004790,6.3988888888888891
2015-01-15,-63,484,416004790,0.14583333333333334
2015-01-15,450,129,247051790,1.0206944444444443
2015-01-15,450,128,247051790,0.30944444444444447
2015-01-15,450,130,247052570,12.546111111111113
2015-01-15,450,128,247120170,1.9898611111111111
2015-01-15,450,130,247120430,4.7022222222222227
2015-01-15,450,131,247053620,2.6370833333333339
2015-01-15,450,130,247054650,1.0780555555555558
2015-01-15,450,131,247054650,0.21375
2015-01-15,450,132,247054650,0.64722222222222225
2015-01-15,450,129,247071040,0.20569444444444446
2015-01-15,450,126,247053120,0.40402777777777776
2015-01-15,450,129,247142730,1.2543055555555558
2015-01-15,450,142,238184780,3.4863888888888885
2015-01-15,450,-18,228178000,6.163333333333334
2015-01-15,450,124,247053670,0.21361111111111108
2015-01-15,450,125,247053670,2.1502777777777782
2015-01-15,450,130,247053160,3.1748611111111114
2015-01-15,450,126,247053420,1.1156944444444443
2015-01-15,450,125,247053420,0.31125
2015-01-15,450,131,247074670,2.2109722222222228
2015-01-15,450,130,247074670,0.9094444444444445
2015-01-15,450,125,247053680,2.3413888888888885
2015-01-15,450,132,247050620,3.8338888888888891
2015-01-15,450,129,247050620,1.5302777777777778
2015-01-15,450,126,247050620,0.42069444444444443
2015-01-15,450,127,247050620,0.84236111111111112
2015-01-15,450,128,247050620,0.20972222222222223
2015-01-15,450,131,247050620,8.367916666666666
2015-01-15,450,130,247050620,0.31916666666666665
2015-01-15,450,127,247051910,3.7611111111111115
2015-01-15,450,128,247051910,0.63055555555555554
2015-01-15,450,-1248,366207630,3.1876388888888889
2015-01-15,450,-1247,366207630,0.22208333333333333
2015-01-15,450,124,247071120,1.26625
2015-01-15,450,125,247071120,0.21694444444444444
2015-01-15,450,132,247030160,7.4777777777777787
2015-01-15,450,128,247071380,1.0833333333333333
2015-01-15,450,131,247052440,2.9666666666666668
2015-01-15,450,130,247052440,2.3459722222222217
2015-01-15,450,131,247053720,5.1949999999999994
2015-01-15,450,130,247053720,3.3711111111111105
2015-01-15,450,129,247053720,2.3523611111111111
2015-01-15,450,132,247053720,0.78055555555555545
2015-01-15,450,132,247051680,1.2488888888888889
2015-01-15,450,-553,316004000,4.19125
2015-01-15,450,125,247051940,1.4041666666666668
2015-01-15,450,130,247051940,1.5156944444444445
2015-01-15,450,132,247051940,0.82222222222222219
2015-01-15,450,131,247051940,6.5176388888888876
2015-01-15,450,128,247051940,2.4651388888888892
2015-01-15,450,125,247050160,0.831388888888889
2015-01-15,450,131,247050160,6.7879166666666677
2015-01-15,450,130,247050160,1.3580555555555556
2015-01-15,450,132,247050160,1.050138888888889
2015-01-15,450,127,247050160,0.91666666666666652
2015-01-15,450,128,247050160,1.0480555555555555
2015-01-15,450,126,247050160,0.87625
2015-01-15,450,129,247050160,1.08
2015-01-15,450,130,247055540,7.9170833333333341
2015-01-15,450,128,247051450,1.7598611111111109
2015-01-15,450,127,247051450,0.81930555555555551
2015-01-15,450,128,247050430,1.1983333333333333
2015-01-15,450,131,247050430,4.0108333333333333
2015-01-15,450,129,247050430,0.71138888888888885
2015-01-15,450,132,238998210,2.5668055555555562
2015-01-15,450,131,238998210,1.2915277777777778
2015-01-15,450,132,247051720,1.1666666666666667
2015-01-15,450,130,247051980,5.7168055555555553
2015-01-15,450,130,247051470,2.6223611111111111
2015-01-15,450,129,247051470,0.88875
2015-01-15,450,131,247050450,2.6331944444444439
2015-01-15,450,131,247051730,1.7947222222222221
2015-01-15,450,125,247053780,1.9563888888888887
2015-01-15,450,129,247051740,4.5623611111111115
2015-01-15,450,132,247121120,3.8308333333333335
2015-01-15,450,132,247092970,1.2419444444444443
2015-01-15,450,130,247092970,1.6901388888888889
2015-01-15,450,131,247092970,1.4849999999999999
2015-01-15,450,128,247050220,3.0619444444444448
2015-01-15,450,127,247050220,3.7400000000000007
2015-01-15,450,130,247050480,7.0976388888888886
2015-01-15,450,131,247145720,1.9318055555555556
2015-01-15,450,130,247145720,1.3098611111111111
2015-01-15,450,132,247145720,0.43708333333333332
2015-01-15,706,172,273352230,2.3027777777777776
2015-01-15,706,174,273352230,1.4834722222222223
2015-01-15,706,235,257803500,1.0963888888888889
2015-01-15,706,236,257803500,0.5477777777777777
2015-01-15,-318,618,224233000,0.85916666666666663
2015-01-15,-318,477,225374000,0.37597222222222226
2015-01-15,-62,483,416004718,1.9933333333333334
2015-01-15,-62,588,416634000,7.5059722222222209
2015-01-15,-62,1579,416004246,11.767361111111111
2015-01-15,-62,-1679,416004759,1.5580555555555557
2015-01-15,-62,-1678,416004759,5.444583333333334
2015-01-15,-62,-1680,416004759,1.7052777777777774
2015-01-15,-62,-1681,416004759,9.7543055555555558
2015-01-15,-62,486,416004790,0.64458333333333329
2015-01-15,-62,1531,553111743,0.54833333333333334
2015-01-15,451,129,247050760,6.421388888888889
2015-01-15,451,130,247050760,5.464722222222222
2015-01-15,451,124,247052560,14.330972222222222
2015-01-15,451,130,247052570,3.8149999999999995
2015-01-15,451,129,247052570,0.6661111111111111
2015-01-15,451,127,247073060,1.5677777777777777
2015-01-15,451,126,247073060,1.8361111111111115
2015-01-15,451,125,247073060,0.20569444444444446
2015-01-15,451,130,247065640,1.3584722222222223
2015-01-15,451,131,247065640,0.69972222222222225
2015-01-15,451,130,247120430,3.8126388888888894
2015-01-15,451,129,247120430,1.7941666666666667
2015-01-15,451,130,247053620,1.5113888888888889
2015-01-15,451,131,247053620,0.42374999999999996
2015-01-15,451,-18,227442000,17.615000000000002
2015-01-15,451,-660,316021342,10.555833333333334
2015-01-15,451,123,247053670,0.64125
2015-01-15,451,123,247053680,0.43319444444444444
2015-01-15,451,131,247121270,0.24041666666666667
2015-01-15,451,132,247121270,1.0918055555555557
2015-01-15,451,131,247050620,1.4775
2015-01-15,451,128,247050620,0.61902777777777773
2015-01-15,451,129,247050630,4.7115277777777775
2015-01-15,451,130,247050630,6.0222222222222213
2015-01-15,451,127,247051910,1.8819444444444442
2015-01-15,451,128,247051910,3.3043055555555552
2015-01-15,451,126,247051910,1.3308333333333333
2015-01-15,451,125,247051910,0.21097222222222223
2015-01-15,451,-1248,366207630,3.1511111111111108
2015-01-15,451,-1247,366207630,0.45152777777777775
2015-01-15,451,125,247071120,1.8508333333333333
2015-01-15,451,124,247071120,6.9769444444444444
2015-01-15,451,-18,227418000,6.3166666666666664
2015-01-15,451,132,247030160,3.0430555555555556
2015-01-15,451,130,247052440,2.6122222222222224
2015-01-15,451,129,247052440,0.4475
2015-01-15,451,134,238592410,7.1276388888888889
2015-01-15,451,135,238592410,0.63611111111111107
2015-01-15,451,130,247051680,0.82916666666666661
2015-01-15,451,131,247051680,0.66958333333333342
2015-01-15,451,132,247051680,1.1883333333333332
2015-01-15,451,129,247051680,0.83097222222222233
2015-01-15,451,127,247051680,0.8404166666666667
2015-01-15,451,128,247051680,0.66083333333333338
2015-01-15,451,-552,316004000,1.6319444444444444
2015-01-15,451,-553,316004000,9.5216666666666665
2015-01-15,451,131,247051940,1.819722222222222
2015-01-15,451,131,247050160,0.99972222222222207
2015-01-15,451,125,247050160,0.44097222222222221
2015-01-15,451,124,247050160,0.21111111111111111
2015-01-15,451,129,247055540,2.1331944444444448
2015-01-15,451,130,247055540,4.7272222222222222
2015-01-15,451,131,247050430,1.3861111111111111
2015-01-15,451,130,247075010,4.73625
2015-01-15,451,128,247051720,0.20305555555555554
2015-01-15,451,131,247051720,0.83500000000000008
2015-01-15,451,129,247051720,0.70527777777777778
2015-01-15,451,130,247051720,0.90638888888888891
2015-01-15,451,132,247051720,0.8320833333333334
2015-01-15,451,130,247051980,0.95166666666666655
2015-01-15,451,129,247051470,1.1679166666666667
2015-01-15,451,130,247051470,12.339027777777778
2015-01-15,451,129,247050450,0.64597222222222217
2015-01-15,451,130,247050450,1.7041666666666666
2015-01-15,451,131,247050450,0.20430555555555557
2015-01-15,451,131,247051730,2.4194444444444443
2015-01-15,451,127,247051730,2.338888888888889
2015-01-15,451,126,247051730,1.4761111111111109
2015-01-15,451,126,247051740,2.6245833333333333
2015-01-15,451,132,247121120,1.3537500000000002
2015-01-15,451,131,247121120,0.51263888888888887
2015-01-15,451,130,247092970,1.5052777777777779
2015-01-15,451,126,247050220,0.42277777777777781
2015-01-15,451,127,247050220,0.94305555555555554
2015-01-15,451,128,247050220,2.9490277777777782
2015-01-15,451,127,247050480,2.4013888888888886
2015-01-15,451,128,247050480,1.7277777777777779
2015-01-15,451,129,247050480,1.7545833333333334
2015-01-15,451,130,247050480,2.8577777777777778
2015-01-15,451,135,238308340,5.2631944444444443
2015-01-15,451,134,238308340,6.6309722222222218
2015-01-15,707,299,257180800,1.6361111111111111
2015-01-15,707,300,257180800,1.8584722222222223
2015-01-15,707,299,257586600,2.0205555555555557
2015-01-15,707,300,257586600,3.3311111111111109
2015-01-15,707,298,257458600,1.3784722222222223
2015-01-15,707,298,257313740,0.89486111111111111
2015-01-15,707,298,257128420,3.2934722222222219
2015-01-15,707,299,257128420,1.3284722222222223
2015-01-15,-317,478,225374000,0.17430555555555555
2015-01-15,-61,590,664544000,6.6048611111111111
2015-01-15,-61,591,664544000,0.80166666666666664
2015-01-15,-61,593,664544000,0.97333333333333338
2015-01-15,-61,594,664544000,5.7176388888888887
2015-01-15,-61,588,416634000,0.80833333333333335
2015-01-15,-61,486,416004790,3.4345833333333333
2015-01-15,-61,1531,553111743,0.97888888888888892
2015-01-15,-61,1530,553111743,1.1430555555555555
2015-01-15,196,1090,413801009,6.3570833333333336
2015-01-15,196,1091,200008289,0.2663888888888889
2015-01-15,196,1090,200008289,4.7534722222222223
2015-01-15,196,1090,413001161,12.163333333333334
2015-01-15,196,1090,800023789,0.18347222222222223
2015-01-15,452,126,247050760,0.83208333333333329
2015-01-15,452,127,247050760,1.1502777777777777
2015-01-15,452,129,247050760,1.5529166666666665
2015-01-15,452,125,247050760,0.42055555555555557
2015-01-15,452,128,247050760,1.1444444444444444
2015-01-15,452,124,247052560,0.41625
2015-01-15,452,124,247050520,0.41361111111111115
2015-01-15,452,127,247050520,1.795
2015-01-15,452,125,247050520,1.3333333333333335
2015-01-15,452,126,247050520,1.6120833333333335
2015-01-15,452,127,247073060,2.7891666666666666
2015-01-15,452,130,247065640,5.6798611111111112
2015-01-15,452,131,247065640,0.42958333333333332
2015-01-15,452,1376,273358420,6.3597222222222225
2015-01-15,452,-658,316020582,0.020972222222222222
2015-01-15,452,131,247121270,6.6344444444444441
2015-01-15,452,132,247121270,1.8988888888888891
2015-01-15,452,126,247050630,0.835
2015-01-15,452,129,247050630,1.2488888888888889
2015-01-15,452,127,247050630,1.3108333333333333
2015-01-15,452,125,247050630,0.8305555555555556
2015-01-15,452,128,247050630,1.0095833333333333
2015-01-15,452,128,247052680,1.1354166666666665
2015-01-15,452,125,247052680,1.6598611111111108
2015-01-15,452,127,247052680,1.582222222222222
2015-01-15,452,129,247052680,0.46388888888888891
2015-01-15,452,126,247052680,3.1229166666666668
2015-01-15,452,-1248,366207630,2.9220833333333331
2015-01-15,452,132,247030160,2.6306944444444444
2015-01-15,452,123,247054480,0.66347222222222224
2015-01-15,452,134,238316440,0.4236111111111111
2015-01-15,452,134,238592410,2.9556944444444446
2015-01-15,452,130,247055540,1.294861111111111
2015-01-15,452,128,247054010,0.275
2015-01-15,452,125,247054010,1.8918055555555553
2015-01-15,452,124,247054010,0.88888888888888884
2015-01-15,452,126,247054010,3.2188888888888894
2015-01-15,452,127,247054010,4.2394444444444446
2015-01-15,452,128,247051210,5.0145833333333343
2015-01-15,452,127,247051210,0.63194444444444442
2015-01-15,452,129,247051210,5.465
2015-01-15,452,129,247051470,0.49333333333333335
2015-01-15,452,130,247051730,1.8831944444444446
2015-01-15,452,131,247051730,3.8480555555555558
2015-01-15,452,129,247051730,2.3043055555555556
2015-01-15,452,127,247051730,1.3779166666666667
2015-01-15,452,123,247055830,5.0170833333333338
2015-01-15,452,124,247053530,1.1179166666666667
2015-01-15,452,123,247053530,8.4395833333333332
2015-01-15,452,123,247053790,1.588888888888889
2015-01-15,452,126,247050480,1.4679166666666665
2015-01-15,452,127,247050480,0.21277777777777779
2015-01-15,452,125,247050480,0.41833333333333333
2015-01-15,452,126,247053040,1.9720833333333334
2015-01-15,452,125,247053040,1.3163888888888891
2015-01-15,452,129,247053040,3.9593055555555554
2015-01-15,452,127,247053040,2.7811111111111111
2015-01-15,452,128,247053040,5.9598611111111115
2015-01-15,452,130,247053040,0.43055555555555558
2015-01-15,708,405,258154000,1.5290277777777779
2015-01-15,708,403,258154000,6.2404166666666665
2015-01-15,708,404,258154000,3.07625
2015-01-15,708,220,258185000,3.53138888888889
2015-01-15,708,221,258185000,11.096527777777778
2015-01-15,708,176,257271600,5.4555555555555557
2015-01-15,708,220,259666000,0.90458333333333341
2015-01-15,708,219,259666000,1.5051388888888892
2015-01-15,708,297,257313620,5.2080555555555552
2015-01-15,708,296,257136500,0.31694444444444447
2015-01-15,708,293,257201020,0.25430555555555556
2015-01-15,708,294,257201020,3.9756944444444446
2015-01-15,708,299,257180800,0.41208333333333336
2015-01-15,708,222,258128000,1.3416666666666666
2015-01-15,708,223,258128000,5.119305555555556
2015-01-15,708,221,258128000,2.3141666666666669
2015-01-15,708,293,257423000,1.9001388888888888
2015-01-15,708,295,257423000,0.21930555555555556
2015-01-15,708,294,257423000,1.3018055555555557
2015-01-15,708,172,273523100,2.3347222222222221
2015-01-15,708,173,273523100,1.4822222222222221
2015-01-15,708,296,257586600,0.44444444444444448
2015-01-15,708,298,257458600,1.245138888888889
2015-01-15,708,296,257458600,1.887361111111111
2015-01-15,708,297,257458600,1.185138888888889
2015-01-15,708,224,257077440,5.2554166666666671
2015-01-15,708,223,257077440,1.5181944444444446
2015-01-15,708,294,257201640,0.43777777777777777
2015-01-15,708,293,257201640,0.24986111111111112
2015-01-15,708,222,257549800,2.4829166666666667
2015-01-15,708,221,257549800,0.47402777777777777
2015-01-15,708,223,257549800,0.91208333333333336
2015-01-15,708,220,257289720,1.3059722222222223
2015-01-15,-316,600,224197150,3.3724999999999996
2015-01-15,-316,479,225374000,0.24027777777777776
2015-01-15,-316,478,225374000,0.51527777777777772
2015-01-15,-316,459,224544160,1.533611111111111
2015-01-15,-316,460,224544160,0.48444444444444446
2015-01-15,-316,457,224544160,0.99833333333333329
2015-01-15,-316,458,224544160,1.0655555555555551
2015-01-15,-60,593,664544000,4.4555555555555548
2015-01-15,-60,592,664544000,0.75555555555555565
2015-01-15,-60,590,664544000,0.79874999999999985
2015-01-15,-60,594,664544000,2.2206944444444443
2015-01-15,-60,591,664544000,0.35416666666666669
2015-01-15,-60,485,416004718,5.691527777777778
2015-01-15,197,1090,413801009,19.948055555555552
2015-01-15,197,1091,413888666,1.2831944444444445
2015-01-15,197,1090,413888666,4.4575
2015-01-15,197,1090,800001010,9.67375
2015-01-15,453,-33,224020230,18.082916666666666
2015-01-15,453,134,238536710,10.04263888888889
2015-01-15,453,133,238536710,1.9973611111111111
2015-01-15,453,127,247050520,0.709861111111111
2015-01-15,453,129,247050520,1.8391666666666664
2015-01-15,453,128,247050520,2.04625
2015-01-15,453,127,247073060,2.1552777777777776
2015-01-15,453,126,247073060,0.41444444444444439
2015-01-15,453,-16,227581000,13.782916666666667
2015-01-15,453,-14,227581000,11.104166666666666
2015-01-15,453,127,247121270,0.4095833333333333
2015-01-15,453,128,247121270,1.7337499999999997
2015-01-15,453,129,247121270,2.15
2015-01-15,453,131,247121270,2.4469444444444446
2015-01-15,453,130,247121270,2.0498611111111109
2015-01-15,453,128,247052680,1.0344444444444443
2015-01-15,453,129,247052680,2.833333333333333
2015-01-15,453,126,247051150,2.3808333333333334
2015-01-15,453,127,247051150,4.3361111111111112
2015-01-15,453,-1248,366207630,2.1454166666666667
2015-01-15,453,132,247030160,1.0872222222222223
2015-01-15,453,134,238316440,10.20263888888889
2015-01-15,453,134,238947740,12.427361111111109
2015-01-15,453,132,247030180,1.2572222222222222
2015-01-15,453,131,247030180,1.3804166666666666
2015-01-15,453,130,247030180,3.6420833333333338
2015-01-15,453,127,247051190,10.824027777777779
2015-01-15,453,126,247051190,0.45125
2015-01-15,453,128,247051210,0.852638888888889
2015-01-15,453,129,247051210,1.1205555555555557
2015-01-15,453,123,247053530,0.77069444444444446
2015-01-15,453,123,247053790,2.8587500000000006
2015-01-15,453,129,247052530,1.266111111111111
2015-01-15,453,128,247052530,9.0812499999999989
2015-01-15,709,405,258154000,8.56625
2015-01-15,709,404,258154000,1.5334722222222221
2015-01-15,709,403,258154000,1.5320833333333335
2015-01-15,709,223,258185000,1.3058333333333334
2015-01-15,709,222,258185000,3.1727777777777781
2015-01-15,709,221,258185000,2.3091666666666666
2015-01-15,709,220,259666000,0.69166666666666665
2015-01-15,709,293,257201020,0.25375000000000003
2015-01-15,709,294,257201020,2.8268055555555551
2015-01-15,709,222,258128000,1.8379166666666666
2015-01-15,709,223,258128000,1.2472222222222222
2015-01-15,709,294,257156240,7.9738888888888892
2015-01-15,709,293,257156240,2.2375
2015-01-15,709,293,257423000,0.67305555555555552
2015-01-15,709,292,257423000,0.21916666666666668
2015-01-15,709,171,273523100,9.37013888888889
2015-01-15,709,173,273523100,7.8013888888888889
2015-01-15,709,292,259609000,1.2075
2015-01-15,709,291,259609000,3.4269444444444441
2015-01-15,709,291,257586600,0.42069444444444443
2015-01-15,709,290,257586600,5.9688888888888885
2015-01-15,709,307,257030600,4.1981944444444448
2015-01-15,709,294,257201640,3.8663888888888893
2015-01-15,709,222,257549800,1.21
2015-01-15,-315,602,224197150,2.1830555555555553
2015-01-15,-315,450,224544160,2.2945833333333336
2015-01-15,-315,457,224544160,0.37527777777777777
2015-01-15,-315,456,224544160,0.67611111111111111
2015-01-15,-59,486,416004718,4.7936111111111108
2015-01-15,-59,-1689,440931000,7.4348611111111111
2015-01-15,198,1090,888806788,7.1298611111111105
2015-01-15,198,1091,888806788,6.293750000000002
2015-01-15,198,1092,888801166,0.45875
2015-01-15,198,1091,3015,10.046805555555554
2015-01-15,198,1090,3015,5.0448611111111106
2015-01-15,198,1090,800001010,0.949861111111111
2015-01-15,454,-32,224181000,8.0902777777777786
2015-01-15,454,129,247051020,10.79
2015-01-15,454,128,247051020,5.469444444444445
2015-01-15,454,128,247051030,16.671527777777776
2015-01-15,454,127,247051030,1.5022222222222221
2015-01-15,454,128,247050520,2.2540277777777775
2015-01-15,454,129,247050520,2.4729166666666669
2015-01-15,454,125,247051820,0.81541666666666657
2015-01-15,454,127,247051820,0.6004166666666666
2015-01-15,454,127,247050810,6.05875
2015-01-15,454,126,247050810,1.7397222222222219
2015-01-15,454,125,247050810,0.8223611111111111
2015-01-15,454,129,247052680,1.9362499999999998
2015-01-15,454,128,247052680,2.5541666666666663
2015-01-15,454,131,247050890,0.913888888888889
2015-01-15,454,130,247050890,2.2083333333333335
2015-01-15,454,127,247051150,2.3543055555555554
2015-01-15,454,126,247051150,0.21930555555555556
2015-01-15,454,-1248,366207630,2.7743055555555545
2015-01-15,454,134,238316440,2.878055555555556
2015-01-15,454,134,238947740,0.21291666666666664
2015-01-15,454,131,247030180,1.1606944444444445
2015-01-15,454,128,247051190,0.46819444444444441
2015-01-15,454,127,247051190,0.2747222222222222
2015-01-15,454,127,247055570,1.2252777777777777
2015-01-15,454,129,247052530,0.87375000000000014
2015-01-15,454,130,247052530,0.21416666666666667
2015-01-15,454,127,247053820,1.6575
2015-01-15,710,225,257271600,1.0513888888888889
2015-01-15,710,450,273296700,1.5222222222222221
2015-01-15,710,448,273296700,7.0580555555555557
2015-01-15,710,451,273296700,1.5319444444444446
2015-01-15,710,449,273296700,6.21111111111111
2015-01-15,710,457,273294400,6.2091666666666665
2015-01-15,710,456,273294400,1.5347222222222223
2015-01-15,710,455,273294400,1.5386111111111112
2015-01-15,710,461,273294400,1.5258333333333334
2015-01-15,710,459,273294400,1.5277777777777777
2015-01-15,710,454,273294400,1.54
2015-01-15,710,271,257055040,1.9540277777777777
2015-01-15,710,231,257416000,3.7138888888888886
2015-01-15,710,232,257416000,0.83930555555555553
2015-01-15,710,448,273298000,1.5361111111111112
2015-01-15,710,451,273298000,1.5334722222222221
2015-01-15,710,449,273298000,1.5320833333333332
2015-01-15,710,230,259282000,1.5219444444444443
2015-01-15,710,231,259282000,0.87527777777777782
2015-01-15,710,440,273559400,6.254027777777778
2015-01-15,710,449,273292400,7.8070833333333329
2015-01-15,710,448,273298800,7.0388888888888888
2015-01-15,710,451,273298800,1.56375
2015-01-15,710,450,273298800,1.5401388888888889
2015-01-15,710,449,273298800,3.07875
2015-01-15,710,450,273211800,3.83875
2015-01-15,710,439,273290400,1.5277777777777777
2015-01-15,710,231,257536700,2.4909722222222221
2015-01-15,710,232,257536700,3.5641666666666665
2015-01-15,710,229,257536700,1.0109722222222222
2015-01-15,710,230,257536700,2.4598611111111111
2015-01-15,710,233,257536700,1.7427777777777778
2015-01-15,710,309,257030600,4.3340277777777771
2015-01-15,710,310,257030600,1.53375
2015-01-15,710,450,273454800,1.535
2015-01-15,710,449,273454800,1.536111111111111
2015-01-15,710,451,273454800,8.5665277777777771
2015-01-15,710,170,258732000,1.53625
2015-01-15,710,238,259137000,3.9487499999999995
2015-01-15,710,238,257105640,7.7976388888888888
2015-01-15,710,228,257549800,3.07875
2015-01-15,-314,598,224197150,0.64972222222222209
2015-01-15,-314,599,224197150,1.9405555555555558
2015-01-15,-314,603,224197150,2.0538888888888889
2015-01-15,-314,600,224197150,1.0402777777777776
2015-01-15,-314,456,224544160,1.1673611111111108
2015-01-15,199,1090,888806788,5.3920833333333329
2015-01-15,199,1092,888801166,1.0419444444444443
2015-01-15,455,129,247051020,0.20583333333333331
2015-01-15,455,131,247050890,4.4666666666666659
2015-01-15,455,130,247050890,2.5877777777777773
2015-01-15,455,136,278095000,3.2254166666666664
2015-01-15,455,134,278095000,0.9875
2015-01-15,455,135,278095000,7.0037499999999957
2015-01-15,455,130,247071170,1.5
2015-01-15,455,132,247071170,1.0713888888888889
2015-01-15,455,131,247071170,3.1161111111111106
2015-01-15,455,-26,227575000,24.671527777777776
2015-01-15,455,131,247030770,1.7234722222222221
2015-01-15,455,-26,227531000,13.669583333333332
2015-01-15,711,286,257490700,0.26208333333333333
2015-01-15,711,285,257490700,13.715694444444447
2015-01-15,711,284,257490700,3.7530555555555556
2015-01-15,711,241,257057040,10.06111111111111
2015-01-15,711,240,257057040,1.5415277777777778
2015-01-15,711,273,257067040,3.9558333333333335
2015-01-15,711,274,257067040,11.529305555555558
2015-01-15,711,274,257655600,3.0686111111111112
2015-01-15,711,275,257655600,5.5483333333333329
2015-01-15,711,448,273296700,1.5347222222222223
2015-01-15,711,449,273296700,1.5333333333333332
2015-01-15,711,262,257004610,2.4163888888888887
2015-01-15,711,260,257004610,0.72833333333333328
2015-01-15,711,261,257004610,0.55777777777777771
2015-01-15,711,447,273298000,6.9834722222222227
2015-01-15,711,238,259282000,1.0347222222222223
2015-01-15,711,235,259282000,2.5829166666666667
2015-01-15,711,232,259282000,3.8681944444444447
2015-01-15,711,237,259282000,1.5319444444444446
2015-01-15,711,446,273559400,3.0819444444444448
2015-01-15,711,447,273559400,1.5308333333333333
2015-01-15,711,447,273292400,1.5225
2015-01-15,711,449,273292400,3.9154166666666663
2015-01-15,711,448,273292400,4.5943055555555556
2015-01-15,711,447,273298800,1.5263888888888888
2015-01-15,711,449,273298800,6.2013888888888893
2015-01-15,711,262,257309840,2.21875
2015-01-15,711,263,257309840,1.2031944444444445
2015-01-15,711,283,257126040,5.3909722222222216
2015-01-15,711,448,273211800,1.5345833333333334
2015-01-15,711,437,273290400,6.9958333333333327
2015-01-15,711,435,273290400,1.5319444444444446
2015-01-15,711,439,273290400,1.5388888888888888
2015-01-15,711,185,258052000,10.944166666666668
2015-01-15,711,226,273448120,7.8088888888888892
2015-01-15,711,229,273448120,2.2966666666666669
2015-01-15,711,227,273448120,3.9468055555555557
2015-01-15,711,225,273448120,1.4984722222222224
2015-01-15,711,288,259576000,0.42402777777777778
2015-01-15,711,287,259576000,0.99555555555555553
2015-01-15,711,283,257064900,4.3840277777777787
2015-01-15,711,449,273454800,3.065
2015-01-15,711,448,273454800,6.2030555555555553
2015-01-15,711,447,273454800,1.5547222222222223
2015-01-15,711,259,257074140,1.3106944444444444
2015-01-15,711,260,257074140,2.5575
2015-01-15,711,258,257117920,1.6663888888888889
2015-01-15,711,259,257117920,1.8419444444444446
2015-01-15,711,169,258732000,1.5390277777777777
2015-01-15,711,237,259137000,17.005555555555556
2015-01-15,711,237,257105640,1.5436111111111113
2015-01-15,711,236,257105640,1.5402777777777779
2015-01-15,-313,601,224197150,1.1959722222222222
2015-01-15,-313,602,224197150,0.95000000000000007
2015-01-15,-313,603,224197150,0.89875
2015-01-15,-313,600,224197150,0.22763888888888889
2015-01-15,-313,456,224544160,0.95527777777777767
2015-01-15,-313,449,224544160,3.8109722222222224
2015-01-15,-57,-187,416129700,0.68250000000000011
2015-01-15,200,-176,412440335,6.8988888888888891
2015-01-15,200,1102,900023590,7.3216666666666672
2015-01-15,200,720,419001242,24.603333333333332
2015-01-15,200,-175,412110254,6.8641666666666676
2015-01-15,200,1102,900016566,1.8675000000000002
2015-01-15,456,-33,224181000,6.99375
2015-01-15,456,136,247051040,2.3998611111111114
2015-01-15,456,137,247051040,9.94375
2015-01-15,456,134,247030330,1.0970833333333334
2015-01-15,456,135,247030330,5.5820833333333342
2015-01-15,456,136,247030330,2.0277777777777777
2015-01-15,456,136,247031620,1.1409722222222223
2015-01-15,456,135,247031620,1.5351388888888888
2015-01-15,456,132,247051080,1.9124999999999999
2015-01-15,456,135,247051080,3.9748611111111107
2015-01-15,456,131,247051080,0.21402777777777776
2015-01-15,456,134,247051080,3.7844444444444449
2015-01-15,456,133,247051080,3.6419444444444444
2015-01-15,456,136,247051080,2.4404166666666667
2015-01-15,456,-30,228168600,9.1720833333333331
2015-01-15,456,-31,228168600,5.3618055555555548
2015-01-15,456,134,247030470,3.8731944444444446
2015-01-15,456,135,247030470,6.2356944444444435
2015-01-15,712,281,257247000,3.0333333333333332
2015-01-15,712,284,257247000,0.86361111111111111
2015-01-15,712,282,257247000,4.71
2015-01-15,712,277,257247000,1.4755555555555557
2015-01-15,712,275,257247000,1.2456944444444444
2015-01-15,712,278,257247000,1.8988888888888888
2015-01-15,712,280,257247000,2.2572222222222225
2015-01-15,712,283,257247000,0.84000000000000008
2015-01-15,712,276,257247000,2.3287500000000003
2015-01-15,712,279,257247000,2.1063888888888886
2015-01-15,712,285,257247000,0.59930555555555554
2015-01-15,712,234,257271600,1.5422222222222222
2015-01-15,712,446,273296700,1.5388888888888888
2015-01-15,712,445,273298000,1.5308333333333333
2015-01-15,712,446,273298000,1.5208333333333335
2015-01-15,712,446,273292400,3.068888888888889
2015-01-15,712,445,273292400,1.53875
2015-01-15,712,447,273298800,1.5375
2015-01-15,712,446,273211800,3.8226388888888887
2015-01-15,712,444,273211800,3.9165277777777776
2015-01-15,712,445,273211800,8.5744444444444454
2015-01-15,712,432,273290400,1.5347222222222223
2015-01-15,712,200,258052000,8.6084722222222219
2015-01-15,712,201,258052000,1.5416666666666667
2015-01-15,712,206,258052000,1.5431944444444445
2015-01-15,712,192,258052000,1.5361111111111112
2015-01-15,712,226,273448120,6.3741666666666674
2015-01-15,712,287,259576000,0.90166666666666662
2015-01-15,712,280,259576000,3.1584722222222217
2015-01-15,712,284,259576000,1.0322222222222224
2015-01-15,712,278,259576000,1.0754166666666667
2015-01-15,712,279,259576000,1.9047222222222222
2015-01-15,712,285,259576000,1.0529166666666667
2015-01-15,712,282,259576000,2.6079166666666671
2015-01-15,712,281,259576000,6.0079166666666666
2015-01-15,712,286,259576000,1.2315277777777776
2015-01-15,712,283,259576000,1.0384722222222222
2015-01-15,712,237,259137000,3.9331944444444442
2015-01-15,-312,622,224233000,0.10638888888888889
2015-01-15,-312,623,224233000,0.24111111111111111
2015-01-15,-312,453,224544160,2.643472222222222
2015-01-15,-312,456,224544160,1.1440277777777776
2015-01-15,201,-176,412440335,0.375
2015-01-15,201,-176,412110441,12.421805555555556
2015-01-15,201,-176,412110254,6.8833333333333329
2015-01-15,201,-175,412110254,0.86055555555555552
2015-01-15,201,1102,800026110,4.121666666666667
2015-01-15,457,-33,224181000,0.34416666666666668
2015-01-15,457,-1242,366950140,0.61013888888888879
2015-01-15,713,253,273550600,5.1965277777777779
2015-01-15,713,273,259285000,0.21416666666666667
2015-01-15,713,274,259285000,0.84680555555555548
2015-01-15,713,273,258943000,0.80708333333333326
2015-01-15,713,274,258943000,0.21569444444444444
2015-01-15,713,272,258943000,0.63222222222222224
2015-01-15,713,271,258943000,0.91055555555555556
2015-01-15,713,244,257271600,1.3925
2015-01-15,713,273,251123000,4.8718055555555546
2015-01-15,713,272,251123000,2.5043055555555558
2015-01-15,713,269,251123000,0.20569444444444446
2015-01-15,713,274,251123000,0.5656944444444445
2015-01-15,713,270,251123000,1.8269444444444443
2015-01-15,713,271,251123000,2.7020833333333334
2015-01-15,713,280,259656000,1.45
2015-01-15,713,267,259656000,0.62402777777777785
2015-01-15,713,278,259656000,0.841388888888889
2015-01-15,713,274,259656000,2.2279166666666663
2015-01-15,713,273,259656000,2.713888888888889
2015-01-15,713,270,259656000,0.42013888888888884
2015-01-15,713,272,259656000,0.72166666666666657
2015-01-15,713,276,259656000,2.5908333333333329
2015-01-15,713,281,259656000,0.61236111111111113
2015-01-15,713,271,259656000,0.62875
2015-01-15,713,277,259656000,1.2445833333333332
2015-01-15,713,268,259656000,0.61694444444444452
2015-01-15,713,279,259656000,1.2519444444444443
2015-01-15,713,269,259656000,0.42652777777777778
2015-01-15,713,275,259656000,2.4743055555555555
2015-01-15,713,444,273298000,7.0505555555555555
2015-01-15,713,269,259707000,2.0902777777777777
2015-01-15,713,270,259707000,4.5019444444444447
2015-01-15,713,268,259707000,0.85541666666666671
2015-01-15,713,271,259707000,1.6576388888888891
2015-01-15,713,252,273424080,2.7444444444444445
2015-01-15,713,249,273424080,1.515138888888889
2015-01-15,713,253,273424080,0.5975
2015-01-15,713,248,273424080,1.5274999999999999
2015-01-15,713,276,259691000,1.0108333333333333
2015-01-15,713,273,259691000,2.6611111111111114
2015-01-15,713,274,259691000,3.0008333333333339
2015-01-15,713,275,259691000,1.8323611111111111
2015-01-15,713,272,259691000,1.3323611111111113
2015-01-15,713,271,259691000,0.55305555555555552
2015-01-15,-311,543,224288000,1.3038888888888889
2015-01-15,-311,549,224288000,1.0906944444444444
2015-01-15,-311,544,224288000,1.2875
2015-01-15,-311,545,224288000,1.53625
2015-01-15,-311,456,224544160,1.2698611111111111
2015-01-15,202,-176,412440335,12.402777777777779
2015-01-15,202,-176,412110441,7.5190277777777776
2015-01-15,202,-176,412110254,11.63625
2015-01-15,202,1102,800026110,0.27986111111111112
2015-01-15,458,-1242,366950140,6.1120833333333344
2015-01-15,714,251,273550600,1.5348611111111112
2015-01-15,714,252,273550600,4.2990277777777779
2015-01-15,714,253,273550600,0.58111111111111113
2015-01-15,714,270,259285000,0.8634722222222222
2015-01-15,714,269,259285000,1.9058333333333333
2015-01-15,714,273,259285000,4.3305555555555557
2015-01-15,714,267,259285000,0.41138888888888892
2015-01-15,714,271,259285000,1.5491666666666666
2015-01-15,714,266,259285000,0.21069444444444446
2015-01-15,714,274,259285000,0.21041666666666667
2015-01-15,714,272,259285000,1.7149999999999999
2015-01-15,714,268,259285000,0.83986111111111106
2015-01-15,714,270,258186000,2.1297222222222225
2015-01-15,714,269,258186000,2.6666666666666665
2015-01-15,714,271,258186000,0.665138888888889
2015-01-15,714,267,258186000,0.20541666666666666
2015-01-15,714,268,258186000,2.3658333333333332
2015-01-15,714,282,257812500,0.21972222222222221
2015-01-15,714,283,257812500,3.78625
2015-01-15,714,270,258943000,3.9229166666666666
2015-01-15,714,265,258943000,1.2977777777777777
2015-01-15,714,268,258943000,2.0001388888888889
2015-01-15,714,273,258943000,1.6756944444444444
2015-01-15,714,271,258943000,2.033611111111111
2015-01-15,714,269,258943000,2.4030555555555555
2015-01-15,714,272,258943000,1.0130555555555556
2015-01-15,714,266,258943000,0.42138888888888892
2015-01-15,714,267,258943000,1.0604166666666668
2015-01-15,714,270,259252000,1.3434722222222222
2015-01-15,714,267,259252000,1.2420833333333334
2015-01-15,714,269,259252000,1.0595833333333333
2015-01-15,714,271,259252000,1.0315277777777778
2015-01-15,714,266,259252000,0.41986111111111113
2015-01-15,714,265,259252000,0.20666666666666667
2015-01-15,714,268,259252000,1.4670833333333333
2015-01-15,714,311,259241000,5.4554166666666672
2015-01-15,714,271,251123000,0.40277777777777779
2015-01-15,714,266,251123000,0.79958333333333342
2015-01-15,714,268,251123000,1.4372222222222224
2015-01-15,714,270,251123000,1.8544444444444448
2015-01-15,714,265,251123000,0.22972222222222224
2015-01-15,714,269,251123000,2.0933333333333333
2015-01-15,714,267,251123000,1.4691666666666665
2015-01-15,714,272,259656000,2.695416666666667
2015-01-15,714,281,257360220,0.21000000000000002
2015-01-15,714,280,257360220,3.7694444444444439
2015-01-15,714,266,259707000,2.7483333333333335
2015-01-15,714,269,259707000,0.80708333333333326
2015-01-15,714,268,259707000,2.5741666666666667
2015-01-15,714,272,259707000,0.20277777777777778
2015-01-15,714,265,259707000,0.4225
2015-01-15,714,267,259707000,3.7672222222222218
2015-01-15,714,270,259707000,0.6002777777777778
2015-01-15,714,271,259707000,0.43569444444444444
2015-01-15,714,271,259525000,1.8676388888888888
2015-01-15,714,272,259525000,1.1520833333333333
2015-01-15,714,269,259525000,6.56625
2015-01-15,714,270,259525000,1.5913888888888887
2015-01-15,714,271,258874000,0.71944444444444433
2015-01-15,714,272,258874000,0.56624999999999992
2015-01-15,714,273,258874000,0.82013888888888886
2015-01-15,714,270,258874000,2.83625
2015-01-15,714,244,273424080,3.879027777777778
2015-01-15,714,243,273424080,3.9306944444444443
2015-01-15,714,252,273424080,1.0416666666666667
2015-01-15,714,245,273424080,3.9555555555555553
2015-01-15,714,253,273424080,0.24597222222222223
2015-01-15,714,248,273424080,1.5290277777777779
2015-01-15,714,318,257101030,4.6638888888888888
2015-01-15,714,319,257101030,2.2916666666666665
2015-01-15,714,267,259691000,1.677777777777778
2015-01-15,714,268,259691000,3.9008333333333334
2015-01-15,714,269,259691000,0.89347222222222211
2015-01-15,714,272,259691000,0.71402777777777771
2015-01-15,714,271,259691000,2.3051388888888891
2015-01-15,714,270,259691000,1.6431944444444444
2015-01-15,-310,549,224288000,1.2831944444444445
2015-01-15,-310,547,224288000,1.7738888888888891
2015-01-15,-310,548,224288000,0.24
2015-01-15,-310,455,224544160,1.3858333333333333
2015-01-15,-310,454,224544160,1.5981944444444445
2015-01-15,-54,-1520,412695630,12.530833333333334
2015-01-15,459,-1244,367197230,0.9884722222222222
2015-01-15,715,277,273351680,0.50958333333333339
2015-01-15,715,276,273351680,1.7926388888888889
2015-01-15,715,274,273351680,0.78083333333333338
2015-01-15,715,275,273351680,4.0588888888888892
2015-01-15,715,250,273550600,1.5333333333333332
2015-01-15,715,248,273550600,3.9397222222222221
2015-01-15,715,249,273550600,3.9273611111111109
2015-01-15,715,266,259285000,0.41291666666666665
2015-01-15,715,264,259285000,0.20597222222222222
2015-01-15,715,265,259285000,0.40791666666666665
2015-01-15,715,267,258186000,1.6722222222222225
2015-01-15,715,266,258186000,0.63513888888888892
2015-01-15,715,268,258186000,3.1430555555555557
2015-01-15,715,265,258186000,0.41888888888888887
2015-01-15,715,265,258943000,1.9319444444444445
2015-01-15,715,266,258943000,1.1006944444444442
2015-01-15,715,283,257458720,5.6041666666666661
2015-01-15,715,284,257458720,0.62513888888888891
2015-01-15,715,264,259252000,1.4323611111111112
2015-01-15,715,266,259252000,1.0905555555555555
2015-01-15,715,261,259252000,1.0040277777777777
2015-01-15,715,260,259252000,0.55555555555555558
2015-01-15,715,262,259252000,0.62319444444444438
2015-01-15,715,265,259252000,1.4806944444444445
2015-01-15,715,259,259252000,0.50486111111111109
2015-01-15,715,299,257617700,3.0518055555555552
2015-01-15,715,275,273845800,0.45861111111111114
2015-01-15,715,276,273845800,0.68875
2015-01-15,715,278,273845800,3.6061111111111113
2015-01-15,715,277,273845800,0.50902777777777786
2015-01-15,715,313,259241000,1.5369444444444444
2015-01-15,715,277,273841710,1.5077777777777779
2015-01-15,715,274,273841710,0.65875000000000006
2015-01-15,715,275,273841710,0.82597222222222222
2015-01-15,715,279,273841710,3.2105555555555552
2015-01-15,715,276,273841710,2.1676388888888889
2015-01-15,715,278,273841710,1.0426388888888889
2015-01-15,715,276,273817400,3.2301388888888889
2015-01-15,715,275,273817400,0.22138888888888891
2015-01-15,715,278,273817400,1.6316666666666666
2015-01-15,715,277,273817400,1.0118055555555556
2015-01-15,715,298,257259320,7.7680555555555557
2015-01-15,715,265,251123000,0.21930555555555556
2015-01-15,715,268,251123000,0.3125
2015-01-15,715,276,273354820,0.88305555555555559
2015-01-15,715,278,273354820,0.61486111111111108
2015-01-15,715,277,273354820,0.98055555555555562
2015-01-15,715,275,273354820,0.47055555555555556
2015-01-15,715,275,273213010,0.32041666666666668
2015-01-15,715,281,257360220,0.41666666666666669
2015-01-15,715,282,257360220,0.44777777777777777
2015-01-15,715,266,259707000,0.21541666666666665
2015-01-15,715,265,259707000,0.57472222222222213
2015-01-15,715,274,273811080,0.4175
2015-01-15,715,275,273811080,1.4879166666666666
2015-01-15,715,276,273811080,4.1779166666666665
2015-01-15,715,277,273811080,0.42041666666666666
2015-01-15,715,273,258874000,1.7090277777777776
2015-01-15,715,275,273431440,0.41680555555555554
2015-01-15,715,276,273431440,1.2490277777777778
2015-01-15,715,278,273431440,3.3215277777777779
2015-01-15,715,277,273431440,1.7454166666666666
2015-01-15,715,274,273421520,0.21361111111111108
2015-01-15,715,278,273421520,0.48916666666666669
2015-01-15,715,275,273421520,1.5598611111111114
2015-01-15,715,277,273421520,4.5443055555555558
2015-01-15,715,276,273421520,1.5226388888888889
2015-01-15,715,320,257101030,9.3043055555555565
2015-01-15,715,319,257101030,1.5375
2015-01-15,715,278,273217010,0.84736111111111112
2015-01-15,715,277,273217010,1.2708333333333333
2015-01-15,715,276,273217010,1.0012499999999998
2015-01-15,715,275,273217010,0.87833333333333319
2015-01-15,715,274,273217010,2.9225000000000003
2015-01-15,-309,549,224288000,0.37611111111111106
2015-01-15,-309,548,224288000,1.9777777777777776
2015-01-15,-53,-1520,412695630,0.6826388888888888
2015-01-15,-53,-1519,412695630,1.82375
2015-01-15,-53,-1628,416004501,0.74263888888888885
2015-01-15,-53,-1629,416004501,6.080972222222222
2015-01-15,-53,-1558,416004502,7.1156944444444452
2015-01-15,-53,-1556,416004502,5.466388888888889
2015-01-15,204,-171,257559600,0.50875
2015-01-15,204,-176,412110429,16.365555555555556
2015-01-15,204,-175,412110429,12.759861111111114
2015-01-15,460,-37,227380000,1.9718055555555556
2015-01-15,460,-1244,367197230,1.0165277777777777
2015-01-15,460,-1243,367197230,0.13319444444444445
2015-01-15,460,-1245,367197230,1.297361111111111
2015-01-15,460,-19,227806000,4.6105555555555551
2015-01-15,460,-18,227806000,3.8320833333333333
2015-01-15,460,-34,228858000,11.635277777777778
2015-01-15,460,-19,228355800,12.464861111111111
2015-01-15,460,-18,228355800,3.0715277777777779
2015-01-15,460,-1242,366950140,0.83125
2015-01-15,460,-1243,366950140,2.1161111111111111
2015-01-15,716,275,273351680,1.44625
2015-01-15,716,277,273351680,1.7033333333333331
2015-01-15,716,274,273351680,4.0179166666666664
2015-01-15,716,276,273351680,1.2004166666666667
2015-01-15,716,262,258186000,3.1458333333333335
2015-01-15,716,264,258186000,0.21319444444444444
2015-01-15,716,263,258186000,0.21833333333333332
2015-01-15,716,265,259252000,0.42458333333333331
2015-01-15,716,262,259252000,0.47750000000000004
2015-01-15,716,264,259252000,4.2601388888888891
2015-01-15,716,258,259252000,0.22180555555555553
2015-01-15,716,263,259252000,1.9181944444444445
2015-01-15,716,300,257617700,3.0763888888888888
2015-01-15,716,301,257617700,3.9144444444444444
2015-01-15,716,278,273845800,0.94861111111111107
2015-01-15,716,276,273845800,4.5054166666666671
2015-01-15,716,274,273845800,1.1316666666666666
2015-01-15,716,277,273845800,3.1920833333333327
2015-01-15,716,275,273845800,6.1172222222222228
2015-01-15,716,316,259241000,1.5306944444444444
2015-01-15,716,278,273841710,3.5033333333333339
2015-01-15,716,275,273841710,2.4011111111111116
2015-01-15,716,274,273841710,2.0147222222222223
2015-01-15,716,276,273841710,1.222777777777778
2015-01-15,716,277,273841710,2.7968055555555553
2015-01-15,716,276,273817400,0.67875
2015-01-15,716,277,273817400,2.6854166666666668
2015-01-15,716,274,273817400,2.0819444444444444
2015-01-15,716,275,273817400,9.15611111111111
2015-01-15,716,298,257259320,6.1430555555555557
2015-01-15,716,275,273354820,6.89486111111111
2015-01-15,716,276,273354820,5.2438888888888879
2015-01-15,716,277,273354820,1.1270833333333334
2015-01-15,716,278,273354820,1.0515277777777778
2015-01-15,716,274,273354820,1.5493055555555555
2015-01-15,716,275,273213010,4.844444444444445
2015-01-15,716,278,273213010,1.731111111111111
2015-01-15,716,274,273213010,1.8826388888888888
2015-01-15,716,277,273213010,5.5725000000000016
2015-01-15,716,276,273213010,3.3959722222222224
2015-01-15,716,274,273811080,2.1515277777777779
2015-01-15,716,275,273811080,4.0740277777777782
2015-01-15,716,277,273811080,2.2224999999999997
2015-01-15,716,276,273811080,5.8866666666666667
2015-01-15,716,275,258874000,0.71763888888888883
2015-01-15,716,273,258874000,2.1809722222222225
2015-01-15,716,276,258874000,0.34125
2015-01-15,716,275,273431440,3.9634722222222218
2015-01-15,716,274,273431440,2.9245833333333331
2015-01-15,716,277,273431440,2.1895833333333332
2015-01-15,716,276,273431440,5.725138888888889
2015-01-15,716,276,273421520,2.5093055555555557
2015-01-15,716,275,273421520,4.14375
2015-01-15,716,274,273421520,0.95902777777777781
2015-01-15,716,277,273421520,1.3831944444444444
2015-01-15,716,278,273421520,1.9774999999999998
2015-01-15,716,276,273217010,4.387777777777778
2015-01-15,716,275,273217010,2.9369444444444444
2015-01-15,716,277,273217010,2.0715277777777779
2015-01-15,716,274,273217010,2.8051388888888891
2015-01-15,-308,548,224288000,0.20111111111111113
2015-01-15,-308,419,224459000,2.3231944444444443
2015-01-15,-308,420,224459000,0.85583333333333322
2015-01-15,-308,421,224459000,1.5866666666666667
2015-01-15,-52,90,601770000,3.8923611111111112
2015-01-15,-52,-1520,412695630,3.8381944444444445
2015-01-15,-52,-200,416773000,12.511527777777777
2015-01-15,-52,-1629,416004501,6.1398611111111094
2015-01-15,-52,-1628,416004501,2.1061111111111108
2015-01-15,-52,-210,416137900,7.3090277777777786
2015-01-15,-52,-1690,440886000,2.862222222222222
2015-01-15,-52,-1689,440886000,3.4631944444444445
2015-01-15,205,-1728,416240800,6.2734722222222228
2015-01-15,461,-1245,367197230,0.20347222222222222
2015-01-15,461,-19,227806000,1.0048611111111112
2015-01-15,461,-1243,366950140,0.93319444444444444
2015-01-15,717,273,273351680,1.9618055555555556
2015-01-15,717,274,273351680,3.6923611111111114
2015-01-15,717,262,259252000,0.3848611111111111
2015-01-15,717,263,259252000,0.21819444444444444
2015-01-15,717,318,259241000,1.5388888888888888
2015-01-15,717,315,259241000,7.8166666666666664
2015-01-15,717,316,259241000,1.5225
2015-01-15,717,317,259241000,1.5611111111111111
2015-01-15,717,437,273317970,1.5359722222222223
2015-01-15,717,436,273317970,6.2211111111111119
2015-01-15,717,273,273213010,2.5658333333333334
2015-01-15,717,274,273213010,0.4818055555555556
2015-01-15,717,275,273213010,0.61319444444444449
2015-01-15,717,274,273811080,0.22666666666666668
2015-01-15,717,274,258874000,1.3756944444444446
2015-01-15,717,272,258874000,1.3094444444444444
2015-01-15,717,273,258874000,0.65930555555555559
2015-01-15,717,267,258874000,3.3766666666666665
2015-01-15,717,266,258874000,0.20305555555555554
2015-01-15,717,275,258874000,1.2838888888888889
2015-01-15,717,276,258874000,3.4752777777777775
2015-01-15,717,281,257336000,1.0766666666666667
2015-01-15,717,280,257336000,10.837777777777776
2015-01-15,717,272,273421520,2.1366666666666667
2015-01-15,717,274,273217010,0.81138888888888883
2015-01-15,717,273,273217010,1.5909722222222222
2015-01-15,-307,423,224459000,2.7959722222222219
2015-01-15,-307,429,224459000,0.68305555555555553
2015-01-15,-307,428,224459000,0.35291666666666666
2015-01-15,-307,422,224459000,4.1280555555555551
2015-01-15,-51,-193,416864000,5.8247222222222224
2015-01-15,-51,-217,416128800,5.8398611111111105
2015-01-15,-51,82,412209202,0.76236111111111116
2015-01-15,-51,81,412209202,0.76236111111111116
2015-01-15,-51,83,412209213,5.8606944444444444
2015-01-15,-51,82,412209213,16.719027777777775
2015-01-15,-51,-191,416773000,5.4598611111111106
2015-01-15,-51,118,228186000,12.63486111111111
2015-01-15,-51,-1629,416004501,3.4036111111111107
2015-01-15,-51,-1628,416004501,3.4276388888888891
2015-01-15,-51,-1553,416004502,10.468888888888889
2015-01-15,-51,-204,416137900,12.42625
2015-01-15,-51,-1691,440886000,3.1919444444444447
2015-01-15,462,-1245,367187080,1.4731944444444447
2015-01-15,718,438,273317970,1.5319444444444446
2015-01-15,718,440,273317970,7.8125
2015-01-15,718,437,273317970,1.5331944444444445
2015-01-15,718,277,259247000,5.4455555555555559
2015-01-15,718,276,259247000,3.922361111111111
2015-01-15,718,280,257336000,3.0586111111111109
2015-01-15,718,279,257336000,3.2933333333333334
2015-01-15,718,283,259457000,13.263888888888889
2015-01-15,-306,430,224459000,0.6627777777777778
2015-01-15,-306,429,224459000,1.2834722222222223
2015-01-15,-306,425,224459000,1.185138888888889
2015-01-15,-306,423,224459000,1.2655555555555555
2015-01-15,-306,426,224459000,0.62916666666666665
2015-01-15,-50,1682,412209234,7.98875
2015-01-15,-50,485,412695680,1.4111111111111112
2015-01-15,-50,-1328,441201562,6.6179166666666687
2015-01-15,-50,-1329,441201562,11.602083333333333
2015-01-15,-50,-1693,440886000,3.1993055555555556
2015-01-15,-50,-1691,440886000,2.7801388888888887
2015-01-15,-50,-1692,440886000,5.792638888888888
2015-01-15,207,-1729,416240800,6.4670833333333331
2015-01-15,207,-1728,416240800,2.8590277777777775
2015-01-15,463,-1243,367150410,1.0631944444444443
2015-01-15,463,-24,228042600,1.9984722222222222
2015-01-15,719,259,258186000,3.80875
2015-01-15,719,301,259380000,4.5827777777777783
2015-01-15,719,302,259380000,5.4818055555555558
2015-01-15,719,442,273317970,1.525
2015-01-15,719,441,273317970,1.5334722222222221
2015-01-15,719,259,259525000,6.3845833333333335
2015-01-15,719,277,259247000,1.5343055555555556
2015-01-15,719,276,259247000,10.0575
2015-01-15,719,283,259457000,3.0445833333333336
2015-01-15,-305,427,224459000,1.2881944444444444
2015-01-15,-305,428,224459000,1.2525000000000002
2015-01-15,-305,429,224459000,0.83208333333333317
2015-01-15,-305,426,224459000,0.37041666666666667
2015-01-15,-49,1682,412209234,7.15861111111111
2015-01-15,-49,-1626,416003756,5.9172222222222226
2015-01-15,-49,-1589,416004565,5.7388888888888889
2015-01-15,-49,-816,760999919,4.5509722222222226
2015-01-15,208,1090,413014531,8.4772222222222222
2015-01-15,208,1089,413005350,8.2190277777777787
2015-01-15,208,1090,413205555,9.2043055555555569
2015-01-15,208,1095,412480315,0.63347222222222221
2015-01-15,208,1089,999821643,0.7169444444444445
2015-01-15,208,1090,222221388,18.605277777777776
2015-01-15,208,1090,413002135,1.56
2015-01-15,208,1090,999721685,8.5813888888888883
2015-01-15,464,-456,263517000,5.5658333333333339
2015-01-15,464,-457,263517000,0.33347222222222223
2015-01-15,464,-455,263517000,1.27625
2015-01-15,464,-25,228042600,2.9330555555555553
2015-01-15,720,300,259380000,3.91125
2015-01-15,720,301,259380000,6.9811111111111117
2015-01-15,720,259,259525000,6.269166666666667
2015-01-15,720,284,259457000,4.6472222222222221
2015-01-15,720,283,259457000,5.4722222222222223
2015-01-15,-304,411,224142870,0.99736111111111114
2015-01-15,-304,412,224142870,1.0598611111111111
2015-01-15,-48,-1317,367512490,1.0745833333333332
2015-01-15,-48,-1626,416003756,0.700138888888889
2015-01-15,-48,1638,432962000,6.3344444444444443
2015-01-15,-48,1637,432962000,0.25513888888888892
2015-01-15,-48,1631,432962000,3.1818055555555556
2015-01-15,209,1090,800000009,10.564305555555555
2015-01-15,209,1089,800000009,1.1380555555555556
2015-01-15,209,1089,800022550,3.9295833333333334
2015-01-15,209,1089,413005350,1.01
2015-01-15,209,1090,535266862,14.026388888888889
2015-01-15,209,1089,413205555,3.2334722222222219
2015-01-15,209,1090,200006986,5.9772222222222222
2015-01-15,209,1090,201312078,0.67125
2015-01-15,209,1090,413002135,1.5895833333333333
2015-01-15,209,1089,413002135,3.0138888888888888
2015-01-15,209,1090,997753242,10.50625
2015-01-15,209,1087,413201311,3.4894444444444446
2015-01-15,209,1088,413201311,1.4618055555555556
2015-01-15,209,1103,412479144,7.9508333333333336
2015-01-15,209,1104,412479144,4.8180555555555555
2015-01-15,209,1087,323000000,3.2294444444444443
2015-01-15,209,1088,323000000,0.81708333333333338
2015-01-15,209,1090,9022670,13.923888888888889
2015-01-15,209,1089,999721685,3.1861111111111109
2015-01-15,209,1090,413201378,12.659722222222221
2015-01-15,209,1090,201306613,7.2508333333333335
2015-01-15,465,-459,263517000,0.3997222222222222
2015-01-15,465,-458,263517000,5.1379166666666674
2015-01-15,465,-457,263517000,2.6234722222222229
2015-01-15,465,-1245,367463820,4.4295833333333334
2015-01-15,465,1394,273812400,8.6229166666666668
2015-01-15,465,1393,273812400,10.895277777777778
2015-01-15,465,-44,227512000,11.690277777777778
2015-01-15,465,-42,227926000,2.4984722222222224
2015-01-15,721,310,259647000,3.9068055555555556
2015-01-15,721,309,259647000,5.4754166666666668
2015-01-15,721,301,259380000,1.5252777777777777
2015-01-15,-303,410,224142870,1.21625
2015-01-15,-303,411,224142870,1.1844444444444442
2015-01-15,-47,-1683,440936000,1.5086111111111109
2015-01-15,-47,488,412695680,6.0986111111111114
2015-01-15,-47,1636,432962000,0.90458333333333329
2015-01-15,-47,1631,432962000,2.455138888888889
2015-01-15,-47,1637,432962000,1.0823611111111111
2015-01-15,-47,-1590,416004565,2.235694444444444
2015-01-15,210,1089,413014531,2.0277777777777777
2015-01-15,210,1090,800000009,2.0105555555555554
2015-01-15,210,1087,370000137,5.6279166666666667
2015-01-15,210,1090,800022550,1.8969444444444443
2015-01-15,210,1089,800022550,3.2345833333333336
2015-01-15,210,1091,800022550,10.394027777777778
2015-01-15,210,1093,413015576,11.918472222222221
2015-01-15,210,1089,413005350,1.5005555555555556
2015-01-15,210,1087,413961511,12.57722222222222
2015-01-15,210,1088,413961511,5.6570833333333326
2015-01-15,210,1086,413961511,4.3570833333333336
2015-01-15,210,1086,412366888,5.546388888888889
2015-01-15,210,1087,412366888,17.156805555555554
2015-01-15,210,1093,412479529,17.400555555555556
2015-01-15,210,1086,997752880,7.186805555555555
2015-01-15,210,1087,997752880,0.33625
2015-01-15,210,1085,997752880,0.52916666666666667
2015-01-15,210,1086,138979888,3.9061111111111111
2015-01-15,210,1087,138979888,5.628333333333333
2015-01-15,210,1089,413205555,5.7744444444444438
2015-01-15,210,1089,201201205,6.6426388888888894
2015-01-15,210,1087,800023093,6.6597222222222223
2015-01-15,210,1087,413040188,10.037638888888889
2015-01-15,210,1086,413040188,7.4411111111111108
2015-01-15,210,1087,413889600,18.036111111111111
2015-01-15,210,1090,200006986,2.9186111111111113
2015-01-15,210,1091,200006986,8.2922222222222217
2015-01-15,210,1088,999821643,2.66
2015-01-15,210,1087,999821643,2.9770833333333333
2015-01-15,210,1086,999821643,9.0005555555555556
2015-01-15,210,1089,201312078,10.507361111111111
2015-01-15,210,1090,201312078,3.3645833333333335
2015-01-15,210,1085,413002319,4.8045833333333334
2015-01-15,210,1086,413002319,1.653888888888889
2015-01-15,210,1088,453000028,1.6402777777777777
2015-01-15,210,1085,453000028,0.55138888888888893
2015-01-15,210,1086,453000028,3.2997222222222224
2015-01-15,210,1087,453000028,11.799861111111111
2015-01-15,210,1085,413507429,6.50236111111111
2015-01-15,210,1087,413507429,0.46458333333333335
2015-01-15,210,1086,413507429,2.0620833333333333
2015-01-15,210,1086,999821686,14.144722222222224
2015-01-15,210,1087,999821686,6.1368055555555561
2015-01-15,210,1091,413114488,9.48263888888889
2015-01-15,210,1088,412222338,2.1190277777777777
2015-01-15,210,1087,413234566,8.1595833333333339
2015-01-15,210,1086,413234566,7.4426388888888892
2015-01-15,210,1085,413234566,2.7748611111111114
2015-01-15,210,1089,510911111,0.13361111111111112
2015-01-15,210,1089,201309068,1.0663888888888888
2015-01-15,210,1087,413302158,16.430138888888887
2015-01-15,210,1106,412480404,2.6188888888888888
2015-01-15,210,1087,413201300,15.539861111111112
2015-01-15,210,1086,413201300,7.3631944444444448
2015-01-15,210,1089,413002135,4.1958333333333337
2015-01-15,210,1090,997753242,3.5893055555555553
2015-01-15,210,1087,413201311,17.134305555555553
2015-01-15,210,1089,180779680,9.48875
2015-01-15,210,1091,413087655,11.40111111111111
2015-01-15,210,1089,265881008,14.791388888888889
2015-01-15,210,1089,413288888,1.3993055555555556
2015-01-15,210,1089,412500668,1.3695833333333334
2015-01-15,210,1090,412500668,9.1018055555555542
2015-01-15,210,1086,323000000,0.72416666666666674
2015-01-15,210,1087,323000000,12.442638888888888
2015-01-15,210,1087,413556677,13.107222222222221
2015-01-15,210,726,419001285,0.55430555555555561
2015-01-15,210,1090,413520076,1.148611111111111
2015-01-15,210,1091,413520076,0.84708333333333341
2015-01-15,210,1090,9022670,6.654583333333334
2015-01-15,210,1087,412002258,0.45986111111111111
2015-01-15,210,1086,412002258,10.920138888888889
2015-01-15,210,1088,412002258,3.3823611111111114
2015-01-15,210,1089,999721685,3.9273611111111109
2015-01-15,210,1086,413201366,1.05875
2015-01-15,210,1087,413201366,16.6525
2015-01-15,210,1090,413201378,4.3072222222222223
2015-01-15,210,1087,412603369,2.3672222222222223
2015-01-15,210,1086,412603369,7.2347222222222225
2015-01-15,210,726,419059700,0.22486111111111112
2015-01-15,466,-49,228904000,9.9486111111111111
2015-01-15,466,-459,263517000,6.801388888888888
2015-01-15,466,-1245,367463820,7.9251388888888883
2015-01-15,466,-1246,367463820,0.11166666666666666
2015-01-15,466,-45,227512000,1.8334722222222222
2015-01-15,466,-44,227512000,8.2723611111111115
2015-01-15,722,296,257582600,6.9818055555555549
2015-01-15,722,309,259647000,3.0556944444444447
2015-01-15,722,290,258483000,4.6902777777777773
2015-01-15,722,287,257056600,1.5373611111111112
2015-01-15,-302,409,224142870,1.1143055555555557
2015-01-15,-302,408,224142870,0.35944444444444446
2015-01-15,-302,410,224142870,0.33569444444444441
2015-01-15,-302,1145,503621500,12.853194444444444
2015-01-15,-46,-1683,440936000,4.9772222222222222
2015-01-15,-46,-1684,440936000,5.8438888888888894
2015-01-15,-46,-1317,367512490,1.0211111111111109
2015-01-15,-46,1636,432962000,0.45777777777777784
2015-01-15,-46,1635,432962000,1.2022222222222223
2015-01-15,-46,1634,432962000,3.4804166666666667
2015-01-15,211,1089,413014531,2.5836111111111113
2015-01-15,211,1090,413014531,3.4955555555555553
2015-01-15,211,1091,412000009,0.45777777777777778
2015-01-15,211,1090,412000009,0.55430555555555561
2015-01-15,211,1087,370000137,2.1859722222222224
2015-01-15,211,1091,800022550,0.2336111111111111
2015-01-15,211,1090,800022550,0.92
2015-01-15,211,1087,421300000,10.521527777777777
2015-01-15,211,1088,421300000,0.65166666666666662
2015-01-15,211,1089,413055523,11.884166666666667
2015-01-15,211,1089,413005350,1.9993055555555554
2015-01-15,211,1087,997752880,1.850138888888889
2015-01-15,211,1088,997752880,5.4459722222222222
2015-01-15,211,1087,138979888,1.8854166666666665
2015-01-15,211,1091,201201205,11.785138888888889
2015-01-15,211,1090,201201205,4.3827777777777781
2015-01-15,211,1087,800023093,2.0656944444444445
2015-01-15,211,1089,423581000,3.7030555555555553
2015-01-15,211,1088,423581000,2.3690277777777777
2015-01-15,211,1091,200006986,0.40611111111111109
2015-01-15,211,1086,413002319,0.8159722222222221
2015-01-15,211,1087,413002319,7.84638888888889
2015-01-15,211,1088,453000028,4.6263888888888891
2015-01-15,211,1089,201307228,0.18694444444444444
2015-01-15,211,1090,201307228,3.0898611111111114
2015-01-15,211,1087,413507429,6.1748611111111114
2015-01-15,211,1088,13168,4.5844444444444443
2015-01-15,211,1090,413114488,5.52625
2015-01-15,211,1091,413114488,1.215
2015-01-15,211,1089,412222338,4.1062499999999993
2015-01-15,211,1089,510911111,1.4240277777777777
2015-01-15,211,1090,510911111,11.547361111111112
2015-01-15,211,1090,201309068,12.047638888888889
2015-01-15,211,1089,201309068,0.69166666666666665
2015-01-15,211,1106,412480404,12.419444444444443
2015-01-15,211,1089,180779680,4.294999999999999
2015-01-15,211,1088,453000099,0.65958333333333341
2015-01-15,211,1089,453000099,0.42083333333333334
2015-01-15,211,1090,413087655,5.2677777777777788
2015-01-15,211,1091,413087655,4.9045833333333331
2015-01-15,211,1089,413288888,1.7533333333333332
2015-01-15,211,1090,413288888,3.6747222222222229
2015-01-15,211,1087,509909950,8.5693055555555553
2015-01-15,211,1084,423000000,13.661944444444444
2015-01-15,211,1092,997753024,7.9044444444444446
2015-01-15,211,1087,997755074,2.2512499999999998
2015-01-15,211,1087,413556677,0.51069444444444445
2015-01-15,211,1091,413520076,5.4659722222222227
2015-01-15,211,1090,413520076,2.3006944444444448
2015-01-15,211,1087,412002258,0.34180555555555553
2015-01-15,211,1088,412603369,1.8168055555555556
2015-01-15,211,1089,997753072,6.270833333333333
2015-01-15,211,1090,997753072,1.5755555555555556
2015-01-15,211,1091,201308158,3.9594444444444448
2015-01-15,467,-49,228904000,6.4475
2015-01-15,467,-1245,367463820,0.67875000000000008
2015-01-15,467,1405,273810400,7.1208333333333336
2015-01-15,723,296,257582600,5.4766666666666666
2015-01-15,723,297,257582600,1.5330555555555556
2015-01-15,723,310,259647000,2.28625
2015-01-15,723,308,259647000,3.92875
2015-01-15,723,309,259647000,2.2986111111111112
2015-01-15,723,247,257555500,1.5331944444444443
2015-01-15,723,241,257555500,1.5279166666666666
2015-01-15,723,291,258483000,3.0793055555555555
2015-01-15,723,288,257056600,1.5404166666666668
2015-01-15,-301,406,224142870,1.2822222222222222
2015-01-15,-301,407,224142870,1.1759722222222222
2015-01-15,-301,408,224142870,0.98041666666666671
2015-01-15,-45,-1588,416000179,6.5244444444444447
2015-01-15,212,1087,370000137,2.8404166666666661
2015-01-15,212,1086,997752589,4.3265277777777778
2015-01-15,212,1087,997752589,7.0951388888888882
2015-01-15,212,1093,223456789,0.4251388888888889
2015-01-15,212,1087,413000725,14.935972222222222
2015-01-15,212,1087,412699168,15.427916666666667
2015-01-15,212,1086,412699168,5.4683333333333328
2015-01-15,212,1087,421300000,9.3198611111111109
2015-01-15,212,1089,413055523,4.224444444444444
2015-01-15,212,1089,413005350,4.3543055555555554
2015-01-15,212,1087,997752880,6.1033333333333335
2015-01-15,212,1086,800023093,1.0229166666666667
2015-01-15,212,1087,800023093,7.7672222222222231
2015-01-15,212,1086,413090363,3.2555555555555555
2015-01-15,212,1087,413090363,9.957361111111112
2015-01-15,212,1087,413161788,8.1652777777777779
2015-01-15,212,1088,413161788,8.6865277777777781
2015-01-15,212,1104,412468541,2.3426388888888892
2015-01-15,212,1084,413000004,3.9026388888888892
2015-01-15,212,1087,423581000,0.10513888888888889
2015-01-15,212,1089,423581000,1.3704166666666666
2015-01-15,212,1088,423581000,12.511944444444442
2015-01-15,212,1085,423581000,0.13263888888888889
2015-01-15,212,1087,585,14.055972222222222
2015-01-15,212,1088,413009998,20.086805555555557
2015-01-15,212,1089,413009998,1.3036111111111111
2015-01-15,212,1087,413002319,2.3305555555555557
2015-01-15,212,1084,900016722,0.27513888888888888
2015-01-15,212,1086,413000789,0.91638888888888892
2015-01-15,212,1085,413000789,6.6397222222222219
2015-01-15,212,1084,800037983,12.201527777777779
2015-01-15,212,1084,413088865,18.460972222222225
2015-01-15,212,1085,413088865,1.4741666666666668
2015-01-15,212,1089,413086819,2.2209722222222221
2015-01-15,212,1088,413086819,15.532638888888888
2015-01-15,212,1087,413507429,2.2487500000000002
2015-01-15,212,1084,110300521,1.2581944444444444
2015-01-15,212,1085,110300521,0.6791666666666667
2015-01-15,212,1088,412522090,20.525138888888893
2015-01-15,212,1089,412522090,0.75847222222222221
2015-01-15,212,1087,412522090,1.4155555555555557
2015-01-15,212,1088,13168,14.82486111111111
2015-01-15,212,1087,13168,3.3006944444444448
2015-01-15,212,1089,412330098,8.3106944444444455
2015-01-15,212,1088,412330098,10.603611111111112
2015-01-15,212,1088,412523126,9.5143055555555556
2015-01-15,212,1089,412523126,5.2712499999999993
2015-01-15,212,1088,900017279,5.8944444444444457
2015-01-15,212,1089,900017279,0.85583333333333322
2015-01-15,212,1088,412222338,1.9815277777777776
2015-01-15,212,1089,412222338,0.72513888888888889
2015-01-15,212,1087,201307020,18.97861111111111
2015-01-15,212,1087,997753234,4.5309722222222213
2015-01-15,212,1085,200004250,0.56041666666666667
2015-01-15,212,1084,200004250,3.7834722222222226
2015-01-15,212,1088,453000099,6.9925
2015-01-15,212,1089,453000099,4.2945833333333328
2015-01-15,212,1086,453000099,3.9870833333333331
2015-01-15,212,1087,453000099,2.262777777777778
2015-01-15,212,1084,110300581,1.2145833333333333
2015-01-15,212,1088,423000999,7.8166666666666655
2015-01-15,212,1087,423000999,9.6252777777777787
2015-01-15,212,1091,666666665,10.17513888888889
2015-01-15,212,1090,666666665,1.1163888888888889
2015-01-15,212,1089,666666665,4.5180555555555557
2015-01-15,212,1084,110300593,4.1677777777777774
2015-01-15,212,1085,201403058,1.6202777777777779
2015-01-15,212,1087,412355508,2.0030555555555556
2015-01-15,212,1088,412355508,12.89597222222222
2015-01-15,212,1087,509909950,6.0375
2015-01-15,212,1087,412001238,7.4062499999999991
2015-01-15,212,1086,412001238,9.924722222222222
2015-01-15,212,1089,999721687,2.0290277777777779
2015-01-15,212,1088,999721687,3.3519444444444444
2015-01-15,212,1088,413236699,18.407361111111118
2015-01-15,212,1089,413236699,2.1133333333333333
2015-01-15,212,1092,900025824,23.426250000000003
2015-01-15,212,1088,412603369,3.3305555555555553
2015-01-15,212,1089,412603369,1.1733333333333333
2015-01-15,212,1087,413032938,5.948611111111112
2015-01-15,212,1086,413032938,11.071944444444444
2015-01-15,212,1087,132122862,2.4541666666666666
2015-01-15,212,1089,997753072,9.11375
2015-01-15,212,1088,997753072,3.8494444444444449
2015-01-15,468,-53,224792000,7.5013888888888891
2015-01-15,468,-1243,367134180,0.54180555555555554
2015-01-15,724,296,257582600,5.4444444444444446
2015-01-15,724,247,257555500,3.9416666666666664
2015-01-15,724,291,258483000,5.4501388888888886
2015-01-15,724,288,257056600,5.42
2015-01-15,724,261,259309000,3.0508333333333333
2015-01-15,724,265,259309000,7.75236111111111
2015-01-15,-300,406,224142870,1.3193055555555557
2015-01-15,-44,1538,553111712,4.5124999999999993
2015-01-15,-44,-1588,416000179,6.5975
2015-01-15,213,1090,201410309,1.43
2015-01-15,213,1086,412001030,4.6662499999999989
2015-01-15,213,1087,412001030,13.774444444444441
2015-01-15,213,1087,370000137,0.41847222222222225
2015-01-15,213,1087,997752589,4.4112500000000008
2015-01-15,213,1087,413000725,4.4886111111111111
2015-01-15,213,1086,800023093,0.11680555555555555
2015-01-15,213,1087,800023093,0.97791666666666677
2015-01-15,213,1087,413090363,7.7076388888888889
2015-01-15,213,1116,412461627,0.1388888888888889
2015-01-15,213,1088,413161788,4.046388888888889
2015-01-15,213,1104,412468541,0.4316666666666667
2015-01-15,213,1089,423581000,1.2431944444444445
2015-01-15,213,1088,423581000,0.13319444444444445
2015-01-15,213,1086,585,4.0458333333333334
2015-01-15,213,1087,413002319,3.9087499999999995
2015-01-15,213,1088,997752914,1.5098611111111111
2015-01-15,213,1090,997752914,1.9709722222222221
2015-01-15,213,1089,997752914,5.3626388888888883
2015-01-15,213,1086,413000789,0.62208333333333332
2015-01-15,213,1085,413000789,2.8681944444444443
2015-01-15,213,1087,413086819,0.69180555555555556
2015-01-15,213,1088,413086819,2.2672222222222222
2015-01-15,213,1089,413086819,0.58763888888888882
2015-01-15,213,1084,110300521,1.3547222222222222
2015-01-15,213,1088,412330098,1.8981944444444443
2015-01-15,213,1088,412523126,4.3431944444444452
2015-01-15,213,1089,412523126,0.34597222222222224
2015-01-15,213,1088,900017279,2.5051388888888888
2015-01-15,213,1089,900017279,1.0581944444444444
2015-01-15,213,1089,412222338,10.005
2015-01-15,213,1088,412222338,2.6122222222222224
2015-01-15,213,1087,800032898,21.372777777777781
2015-01-15,213,1087,817796238,1.5991666666666666
2015-01-15,213,1086,817796238,3.8338888888888896
2015-01-15,213,1085,897898896,0.68430555555555561
2015-01-15,213,1085,200004250,6.5380555555555553
2015-01-15,213,1087,110300578,13.371250000000002
2015-01-15,213,1088,110300578,0.84208333333333329
2015-01-15,213,1088,453000099,2.2469444444444444
2015-01-15,213,1089,453000099,0.66083333333333327
2015-01-15,213,1084,110300581,1.7480555555555557
2015-01-15,213,1085,110300581,1.93625
2015-01-15,213,1088,423000999,0.30958333333333332
2015-01-15,213,1084,800037033,8.649861111111111
2015-01-15,213,1085,110300593,1.3223611111111113
2015-01-15,213,1084,110300593,11.730277777777777
2015-01-15,213,1086,201403058,2.7738888888888891
2015-01-15,213,1085,201403058,0.13694444444444445
2015-01-15,213,1087,201403058,0.55736111111111108
2015-01-15,213,1087,509909950,4.5741666666666676
2015-01-15,213,1087,997755074,0.93875
2015-01-15,213,1087,412045005,14.351388888888888
2015-01-15,213,1086,412045005,4.1129166666666661
2015-01-15,213,1090,413201110,4.3565277777777771
2015-01-15,213,1091,413201110,0.2023611111111111
2015-01-15,213,1088,999721687,9.3983333333333352
2015-01-15,213,1087,999721687,4.2005555555555558
2015-01-15,213,1089,999721687,1.9122222222222223
2015-01-15,213,1088,413236699,1.3106944444444444
2015-01-15,213,1086,413886688,1.0030555555555556
2015-01-15,213,1087,132122862,9.9983333333333331
2015-01-15,213,1084,800020976,3.0441666666666665
2015-01-15,213,1089,997753072,0.6511111111111112
2015-01-15,469,-56,224113270,5.221111111111111
2015-01-15,469,-53,224792000,8.830277777777777
2015-01-15,469,-54,224792000,0.69722222222222219
2015-01-15,469,-27,228194000,8.8775000000000013
2015-01-15,469,-26,228194000,0.43888888888888888
2015-01-15,469,-28,228240600,5.6780555555555559
2015-01-15,469,1402,273810400,6.3433333333333337
2015-01-15,725,296,257582600,1.5433333333333334
2015-01-15,725,241,257555500,1.536111111111111
2015-01-15,725,248,257555500,3.9083333333333332
2015-01-15,725,288,257056600,3.0820833333333333
2015-01-15,725,317,257056600,3.9083333333333332
2015-01-15,725,293,257056600,3.9206944444444445
2015-01-15,725,287,257056600,1.5345833333333334
2015-01-15,725,268,259309000,2.3668055555555556
2015-01-15,725,266,259309000,10.11375
2015-01-15,-299,405,224142870,1.6218055555555555
2015-01-15,-43,1538,553111712,0.82597222222222222
2015-01-15,-43,1539,553111712,0.97361111111111109
2015-01-15,-43,398,601179600,0.20694444444444443
2015-01-15,214,1117,412461627,1.1084722222222223
2015-01-15,214,1116,412461627,1.0183333333333333
2015-01-15,214,1117,900022876,5.7529166666666667
2015-01-15,214,1117,412477307,0.2051388888888889
2015-01-15,214,1085,897898896,6.3233333333333341
2015-01-15,214,1084,800021142,7.6384722222222221
2015-01-15,214,1085,200004250,1.5919444444444446
2015-01-15,214,1085,999716005,2.8983333333333334
2015-01-15,214,1084,800037033,2.27375
2015-01-15,214,1088,201403058,0.51708333333333334
2015-01-15,214,1091,413201110,0.78833333333333333
2015-01-15,214,1090,413201110,4.006388888888889
2015-01-15,214,1119,412478689,1.2944444444444443
2015-01-15,470,-29,228240600,20.357916666666668
2015-01-15,470,1403,273810400,6.027916666666667
2015-01-15,726,247,257555500,3.92375
2015-01-15,726,248,257555500,4.6029166666666672
2015-01-15,726,432,273842800,1.5341666666666667
2015-01-15,-298,1143,503603200,2.06
2015-01-15,-298,402,224142870,3.1241666666666665
2015-01-15,-298,1143,503000280,3.3844444444444441
2015-01-15,215,1119,412461316,6.8462499999999995
2015-01-15,215,1120,412461316,2.26125
2015-01-15,215,1085,413551122,8.6620833333333334
2015-01-15,215,1084,413551122,3.1248611111111111
2015-01-15,215,1121,412477229,2.3927777777777779
2015-01-15,215,1120,412477229,2.0877777777777782
2015-01-15,215,1122,412477229,0.87902777777777774
2015-01-15,215,1119,412477229,0.37458333333333332
2015-01-15,215,1120,412477264,0.21694444444444444
2015-01-15,215,1121,412477264,0.59916666666666663
2015-01-15,215,1117,900022876,0.2088888888888889
2015-01-15,215,1120,412477276,1.169861111111111
2015-01-15,215,1118,412477288,0.73305555555555557
2015-01-15,215,1119,412477288,8.4294444444444441
2015-01-15,215,1120,100702825,8.9816666666666674
2015-01-15,215,1119,100702825,0.38777777777777778
2015-01-15,215,1120,412477306,2.9513888888888893
2015-01-15,215,1119,412477306,13.194861111111111
2015-01-15,215,1118,412477307,6.450555555555554
2015-01-15,215,1117,412477307,10.690694444444443
2015-01-15,215,1085,200004250,5.2683333333333335
2015-01-15,215,1500,416001447,3.7811111111111111
2015-01-15,215,1084,800037033,3.8434722222222222
2015-01-15,215,1119,412477389,0.63277777777777788
2015-01-15,215,1118,412477389,1.2598611111111111
2015-01-15,215,1120,412477391,1.7943055555555556
2015-01-15,215,1119,412477391,3.860555555555556
2015-01-15,215,1118,412477391,1.2177777777777776
2015-01-15,215,-178,224086000,16.826666666666668
2015-01-15,215,1119,412475385,8.2548611111111114
2015-01-15,215,1118,412475385,1.2077777777777778
2015-01-15,471,1394,273437790,7.1194444444444445
2015-01-15,727,431,273842800,6.9891666666666667
2015-01-15,727,432,273842800,1.536111111111111
2015-01-15,727,310,259244000,2.297361111111111
2015-01-15,-297,1143,503603200,2.6181944444444447
2015-01-15,-297,143,601391000,2.0605555555555557
2015-01-15,-297,142,601391000,9.5005555555555539
2015-01-15,-297,142,577174000,3.8000000000000003
2015-01-15,-297,143,577174000,12.810694444444445
2015-01-15,-41,529,416004773,0.81486111111111115
2015-01-15,216,1120,412461316,0.26805555555555555
2015-01-15,216,1135,412461595,8.400555555555556
2015-01-15,216,1134,412461595,9.586666666666666
2015-01-15,216,1120,412477217,21.121805555555561
2015-01-15,216,1121,412477269,1.9266666666666667
2015-01-15,216,1120,412477269,11.690555555555557
2015-01-15,216,1120,100702825,4.4611111111111112
2015-01-15,216,1120,412477306,2.5741666666666663
2015-01-15,216,1129,413918888,8.8752777777777769
2015-01-15,216,1121,412476875,5.439861111111111
2015-01-15,216,1120,412476875,5.94013888888889
2015-01-15,216,-1401,431938000,2.8111111111111109
2015-01-15,216,-1398,431938000,3.415972222222222
2015-01-15,216,-1399,431938000,0.82916666666666683
2015-01-15,216,1120,412476919,18.85
2015-01-15,216,1121,412476919,2.4136111111111109
2015-01-15,472,1395,273449620,18.773472222222225
2015-01-15,472,1396,273449620,5.3206944444444444
2015-01-15,728,430,273842800,9.4298611111111121
2015-01-15,728,429,273842800,3.0616666666666665
2015-01-15,728,311,259244000,3.9115277777777777
2015-01-15,728,310,259244000,3.9202777777777778
2015-01-15,-40,1727,441930000,4.2440277777777773
2015-01-15,-40,1726,441930000,0.14180555555555557
2015-01-15,-40,1727,441853000,4.7481944444444446
2015-01-15,-40,1726,441853000,0.3405555555555555
2015-01-15,217,1129,412464386,2.2056944444444446
2015-01-15,217,1133,900005123,0.64083333333333337
2015-01-15,217,1134,900005123,13.369583333333333
2015-01-15,217,1131,412461317,0.64986111111111111
2015-01-15,217,1130,412461317,12.05347222222222
2015-01-15,217,1129,412464399,3.3986111111111112
2015-01-15,217,1127,412464409,3.0976388888888891
2015-01-15,217,1128,412464409,6.9990277777777772
2015-01-15,217,1135,412461595,1.0108333333333333
2015-01-15,217,1128,412464411,14.167361111111111
2015-01-15,217,1127,412464411,2.7297222222222222
2015-01-15,217,1128,412464423,1.3561111111111113
2015-01-15,217,1128,412461353,0.83611111111111114
2015-01-15,217,1131,412465216,0.22597222222222224
2015-01-15,217,1130,412465216,4.7333333333333343
2015-01-15,217,1129,412465216,1.0544444444444445
2015-01-15,217,1131,412461894,14.912083333333333
2015-01-15,217,1132,412461894,1.0943055555555556
2015-01-15,217,1130,412461894,0.857638888888889
2015-01-15,217,1128,412461394,0.72472222222222227
2015-01-15,217,1130,412477778,2.9809722222222224
2015-01-15,217,1131,412477778,0.78402777777777777
2015-01-15,217,1136,412475477,5.0854166666666663
2015-01-15,217,1134,412461143,0.38708333333333333
2015-01-15,217,1133,412461143,0.24930555555555556
2015-01-15,217,1129,412464983,2.665
2015-01-15,217,1131,412464983,0.34111111111111114
2015-01-15,217,1130,412464983,3.7591666666666668
2015-01-15,217,1132,200008298,1.7031944444444447
2015-01-15,217,1130,412461678,1.8226388888888889
2015-01-15,217,1131,412461678,3.3973611111111111
2015-01-15,217,1130,412461679,3.6404166666666669
2015-01-15,217,1130,412461681,4.8068055555555551
2015-01-15,217,1130,456762228,0.43152777777777773
2015-01-15,217,1132,456762228,0.8833333333333333
2015-01-15,217,1131,456762228,1.8493055555555555
2015-01-15,217,1130,412461684,0.64555555555555544
2015-01-15,217,1131,412461684,1.9766666666666666
2015-01-15,217,1129,412480372,14.937083333333334
2015-01-15,217,1131,412464249,0.23055555555555554
2015-01-15,217,1130,412464249,2.8841666666666668
2015-01-15,217,1128,412464256,8.6552777777777781
2015-01-15,217,1127,412464256,2.1502777777777777
2015-01-15,217,1130,412464263,1.0440277777777778
2015-01-15,217,1131,412464263,0.22472222222222221
2015-01-15,217,1129,412464269,2.868611111111111
2015-01-15,217,1132,900003217,0.20097222222222222
2015-01-15,217,1131,412464284,0.70319444444444446
2015-01-15,217,1130,412464284,3.7593055555555548
2015-01-15,217,1130,412464295,4.6316666666666659
2015-01-15,217,1131,412464295,0.9473611111111111
2015-01-15,217,1129,412464295,2.5363888888888888
2015-01-15,217,1130,412461997,6.4811111111111117
2015-01-15,217,1131,412477614,3.74125
2015-01-15,217,1130,412477614,1.286111111111111
2015-01-15,217,1130,412464309,3.9209722222222214
2015-01-15,217,1129,412464309,3.5013888888888891
2015-01-15,217,1131,412464309,0.87347222222222221
2015-01-15,217,1130,412477625,2.0327777777777776
2015-01-15,217,1131,412477625,3.2366666666666664
2015-01-15,217,1130,412464572,0.46694444444444444
2015-01-15,217,1131,412464572,1.7497222222222222
2015-01-15,217,1129,412461503,1.1283333333333334
2015-01-15,217,1130,412461503,13.130277777777778
2015-01-15,217,1130,412464579,3.1852777777777779
2015-01-15,217,1131,412477636,4.1480555555555565
2015-01-15,217,1130,412477636,1.5345833333333334
2015-01-15,217,1131,412477637,11.740694444444443
2015-01-15,217,1130,412477637,2.4690277777777778
2015-01-15,217,1129,412461256,1.6183333333333332
2015-01-15,217,1130,412461256,3.7401388888888896
2015-01-15,217,1131,412461256,0.7040277777777777
2015-01-15,217,1131,412464584,6.8368055555555554
2015-01-15,217,1130,412464584,2.7872222222222223
2015-01-15,217,1130,412464586,12.311666666666667
2015-01-15,217,1131,412464586,0.42458333333333331
2015-01-15,217,1120,412476875,7.4050000000000011
2015-01-15,217,1136,412480205,4.6504166666666666
2015-01-15,217,1135,412480205,15.050138888888892
2015-01-15,217,-1399,431938000,0.53875
2015-01-15,217,-1404,431938000,1.6095833333333331
2015-01-15,217,-1406,431938000,1.0904166666666666
2015-01-15,217,-1402,431938000,2.8512500000000007
2015-01-15,217,-1403,431938000,5.2275000000000009
2015-01-15,217,-1400,431938000,1.3023611111111111
2015-01-15,217,-1401,431938000,1.8737499999999998
2015-01-15,217,1128,412461522,14.840555555555554
2015-01-15,217,1130,412464339,1.2873611111111112
2015-01-15,217,1129,412464341,2.1379166666666665
2015-01-15,217,1130,412464341,10.321805555555557
2015-01-15,217,1131,412464341,0.16652777777777777
2015-01-15,217,1128,412464368,0.96569444444444452
2015-01-15,473,1396,273437790,6.0988888888888884
2015-01-15,729,310,259244000,4.7029166666666669
2015-01-15,729,311,259244000,4.5777777777777775
2015-01-15,729,296,259489000,8.5833333333333339
2015-01-15,-551,-669,701000713,1.8401388888888888
2015-01-15,-551,-670,701000713,2.4963888888888888
2015-01-15,-295,400,224142870,2.5155555555555553
2015-01-15,-295,401,224142870,3.1259722222222219
2015-01-15,-39,-1624,416003854,7.1069444444444443
2015-01-15,-39,-1625,416003854,6.5791666666666666
2015-01-15,-39,1729,441930000,5.0647222222222235
2015-01-15,-39,1729,440990000,5.8561111111111108
2015-01-15,-39,1728,440990000,11.81125
2015-01-15,-39,1729,441853000,4.6736111111111107
2015-01-15,218,1128,412464386,4.3640277777777774
2015-01-15,218,1133,900005123,1.4127777777777779
2015-01-15,218,1134,900005123,0.8569444444444444
2015-01-15,218,1130,412461317,1.8034722222222221
2015-01-15,218,1131,412461317,2.2468055555555555
2015-01-15,218,1133,412464913,5.3274999999999988
2015-01-15,218,1129,412464403,4.5194444444444439
2015-01-15,218,1128,412464403,3.9804166666666663
2015-01-15,218,1132,110700566,13.376944444444444
2015-01-15,218,1130,412345878,9.9029166666666644
2015-01-15,218,1131,412345878,5.54472222222222
2015-01-15,218,1133,900003354,1.6872222222222222
2015-01-15,218,1134,900003354,3.4138888888888888
2015-01-15,218,1131,412477471,1.5875000000000001
2015-01-15,218,1130,412477471,4.9483333333333333
2015-01-15,218,1128,412464417,8.0908333333333324
2015-01-15,218,1128,412464423,13.257916666666667
2015-01-15,218,1130,412461352,0.16236111111111112
2015-01-15,218,1133,910100010,1.4330555555555555
2015-01-15,218,1132,910100010,4.9769444444444453
2015-01-15,218,1132,412464176,1.1819444444444445
2015-01-15,218,1131,412480816,5.5958333333333332
2015-01-15,218,1130,412480816,5.7075000000000005
2015-01-15,218,1133,800018993,12.513472222222223
2015-01-15,218,1133,412464177,2.8411111111111111
2015-01-15,218,1132,412464177,1.962361111111111
2015-01-15,218,1133,412464436,11.762222222222222
2015-01-15,218,1136,200000054,1.9509722222222223
2015-01-15,218,1133,412464696,10.188333333333333
2015-01-15,218,1132,412464696,8.162638888888889
2015-01-15,218,1133,910100030,4.1440277777777776
2015-01-15,218,1132,910100030,3.6019444444444444
2015-01-15,218,1134,910100030,0.33361111111111108
2015-01-15,218,1130,412465216,0.56319444444444444
2015-01-15,218,1131,412465216,0.87277777777777787
2015-01-15,218,1131,412461122,4.52875
2015-01-15,218,1135,910103888,11.362222222222222
2015-01-15,218,1134,910103888,2.2870833333333334
2015-01-15,218,1136,910103888,0.45833333333333337
2015-01-15,218,1134,200004176,0.21722222222222221
2015-01-15,218,1134,900017746,0.8058333333333334
2015-01-15,218,1132,900017746,2.6225
2015-01-15,218,1133,900017746,4.7088888888888887
2015-01-15,218,1132,412477778,12.650555555555556
2015-01-15,218,1131,412477778,0.32125000000000004
2015-01-15,218,1135,230100307,0.78819444444444442
2015-01-15,218,1130,412461395,3.7383333333333333
2015-01-15,218,1131,412461395,3.9824999999999995
2015-01-15,218,1130,200005459,13.876388888888888
2015-01-15,218,1131,200005459,6.28361111111111
2015-01-15,218,1133,412478036,0.50347222222222221
2015-01-15,218,1132,412478036,2.7559722222222218
2015-01-15,218,1136,412475477,2.37125
2015-01-15,218,1131,412475478,3.9265277777777783
2015-01-15,218,1130,412475478,4.015833333333334
2015-01-15,218,1130,412464983,1.2744444444444447
2015-01-15,218,1131,412464983,1.0326388888888889
2015-01-15,218,1130,412464224,5.6736111111111107
2015-01-15,218,1133,412476516,9.851527777777779
2015-01-15,218,1133,412461925,10.565000000000001
2015-01-15,218,1132,412461925,1.49375
2015-01-15,218,1132,412461926,9.6252777777777752
2015-01-15,218,1133,412461926,0.41013888888888889
2015-01-15,218,1134,412461927,0.46638888888888891
2015-01-15,218,1132,412461927,3.3159722222222223
2015-01-15,218,1133,412461927,5.6304166666666671
2015-01-15,218,1133,412464743,10.60125
2015-01-15,218,1132,412461928,0.80041666666666667
2015-01-15,218,1131,412461928,1.405972222222222
2015-01-15,218,1132,200008298,1.05125
2015-01-15,218,1134,200008298,1.1998611111111113
2015-01-15,218,1135,200008298,2.6543055555555557
2015-01-15,218,1133,200008298,2.3776388888888889
2015-01-15,218,1133,412461931,2.315
2015-01-15,218,1132,412461931,14.301666666666669
2015-01-15,218,1132,412461677,11.828055555555554
2015-01-15,218,1133,412464237,5.1120833333333344
2015-01-15,218,1130,412461679,0.61652777777777779
2015-01-15,218,1130,412461681,8.7925
2015-01-15,218,1131,412461681,1.5631944444444441
2015-01-15,218,1133,412461682,4.0711111111111107
2015-01-15,218,1132,412461683,11.895833333333336
2015-01-15,218,1133,412461683,1.3006944444444446
2015-01-15,218,1133,456762228,0.77722222222222226
2015-01-15,218,1132,456762228,12.99875
2015-01-15,218,1132,412461684,3.4358333333333331
2015-01-15,218,1133,412461684,4.456666666666667
2015-01-15,218,1131,412464249,0.88666666666666671
2015-01-15,218,1130,412464249,0.12541666666666668
2015-01-15,218,1131,412464253,5.2554166666666662
2015-01-15,218,1132,412461696,8.0022222222222226
2015-01-15,218,1133,412461696,5.168333333333333
2015-01-15,218,1128,412464256,5.9775000000000009
2015-01-15,218,1133,900020354,0.22499999999999998
2015-01-15,218,1132,910060421,5.985555555555556
2015-01-15,218,1130,412464263,0.25861111111111112
2015-01-15,218,1130,412477833,5.4388888888888891
2015-01-15,218,1131,412477833,1.6554166666666665
2015-01-15,218,1131,412477835,0.56861111111111107
2015-01-15,218,1130,412477835,5.4181944444444445
2015-01-15,218,1133,412476559,0.76583333333333337
2015-01-15,218,1134,900003217,8.9187500000000011
2015-01-15,218,1132,900003217,0.96944444444444433
2015-01-15,218,1133,900003217,4.4579166666666667
2015-01-15,218,1133,412461971,2.4999999999999996
2015-01-15,218,1132,412461971,8.17277777777778
2015-01-15,218,1131,412464284,1.32125
2015-01-15,218,1134,900003492,12.527222222222223
2015-01-15,218,1133,900003492,5.71125
2015-01-15,218,1133,412464294,3.1370833333333334
2015-01-15,218,1131,412464295,0.33333333333333331
2015-01-15,218,1130,412464295,1.0945833333333335
2015-01-15,218,1130,412461997,10.710694444444441
2015-01-15,218,1128,412465069,3.0279166666666666
2015-01-15,218,1133,412461998,8.7690277777777776
2015-01-15,218,1132,412461998,5.6270833333333332
2015-01-15,218,1131,412477614,0.45083333333333336
2015-01-15,218,1133,301486514,10.020694444444445
2015-01-15,218,1131,412464309,1.435138888888889
2015-01-15,218,1130,412464309,0.21194444444444444
2015-01-15,218,1132,412477625,9.9744444444444458
2015-01-15,218,1131,412477625,0.49541666666666673
2015-01-15,218,1130,412464572,0.35833333333333334
2015-01-15,218,1133,412464572,2.3375
2015-01-15,218,1132,412464572,2.7109722222222223
2015-01-15,218,1131,412461503,2.2701388888888889
2015-01-15,218,1130,412461503,1.345
2015-01-15,218,1128,412464323,16.871388888888891
2015-01-15,218,1132,412464579,3.439861111111111
2015-01-15,218,1133,412477636,2.2044444444444444
2015-01-15,218,1129,412461255,0.30874999999999997
2015-01-15,218,1130,412461255,0.31222222222222223
2015-01-15,218,1131,412461256,1.1824999999999999
2015-01-15,218,1131,412464584,0.2261111111111111
2015-01-15,218,1130,412464586,1.6788888888888889
2015-01-15,218,1131,412464586,1.2837500000000002
2015-01-15,218,-1403,431938000,0.48472222222222222
2015-01-15,218,-1404,431938000,0.78611111111111109
2015-01-15,218,1131,412464339,11.506944444444443
2015-01-15,218,1134,200005844,1.4494444444444443
2015-01-15,218,1133,200005844,9.781944444444445
2015-01-15,218,1131,412464341,1.5125000000000002
2015-01-15,218,1130,412464341,2.4793055555555559
2015-01-15,218,1133,412476632,3.22
2015-01-15,218,1132,412476632,3.2638888888888888
2015-01-15,218,1129,412464357,20.83625
2015-01-15,218,1132,900003311,1.1984722222222224
2015-01-15,218,1133,900003311,4.439166666666666
2015-01-15,218,1134,900003311,7.7669444444444444
2015-01-15,218,1134,333377777,10.786805555555556
2015-01-15,218,1133,333377777,0.82541666666666669
2015-01-15,218,1133,412461309,6.71
2015-01-15,218,1133,412478205,4.2166666666666668
2015-01-15,474,-62,228383000,3.716388888888889
2015-01-15,474,1397,273437790,5.5915277777777783
2015-01-15,474,1396,273437790,2.024861111111111
2015-01-15,730,311,259244000,2.316527777777778
2015-01-15,730,297,259489000,2.32375
2015-01-15,730,296,259489000,6.2438888888888888
2015-01-15,-550,-670,701000713,0.9934722222222222
2015-01-15,-550,-669,701000713,9.0116666666666667
2015-01-15,-294,1533,503552600,11.61236111111111
2015-01-15,-294,1534,503552600,0.99666666666666659
2015-01-15,219,1136,200001025,0.70027777777777778
2015-01-15,219,1137,200001025,2.1173611111111112
2015-01-15,219,1133,412464913,4.7484722222222215
2015-01-15,219,1134,412464913,0.22541666666666665
2015-01-15,219,1134,900003354,10.816527777777775
2015-01-15,219,1130,412464668,10.630694444444444
2015-01-15,219,1130,412464677,16.526388888888892
2015-01-15,219,1130,412461352,9.6365277777777738
2015-01-15,219,1130,412461354,10.151805555555555
2015-01-15,219,1133,412464436,5.3840277777777779
2015-01-15,219,1136,200000054,2.982361111111111
2015-01-15,219,1135,200000054,7.8765277777777785
2015-01-15,219,1131,412461371,2.76375
2015-01-15,219,1130,412464701,9.2165277777777774
2015-01-15,219,1134,910100030,15.408472222222223
2015-01-15,219,1130,412464702,9.2086111111111091
2015-01-15,219,1133,412464962,2.4738888888888888
2015-01-15,219,1133,412465227,10.157083333333334
2015-01-15,219,1133,412464716,0.50152777777777779
2015-01-15,219,1134,200004176,0.22472222222222221
2015-01-15,219,1135,200004176,1.5180555555555555
2015-01-15,219,1133,412461397,1.1370833333333334
2015-01-15,219,1130,412464727,10.975416666666668
2015-01-15,219,1130,412464224,4.0402777777777787
2015-01-15,219,1134,412478048,1.0741666666666667
2015-01-15,219,1133,412478048,5.2076388888888889
2015-01-15,219,1134,412478052,1.4320833333333334
2015-01-15,219,1133,412478052,3.1077777777777778
2015-01-15,219,1134,200005990,5.5486111111111107
2015-01-15,219,1135,200005990,8.37875
2015-01-15,219,1132,412464743,6.2472222222222227
2015-01-15,219,1134,200008298,6.0297222222222224
2015-01-15,219,1134,412464237,0.50055555555555553
2015-01-15,219,1133,412464237,4.76375
2015-01-15,219,1136,900020346,11.217222222222222
2015-01-15,219,1130,412464253,2.5575
2015-01-15,219,1131,412464253,0.8600000000000001
2015-01-15,219,1135,900020354,15.194027777777778
2015-01-15,219,1133,900020354,0.2125
2015-01-15,219,1134,900020354,5.7727777777777787
2015-01-15,219,1133,412477831,14.041666666666666
2015-01-15,219,1134,412477831,1.3081944444444444
2015-01-15,219,1135,900003217,1.7025
2015-01-15,219,1136,900003217,3.4111111111111114
2015-01-15,219,1134,900003217,1.2052777777777777
2015-01-15,219,1140,900023462,3.5751388888888891
2015-01-15,219,1133,412464294,3.2293055555555554
2015-01-15,219,1500,416001447,5.0270833333333336
2015-01-15,219,1140,412461232,1.76125
2015-01-15,219,1135,412462277,1.3475
2015-01-15,219,1134,412462277,0.83305555555555555
2015-01-15,219,1134,412462278,9.1915277777777789
2015-01-15,219,1130,412461255,0.68458333333333332
2015-01-15,219,1129,412461255,0.51652777777777781
2015-01-15,219,1139,412475088,1.2034722222222223
2015-01-15,219,1140,412475088,1.0040277777777775
2015-01-15,219,1134,412477398,0.79208333333333336
2015-01-15,219,1133,412477398,6.2411111111111124
2015-01-15,219,1134,412478684,0.23222222222222222
2015-01-15,219,1133,412478684,4.6608333333333327
2015-01-15,219,1130,412464614,17.595
2015-01-15,219,1134,900018920,4.0052777777777768
2015-01-15,219,1135,900018920,5.5048611111111105
2015-01-15,219,1131,412461294,0.975138888888889
2015-01-15,219,1130,412464623,17.090138888888887
2015-01-15,219,1131,412464623,0.11680555555555555
2015-01-15,219,1134,900003311,2.39625
2015-01-15,219,1135,900003311,1.9429166666666668
2015-01-15,219,1136,900003311,4.4598611111111115
2015-01-15,219,1140,912041981,0.40375
2015-01-15,219,1133,412461309,3.0426388888888889
2015-01-15,219,1130,412464638,8.6002777777777766
2015-01-15,475,-60,228383000,8.9372222222222213
2015-01-15,475,-74,224095830,16.391666666666669
2015-01-15,731,303,231066000,1.5322222222222222
2015-01-15,731,304,231066000,3.0859722222222219
2015-01-15,731,298,259489000,1.5347222222222223
2015-01-15,731,299,259489000,1.5415277777777778
2015-01-15,-293,1534,503552600,2.1251388888888889
2015-01-15,-293,1533,503552600,7.7838888888888889
2015-01-15,-37,1720,416002195,7.0886111111111116
2015-01-15,220,1136,412461577,0.68347222222222226
2015-01-15,220,1136,412461579,0.35055555555555556
2015-01-15,220,1136,412482838,3.2022222222222214
2015-01-15,220,1130,412464668,0.19027777777777777
2015-01-15,220,1130,412464677,0.73208333333333342
2015-01-15,220,1136,900019244,13.310972222222222
2015-01-15,220,1130,412461371,0.60069444444444442
2015-01-15,220,1130,412464702,0.62430555555555556
2015-01-15,220,1136,200000584,1.3822222222222222
2015-01-15,220,1134,412462153,12.986527777777777
2015-01-15,220,1139,9102678,3.77375
2015-01-15,220,1130,412464727,0.21055555555555555
2015-01-15,220,1141,412477026,6.5191666666666652
2015-01-15,220,1136,200005990,5.3070833333333329
2015-01-15,220,1136,200005997,6.2575
2015-01-15,220,1135,200005997,15.182361111111113
2015-01-15,220,1136,412478585,1.118611111111111
2015-01-15,220,1136,900020346,6.221111111111111
2015-01-15,220,1138,412205693,3.6895833333333337
2015-01-15,220,1136,412478591,0.11680555555555555
2015-01-15,220,1136,412461708,2.0030555555555556
2015-01-15,220,1139,412462241,3.8352777777777778
2015-01-15,220,1141,900023462,3.2031944444444447
2015-01-15,220,1142,900023462,2.2029166666666664
2015-01-15,220,1140,412461232,1.8844444444444446
2015-01-15,220,1137,800001725,1.6229166666666668
2015-01-15,220,1134,413901503,1.1705555555555556
2015-01-15,220,1133,413901503,20.098472222222224
2015-01-15,220,1135,412480959,2.2431944444444443
2015-01-15,220,1142,910060741,7.7747222222222216
2015-01-15,220,1140,910060741,1.1116666666666668
2015-01-15,220,1141,910060741,1.0404166666666668
2015-01-15,220,1139,910060741,0.6529166666666667
2015-01-15,220,1135,412462277,0.34958333333333336
2015-01-15,220,1136,412462277,0.65902777777777777
2015-01-15,220,1137,412461526,0.12486111111111112
2015-01-15,220,1136,412461528,1.4444444444444442
2015-01-15,220,1139,900002779,0.22472222222222221
2015-01-15,220,1140,900002779,0.83958333333333335
2015-01-15,220,1134,412478684,0.98541666666666672
2015-01-15,220,1130,412464614,0.83694444444444438
2015-01-15,220,1137,412461547,0.6251388888888888
2015-01-15,220,1136,412461547,0.20875
2015-01-15,220,1130,412461294,7.70125
2015-01-15,220,1131,412461294,0.12
2015-01-15,220,1130,412464623,0.69013888888888886
2015-01-15,220,1138,900017148,5.7940277777777771
2015-01-15,220,1137,900017148,1.8926388888888892
2015-01-15,220,1142,912041981,2.1266666666666665
2015-01-15,220,1130,412464638,0.66680555555555565
2015-01-15,220,1136,412461567,8.3144444444444439
2015-01-15,476,-35,227894000,0.64013888888888881
2015-01-15,732,306,231124000,3.9083333333333337
2015-01-15,732,310,231124000,5.4476388888888891
2015-01-15,732,308,231124000,1.538888888888889
2015-01-15,732,305,231124000,1.5427777777777778
2015-01-15,732,307,231124000,6.244305555555556
2015-01-15,732,311,231124000,1.5279166666666666
2015-01-15,732,309,231124000,1.5279166666666666
2015-01-15,732,279,257225000,1.5291666666666666
2015-01-15,732,308,231751000,7.8112499999999994
2015-01-15,732,311,231751000,2.3068055555555556
2015-01-15,732,310,231751000,1.53875
2015-01-15,732,307,231751000,2.2777777777777777
2015-01-15,732,312,231066000,1.5416666666666665
2015-01-15,732,309,231066000,5.4584722222222224
2015-01-15,732,308,231066000,4.6680555555555552
2015-01-15,732,306,231066000,1.5359722222222223
2015-01-15,732,307,231066000,3.9066666666666667
2015-01-15,732,307,331119000,5.4444444444444446
2015-01-15,732,310,331119000,1.5390277777777777
2015-01-15,732,312,331119000,1.5194444444444444
2015-01-15,732,306,331119000,5.4665277777777774
2015-01-15,732,309,331119000,3.916666666666667
2015-01-15,732,298,259489000,3.933472222222222
2015-01-15,732,299,259489000,3.0654166666666667
2015-01-15,-36,1720,416002195,0.87222222222222223
2015-01-15,-36,1731,441166000,3.1750000000000003
2015-01-15,-36,1732,441166000,1.8168055555555553
2015-01-15,-36,-1636,416230600,9.3163888888888877
2015-01-15,221,1142,910060805,15.878750000000002
2015-01-15,221,1141,910060805,1.3745833333333333
2015-01-15,221,1137,412461577,0.16652777777777777
2015-01-15,221,1136,412461577,9.4651388888888839
2015-01-15,221,1136,412461579,8.193888888888889
2015-01-15,221,1136,412482838,4.7690277777777768
2015-01-15,221,1137,412482838,4.3455555555555554
2015-01-15,221,1139,412461847,4.1630555555555553
2015-01-15,221,1143,900004383,4.9756944444444446
2015-01-15,221,1145,900004383,1.2022222222222223
2015-01-15,221,1144,900004383,1.3759722222222224
2015-01-15,221,1141,412481575,8.4379166666666681
2015-01-15,221,1142,412481575,5.8920833333333347
2015-01-15,221,1137,412461864,3.6229166666666668
2015-01-15,221,1138,110700329,1.8494444444444444
2015-01-15,221,1136,412461612,12.19708333333333
2015-01-15,221,1136,412461613,1.7677777777777777
2015-01-15,221,1137,412461613,3.2126388888888888
2015-01-15,221,1137,200000047,0.11597222222222223
2015-01-15,221,1138,200000047,0.12791666666666668
2015-01-15,221,1138,412462129,6.6820833333333329
2015-01-15,221,1142,9103927,9.4251388888888883
2015-01-15,221,1130,412461371,0.90944444444444439
2015-01-15,221,1136,200000584,0.45861111111111108
2015-01-15,221,1139,900017225,0.87263888888888885
2015-01-15,221,1138,900017225,3.1855555555555557
2015-01-15,221,1139,9102678,22.486944444444443
2015-01-15,221,1144,400481626,6.2929166666666658
2015-01-15,221,1145,400481626,6.0681944444444449
2015-01-15,221,1136,412462192,0.96597222222222212
2015-01-15,221,1136,412478581,8.2219444444444463
2015-01-15,221,1136,412478585,7.0902777777777768
2015-01-15,221,1136,412478591,9.9606944444444441
2015-01-15,221,1137,412461707,1.0759722222222223
2015-01-15,221,1136,412461707,9.6856944444444473
2015-01-15,221,1136,412461708,13.320416666666667
2015-01-15,221,1145,900003983,7.51111111111111
2015-01-15,221,1144,900003983,6.2354166666666657
2015-01-15,221,1136,412461716,10.17333333333333
2015-01-15,221,1139,412480164,1.2102777777777778
2015-01-15,221,1138,412480164,2.3679166666666669
2015-01-15,221,1137,412461735,8.3441666666666663
2015-01-15,221,1137,800001725,4.9637499999999992
2015-01-15,221,1140,412475091,2.5912500000000005
2015-01-15,221,1136,412461526,6.84875
2015-01-15,221,1137,412461526,7.9763888888888879
2015-01-15,221,1136,412461528,10.372083333333329
2015-01-15,221,1141,910060762,3.84875
2015-01-15,221,1142,910060762,10.285416666666665
2015-01-15,221,1139,900002779,0.15013888888888888
2015-01-15,221,1140,900002779,0.34958333333333336
2015-01-15,221,1137,412461797,0.22513888888888889
2015-01-15,221,1138,412461797,4.3869444444444445
2015-01-15,221,1137,412461545,8.57597222222222
2015-01-15,221,1137,412461547,3.8208333333333337
2015-01-15,221,1136,412461547,1.1168055555555556
2015-01-15,221,1130,412461294,0.81041666666666667
2015-01-15,221,1138,900017148,7.4773611111111107
2015-01-15,221,1136,412461567,7.5122222222222224
2015-01-15,477,-460,224430000,6.6415277777777781
2015-01-15,733,279,257225000,4.604166666666667
2015-01-15,733,313,231751000,5.4486111111111111
2015-01-15,733,312,331119000,1.5318055555555556
2015-01-15,733,313,331119000,1.5430555555555556
2015-01-15,-291,1732,204811000,0.15555555555555556
2015-01-15,-291,1734,204811000,2.5306944444444444
2015-01-15,-291,1733,204811000,2.4224999999999994
2015-01-15,-35,1693,416017500,6.3280555555555562
2015-01-15,-35,1720,416002195,4.9970833333333324
2015-01-15,-35,1732,441166000,4.7805555555555559
2015-01-15,-35,1731,441166000,9.1701388888888857
2015-01-15,-35,-1635,416230600,2.2719444444444443
2015-01-15,-35,-1636,416230600,5.7065277777777776
2015-01-15,222,1144,888000008,0.88944444444444437
2015-01-15,222,1146,888000008,2.308472222222222
2015-01-15,222,1145,888000008,2.2468055555555555
2015-01-15,222,1136,412461577,0.3255555555555556
2015-01-15,222,1136,412461579,0.51680555555555552
2015-01-15,222,1147,910040589,1.287638888888889
2015-01-15,222,1148,910040589,6.7376388888888892
2015-01-15,222,1136,200012060,17.362916666666663
2015-01-15,222,1145,900004383,13.491805555555555
2015-01-15,222,1137,412461612,0.50902777777777786
2015-01-15,222,1136,412461612,1.7754166666666669
2015-01-15,222,1136,412461613,0.64166666666666661
2015-01-15,222,1137,412461613,9.14486111111111
2015-01-15,222,1137,200000047,0.80791666666666662
2015-01-15,222,1138,200000047,4.75375
2015-01-15,222,1145,900021049,15.57236111111111
2015-01-15,222,1136,412464447,0.35833333333333334
2015-01-15,222,1147,900021062,5.0683333333333334
2015-01-15,222,1144,900021062,0.45736111111111111
2015-01-15,222,1145,900021062,12.593333333333334
2015-01-15,222,1138,900017225,10.624305555555555
2015-01-15,222,1139,900017225,0.34763888888888894
2015-01-15,222,1145,910060618,11.174861111111111
2015-01-15,222,1137,412462678,2.3527777777777779
2015-01-15,222,1136,412462678,7.8943055555555564
2015-01-15,222,1145,400481626,3.4258333333333333
2015-01-15,222,1138,412692076,1.3544444444444446
2015-01-15,222,1136,412462192,7.5204166666666659
2015-01-15,222,1136,412478581,0.43208333333333337
2015-01-15,222,1136,412478585,0.86472222222222206
2015-01-15,222,1136,412478591,0.22083333333333333
2015-01-15,222,1137,412461706,14.45736111111111
2015-01-15,222,1137,412461707,0.3997222222222222
2015-01-15,222,1136,412461707,1.5851388888888889
2015-01-15,222,1145,900003983,2.3701388888888886
2015-01-15,222,1136,412461716,2.0643055555555558
2015-01-15,222,1139,412480164,2.9269444444444441
2015-01-15,222,1137,412461735,6.378333333333333
2015-01-15,222,1136,412462255,4.7754166666666649
2015-01-15,222,1137,412462255,4.6963888888888894
2015-01-15,222,1136,412462268,3.5605555555555548
2015-01-15,222,1136,412464839,7.5801388888888912
2015-01-15,222,1137,412461526,4.9830555555555547
2015-01-15,222,1136,412461528,1.7791666666666668
2015-01-15,222,1137,412461797,7.9591666666666665
2015-01-15,222,1138,412461797,6.3034722222222213
2015-01-15,222,1137,412461545,12.981111111111113
2015-01-15,222,1137,412461547,8.345833333333335
2015-01-15,222,1136,412478699,7.6426388888888885
2015-01-15,222,1138,412461559,5.2551388888888884
2015-01-15,222,1137,412461559,8.0588888888888874
2015-01-15,222,1136,412461567,0.63722222222222213
2015-01-15,478,-41,227321380,0.12888888888888889
2015-01-15,478,-459,224430000,13.9725
2015-01-15,478,1402,273828600,2.2805555555555554
2015-01-15,478,1401,273828600,13.200972222222223
2015-01-15,734,279,257225000,10.917083333333332
2015-01-15,734,280,257225000,3.9056944444444444
2015-01-15,-290,1733,204811000,3.3127777777777778
2015-01-15,-290,1730,204811000,0.67125
2015-01-15,-290,1731,204811000,0.867638888888889
2015-01-15,-290,1732,204811000,0.71277777777777773
2015-01-15,-34,1690,416017500,11.636805555555556
2015-01-15,-34,-1635,416230600,4.1245833333333337
2015-01-15,-34,1730,441837000,7.5940277777777778
2015-01-15,-34,1731,441837000,3.9759722222222225
2015-01-15,223,1144,888000008,1.0133333333333334
2015-01-15,223,1145,888000008,3.1116666666666664
2015-01-15,223,1146,900018965,10.708333333333334
2015-01-15,223,1138,138550555,0.685
2015-01-15,223,1147,900020515,6.8852777777777776
2015-01-15,223,1146,900020515,0.35083333333333333
2015-01-15,223,1144,412472117,0.77736111111111117
2015-01-15,223,1147,412472117,2.318888888888889
2015-01-15,223,1145,412472117,2.1323611111111114
2015-01-15,223,1136,412461367,1.1730555555555555
2015-01-15,223,1138,412462652,0.94597222222222221
2015-01-15,223,1146,412468309,8.0398611111111116
2015-01-15,223,1137,412462678,2.46
2015-01-15,223,1143,900030045,0.77888888888888885
2015-01-15,223,1137,412692076,0.59944444444444445
2015-01-15,223,1137,412462192,9.29375
2015-01-15,223,1137,412464246,1.4788888888888887
2015-01-15,223,1137,412464514,1.0129166666666667
2015-01-15,223,1136,412464514,1.49125
2015-01-15,223,1145,9103758,1.2440277777777777
2015-01-15,223,1144,813022865,5.6144444444444446
2015-01-15,223,1145,412472224,0.63874999999999993
2015-01-15,223,1146,412472225,3.4327777777777784
2015-01-15,223,1144,412472225,0.22472222222222221
2015-01-15,223,1147,412472225,0.64027777777777783
2015-01-15,223,1145,412472225,1.7756944444444447
2015-01-15,223,1500,416001447,2.1852777777777779
2015-01-15,223,1136,412461483,1.9419444444444447
2015-01-15,223,1136,412462255,0.3156944444444445
2015-01-15,223,1137,412462255,0.33361111111111108
2015-01-15,223,1137,412462259,3.0230555555555556
2015-01-15,223,1136,412462268,0.71569444444444441
2015-01-15,223,1147,412478142,3.9706944444444447
2015-01-15,223,1146,412478142,6.4658333333333324
2015-01-15,223,1147,412478143,11.472777777777777
2015-01-15,223,1136,412462273,0.27125
2015-01-15,223,1146,412475589,11.678472222222222
2015-01-15,223,1141,412201178,2.0501388888888892
2015-01-15,223,1136,412478699,13.184583333333334
2015-01-15,223,1137,412461561,9.5804166666666664
2015-01-15,223,1136,412461561,3.4272222222222224
2015-01-15,223,1146,412475388,6.3877777777777771
2015-01-15,479,-452,204820000,3.7309722222222224
2015-01-15,479,-79,228935000,14.485
2015-01-15,479,-77,228935000,12.5825
2015-01-15,479,1412,273433540,5.7177777777777772
2015-01-15,479,1413,273433540,1.548888888888889
2015-01-15,479,-74,220482000,7.8926388888888894
2015-01-15,479,1403,273828600,0.77916666666666667
2015-01-15,479,1402,273828600,0.58986111111111106
2015-01-15,735,186,273427000,1.5375
2015-01-15,735,185,273427000,1.5395833333333333
2015-01-15,735,189,273427000,1.55
2015-01-15,735,184,273427000,1.5423611111111111
2015-01-15,-289,1734,204811000,4.5851388888888884
2015-01-15,-289,1730,204811000,0.33180555555555558
2015-01-15,-289,1728,204811000,0.57777777777777783
2015-01-15,-289,1729,204811000,0.92083333333333328
2015-01-15,-33,1647,412326799,0.54388888888888887
2015-01-15,-33,1720,416002195,4.8923611111111107
2015-01-15,-33,1732,529729000,7.3391666666666664
2015-01-15,224,1202,416000000,1.9534722222222221
2015-01-15,224,1144,412475392,2.6831944444444442
2015-01-15,224,1145,888000008,0.25166666666666665
2015-01-15,224,1202,416000527,3.1630555555555557
2015-01-15,224,1137,412462611,3.8481944444444447
2015-01-15,224,1146,412471828,2.8831944444444448
2015-01-15,224,1147,412463896,2.6158333333333337
2015-01-15,224,1148,412463896,1.69
2015-01-15,224,1144,800033306,1.2447222222222223
2015-01-15,224,1137,412462621,4.133055555555555
2015-01-15,224,1137,412462626,1.8005555555555559
2015-01-15,224,1146,900020515,1.0644444444444445
2015-01-15,224,1138,413775658,0.30902777777777779
2015-01-15,224,1138,412462644,15.6725
2015-01-15,224,1136,412461367,8.1316666666666659
2015-01-15,224,1137,412461367,5.0988888888888892
2015-01-15,224,1138,800033080,1.6870833333333333
2015-01-15,224,1137,800033080,0.8325
2015-01-15,224,1139,800033080,9.3498611111111121
2015-01-15,224,1138,412462652,13.709999999999999
2015-01-15,224,1137,412462656,4.2330555555555565
2015-01-15,224,1203,416004682,6.9461111111111116
2015-01-15,224,1202,416004682,7.1387500000000008
2015-01-15,224,1144,412474701,7.4059722222222231
2015-01-15,224,1138,412462671,0.24333333333333335
2015-01-15,224,1143,900030045,0.34958333333333336
2015-01-15,224,1139,412462175,11.53375
2015-01-15,224,1138,412462175,2.8283333333333336
2015-01-15,224,1138,412461921,4.5006944444444441
2015-01-15,224,1137,412462692,2.2269444444444444
2015-01-15,224,1203,416458601,11.98625
2015-01-15,224,1203,416458611,6.8406944444444431
2015-01-15,224,1202,416458611,0.36097222222222225
2015-01-15,224,1136,412464246,0.47902777777777783
2015-01-15,224,1137,412464246,2.7629166666666665
2015-01-15,224,1136,412462199,2.423055555555556
2015-01-15,224,1144,412474751,14.033194444444446
2015-01-15,224,1136,412464514,1.8127777777777778
2015-01-15,224,1137,412464259,0.53319444444444442
2015-01-15,224,1137,412462217,0.89263888888888887
2015-01-15,224,1146,900017803,2.8926388888888885
2015-01-15,224,1144,900020363,10.011527777777779
2015-01-15,224,1144,9103758,5.49875
2015-01-15,224,1138,412475024,0.24625000000000002
2015-01-15,224,1136,412464786,5.5026388888888889
2015-01-15,224,1138,800017557,25.983749999999997
2015-01-15,224,1146,412472224,0.72902777777777783
2015-01-15,224,1145,412472224,0.45152777777777775
2015-01-15,224,1145,412472225,0.73486111111111119
2015-01-15,224,1146,412472225,0.89874999999999994
2015-01-15,224,1144,412472225,0.42708333333333337
2015-01-15,224,1144,900029350,15.728750000000002
2015-01-15,224,1145,900029350,3.4573611111111111
2015-01-15,224,1500,416001447,6.8795833333333336
2015-01-15,224,1138,412475049,1.6631944444444444
2015-01-15,224,1139,412475049,0.14041666666666666
2015-01-15,224,1137,412461483,2.3580555555555551
2015-01-15,224,1136,412461483,10.109027777777778
2015-01-15,224,1137,412462259,4.3752777777777769
2015-01-15,224,1146,412478142,0.92388888888888887
2015-01-15,224,1202,416001215,5.5219444444444443
2015-01-15,224,1146,412478143,1.0388888888888888
2015-01-15,224,1147,412478143,2.1441666666666666
2015-01-15,224,1202,416001216,4.8419444444444455
2015-01-15,224,1144,800040643,1.7290277777777778
2015-01-15,224,1137,412464331,2.1209722222222225
2015-01-15,224,1138,412462049,1.6752777777777776
2015-01-15,224,1202,800034280,5.7190277777777787
2015-01-15,224,1202,416041457,5.9224999999999985
2015-01-15,224,1137,412462066,1.3365277777777778
2015-01-15,224,1137,412461561,2.4729166666666664
2015-01-15,224,1147,412475387,7.9561111111111114
2015-01-15,224,1146,412475387,1.408611111111111
2015-01-15,224,1136,412463100,4.4026388888888892
2015-01-15,224,1137,412463100,3.0968055555555556
2015-01-15,224,1146,412475388,0.31569444444444444
2015-01-15,480,-457,276544000,4.5375
2015-01-15,480,-84,232006840,3.8059722222222221
2015-01-15,480,-85,232006840,11.863333333333333
2015-01-15,480,1413,273433540,3.7001388888888886
2015-01-15,480,-457,263531000,9.41638888888889
2015-01-15,480,1403,273828600,5.0384722222222225
2015-01-15,736,182,273427000,3.9347222222222222
2015-01-15,736,183,273427000,1.5347222222222223
2015-01-15,736,185,273427000,1.5305555555555554
2015-01-15,736,186,273427000,3.8733333333333335
2015-01-15,736,184,273427000,3.9222222222222225
2015-01-15,736,195,273517900,8.5576388888888886
2015-01-15,736,195,273211900,3.916666666666667
2015-01-15,736,198,273211900,1.5416666666666667
2015-01-15,736,197,273211900,1.5416666666666667
2015-01-15,736,199,273211900,4.6694444444444443
2015-01-15,-288,1728,204811000,3.4402777777777782
2015-01-15,225,1202,416000000,1.6011111111111109
2015-01-15,225,1146,412471828,2.1351388888888891
2015-01-15,225,1148,412463896,0.60180555555555548
2015-01-15,225,1147,412463896,11.705972222222224
2015-01-15,225,1144,800033306,0.71625
2015-01-15,225,1202,416306463,0.10333333333333333
2015-01-15,225,1137,412462122,0.12472222222222222
2015-01-15,225,1146,412472106,0.73361111111111121
2015-01-15,225,1146,412472107,0.34402777777777777
2015-01-15,225,1202,900019758,1.3033333333333332
2015-01-15,225,1137,412462639,4.82125
2015-01-15,225,1202,900019762,1.6001388888888888
2015-01-15,225,1201,900019762,0.22486111111111112
2015-01-15,225,1137,413900854,2.3931944444444442
2015-01-15,225,1137,412461367,1.3656944444444443
2015-01-15,225,1138,800033080,1.8131944444444443
2015-01-15,225,1202,416004682,7.4491666666666658
2015-01-15,225,1144,412474701,0.21708333333333335
2015-01-15,225,1136,412462427,10.645138888888887
2015-01-15,225,1143,900030045,1.54125
2015-01-15,225,1137,412462692,0.6694444444444444
2015-01-15,225,1146,412474726,1.0119444444444445
2015-01-15,225,1145,412474726,1.3338888888888891
2015-01-15,225,1144,800005489,1.2480555555555555
2015-01-15,225,1143,800005489,2.2009722222222221
2015-01-15,225,1136,412462199,1.1038888888888889
2015-01-15,225,1137,412462462,1.545
2015-01-15,225,1144,412474751,1.5745833333333332
2015-01-15,225,1137,412462217,2.509722222222222
2015-01-15,225,1146,900017803,2.4941666666666666
2015-01-15,225,1144,9103758,0.28291666666666665
2015-01-15,225,1202,416004754,4.9756944444444455
2015-01-15,225,1201,900019862,0.22569444444444445
2015-01-15,225,1202,900019862,0.73236111111111113
2015-01-15,225,1137,412468888,1.5709722222222222
2015-01-15,225,1143,412463772,1.5788888888888888
2015-01-15,225,1143,412463781,2.1020833333333333
2015-01-15,225,1144,412463781,1.8802777777777777
2015-01-15,225,1137,412475049,1.7197222222222222
2015-01-15,225,1137,412461483,1.6988888888888889
2015-01-15,225,1137,412462519,4.3545833333333333
2015-01-15,225,1147,412472247,6.0270833333333327
2015-01-15,225,1146,412472247,4.9727777777777789
2015-01-15,225,1202,416001215,3.2122222222222221
2015-01-15,225,1202,416001216,3.3102777777777779
2015-01-15,225,1144,800040643,2.3108333333333335
2015-01-15,225,1143,800040643,1.679861111111111
2015-01-15,225,1137,412462534,4.1806944444444447
2015-01-15,225,1137,412464331,0.28763888888888889
2015-01-15,225,1201,900019918,0.91861111111111127
2015-01-15,225,1202,900019918,0.5525
2015-01-15,225,1202,800034280,2.9112500000000003
2015-01-15,225,1202,416059627,1.3337499999999998
2015-01-15,225,1137,412462062,4.1372222222222224
2015-01-15,225,1202,416041457,2.8733333333333335
2015-01-15,225,1138,412462325,1.9445833333333333
2015-01-15,225,1137,412462073,4.3462499999999995
2015-01-15,225,1202,416004607,2.6097222222222221
2015-01-15,481,-456,276544000,1.3904166666666669
2015-01-15,481,-455,204820000,5.0226388888888893
2015-01-15,481,-453,204820000,3.1818055555555551
2015-01-15,481,-471,224819000,5.6070833333333336
2015-01-15,481,-478,224819000,6.8206944444444444
2015-01-15,481,-88,224175960,0.72930555555555554
2015-01-15,481,-469,224908220,2.0997222222222223
2015-01-15,481,-474,224908220,4.0348611111111108
2015-01-15,481,-471,224908220,1.919027777777778
2015-01-15,481,-472,224908220,0.94347222222222227
2015-01-15,481,-467,224908220,3.2081944444444446
2015-01-15,481,-473,224908220,1.3166666666666664
2015-01-15,481,-470,224908220,5.4572222222222218
2015-01-15,481,1414,273433540,6.0813888888888892
2015-01-15,481,-83,224000220,13.056111111111111
2015-01-15,481,-82,224000220,7.68625
2015-01-15,481,-456,263531000,4.4195833333333336
2015-01-15,481,-457,263531000,0.91222222222222227
2015-01-15,737,199,273514800,6.1597222222222223
2015-01-15,737,194,273517900,3.0844444444444443
2015-01-15,737,192,273517900,1.5305555555555554
2015-01-15,737,193,273517900,7.8234722222222217
2015-01-15,737,201,273891300,6.9797222222222217
2015-01-15,737,195,273211900,3.1222222222222222
2015-01-15,737,194,273211900,1.5333333333333332
2015-01-15,737,196,273211900,3.9222222222222221
2015-01-15,-287,386,224096840,1.4813888888888889
2015-01-15,-287,1735,204811000,2.0481944444444444
2015-01-15,-31,1562,412439605,2.674722222222222
2015-01-15,-31,1562,548487100,6.8601388888888888
2015-01-15,226,1146,412472106,20.956944444444446
2015-01-15,226,1146,412472107,13.554583333333332
2015-01-15,226,1201,900019758,0.6430555555555556
2015-01-15,226,1201,900019762,11.651527777777774
2015-01-15,226,1201,200001105,10.666527777777778
2015-01-15,226,1136,412462427,0.45402777777777775
2015-01-15,226,1137,412462685,4.32361111111111
2015-01-15,226,1137,412462462,3.5056944444444444
2015-01-15,226,1201,900019853,0.47958333333333336
2015-01-15,226,1136,412461709,2.1429166666666664
2015-01-15,226,1201,900019862,2.3166666666666669
2015-01-15,226,1146,412472247,0.91305555555555562
2015-01-15,226,1136,412462534,0.32416666666666666
2015-01-15,226,1201,416004806,1.4583333333333333
2015-01-15,226,1137,412462279,14.963333333333335
2015-01-15,226,1137,412461768,3.7925
2015-01-15,226,1136,412461772,9.338055555555556
2015-01-15,226,1201,900019918,2.3986111111111108
2015-01-15,226,1137,412462296,16.62486111111112
2015-01-15,226,1137,412461788,2.1323611111111114
2015-01-15,226,1145,412463842,10.376666666666665
2015-01-15,226,1201,416059627,2.1345833333333335
2015-01-15,482,-454,276544000,8.5472222222222225
2015-01-15,482,-455,276544000,7.1456944444444446
2015-01-15,482,-454,204820000,1.8675
2015-01-15,482,-455,204820000,1.3151388888888889
2015-01-15,482,-60,227827000,17.2
2015-01-15,482,-469,224819000,2.5918055555555557
2015-01-15,482,-470,224819000,5.3429166666666665
2015-01-15,482,-82,224000220,2.4219444444444447
2015-01-15,482,-90,232007390,4.7001388888888886
2015-01-15,482,-91,232007390,2.6176388888888891
2015-01-15,482,-455,263531000,4.4066666666666663
2015-01-15,482,-454,263531000,3.0112499999999995
2015-01-15,738,199,273514800,4.6854166666666668
2015-01-15,738,196,273514800,2.3206944444444444
2015-01-15,738,197,273514800,8.5975
2015-01-15,738,200,273891300,6.9813888888888886
2015-01-15,738,199,273891300,5.4869444444444442
2015-01-15,738,193,273211900,1.538888888888889
2015-01-15,-286,387,224096840,1.5099999999999998
2015-01-15,-286,390,224096840,2.0276388888888892
2015-01-15,-286,386,224096840,2.0933333333333328
2015-01-15,-286,389,224096840,1.1819444444444445
2015-01-15,-286,388,224096840,1.8676388888888891
2015-01-15,227,1201,900019757,1.283611111111111
2015-01-15,227,1201,900019759,11.278194444444445
2015-01-15,227,1135,413901629,0.19055555555555556
2015-01-15,227,1201,416001091,1.445
2015-01-15,227,1201,200001105,1.8945833333333333
2015-01-15,227,1136,412461671,12.064583333333333
2015-01-15,227,1146,412463754,4.7086111111111109
2015-01-15,227,1200,900019853,1.6101388888888888
2015-01-15,227,1201,900019853,1.034027777777778
2015-01-15,227,1201,900019855,1.1809722222222223
2015-01-15,227,1200,900019855,0.20430555555555557
2015-01-15,227,1201,900019862,0.4588888888888889
2015-01-15,227,1200,900004255,1.3298611111111112
2015-01-15,227,1201,900019918,0.20375
2015-01-15,227,1145,412463842,5.4620833333333332
2015-01-15,227,1201,416059627,0.35041666666666665
2015-01-15,483,-45,227303430,1.9130555555555555
2015-01-15,483,-44,227303430,3.1962500000000005
2015-01-15,483,-59,227827000,3.7974999999999994
2015-01-15,483,-45,227641920,1.5202777777777778
2015-01-15,483,-44,227641920,2.0766666666666667
2015-01-15,483,-44,227654220,2.45375
2015-01-15,483,-43,227654220,1.9606944444444445
2015-01-15,483,-44,227631450,2.6429166666666664
2015-01-15,483,-95,224016230,6.9540277777777781
2015-01-15,483,-96,224016230,2.0481944444444444
2015-01-15,483,-45,227639660,0.9575
2015-01-15,483,-44,227640190,1.952638888888889
2015-01-15,483,-44,227315110,4.1880555555555565
2015-01-15,483,-45,227315110,0.32694444444444448
2015-01-15,483,-44,227641010,2.4523611111111108
2015-01-15,483,-91,232007390,12.776666666666666
2015-01-15,483,-45,227571190,3.6845833333333333
2015-01-15,739,211,257599500,1.536111111111111
2015-01-15,739,213,257599500,3.9280555555555554
2015-01-15,739,198,273891300,1.5361111111111112
2015-01-15,-541,-645,701000629,2.5986111111111114
2015-01-15,-285,390,224096840,2.2056944444444442
2015-01-15,-285,388,255501000,2.1334722222222227
2015-01-15,-29,545,416103900,0.67472222222222222
2015-01-15,228,1200,200004101,12.053055555555558
2015-01-15,228,1200,900019757,1.78
2015-01-15,228,1200,900019759,1.2504166666666665
2015-01-15,228,1201,900019759,0.25
2015-01-15,228,1200,416001091,2.1840277777777777
2015-01-15,228,1200,200001105,1.20875
2015-01-15,228,1201,200001105,0.22513888888888889
2015-01-15,228,1135,412461666,14.910694444444445
2015-01-15,228,1200,900019853,0.80833333333333335
2015-01-15,228,1200,900019855,1.1791666666666667
2015-01-15,228,1200,900004255,10.297638888888887
2015-01-15,228,1200,200003772,12.160833333333333
2015-01-15,484,-95,224016230,8.7483333333333331
2015-01-15,484,-96,224016230,1.0393055555555555
2015-01-15,484,-99,224793000,3.9288888888888889
2015-01-15,484,-96,224268000,7.0863888888888891
2015-01-15,740,208,257599500,1.5484722222222222
2015-01-15,740,209,257599500,5.4569444444444439
2015-01-15,740,211,257599500,5.4416666666666664
2015-01-15,740,207,257599500,1.5433333333333334
2015-01-15,740,210,257599500,1.5915277777777779
2015-01-15,-540,-646,701000629,2.7652777777777779
2015-01-15,-540,-645,701000629,0.35833333333333334
2015-01-15,-284,389,224096840,3.1065277777777776
2015-01-15,-284,-1264,224154000,2.8858333333333333
2015-01-15,-284,382,224132000,4.6720833333333331
2015-01-15,-284,389,255501000,3.1420833333333329
2015-01-15,-284,383,255501000,0.78138888888888891
2015-01-15,-284,386,255501000,2.0631944444444446
2015-01-15,-28,1776,440820000,0.95958333333333323
2015-01-15,229,1200,200004101,0.45777777777777778
2015-01-15,229,-173,224106000,4.1097222222222225
2015-01-15,229,1200,900019759,0.42513888888888896
2015-01-15,229,1199,416458553,9.1465277777777771
2015-01-15,229,1199,900019857,12.128888888888884
2015-01-15,229,1200,900019857,0.20763888888888887
2015-01-15,229,1201,416000459,0.86097222222222236
2015-01-15,229,1200,416000459,0.88277777777777788
2015-01-15,229,1201,416001241,0.12097222222222223
2015-01-15,229,1200,416001241,2.6505555555555551
2015-01-15,229,1200,416700659,2.2748611111111106
2015-01-15,229,1200,416001528,5.3556944444444445
2015-01-15,485,1408,273893400,1.5593055555555555
2015-01-15,485,1407,273893400,4.1959722222222222
2015-01-15,485,-96,225362000,5.2511111111111113
2015-01-15,485,-97,224793000,5.0502777777777785
2015-01-15,485,-95,224793000,4.846111111111111
2015-01-15,485,-96,224793000,9.4090277777777782
2015-01-15,485,-100,232006590,9.1751388888888883
2015-01-15,485,-97,224268000,7.0943055555555556
2015-01-15,485,-96,224268000,3.7462500000000003
2015-01-15,485,-95,224268000,2.4611111111111112
2015-01-15,-539,-414,740372000,4.6072222222222239
2015-01-15,-539,-408,740372000,4.4626388888888888
2015-01-15,-539,-412,740372000,2.0845833333333332
2015-01-15,-539,-645,701000629,1.5430555555555556
2015-01-15,-539,-646,701000629,0.7418055555555555
2015-01-15,-283,380,224132000,2.0668055555555558
2015-01-15,-283,384,255501000,1.0156944444444445
2015-01-15,-283,385,255501000,1.8083333333333336
2015-01-15,-283,383,255501000,1.914305555555555
2015-01-15,-283,382,255501000,1.8730555555555555
2015-01-15,-283,381,255501000,0.76263888888888887
2015-01-15,-27,1776,440820000,0.4819444444444444
2015-01-15,-27,1775,440820000,1.1344444444444444
2015-01-15,-27,-1477,412695650,5.6525
2015-01-15,-27,-817,735057587,2.09875
2015-01-15,-27,-170,312867000,2.1002777777777779
2015-01-15,-27,1631,416221900,2.1022222222222222
2015-01-15,-27,1630,416221900,4.5276388888888892
2015-01-15,-27,-1648,529783000,2.2947222222222226
2015-01-15,-27,545,416103900,5.5008333333333335
2015-01-15,230,1166,412468992,11.118749999999999
2015-01-15,230,1169,412446981,0.72666666666666668
2015-01-15,230,1168,412446981,6.9497222222222224
2015-01-15,230,-172,224106000,5.7416666666666671
2015-01-15,230,-173,224106000,0.74361111111111111
2015-01-15,230,1167,412468797,0.7384722222222222
2015-01-15,230,1168,412460616,0.31138888888888888
2015-01-15,230,1168,412469363,2.2991666666666664
2015-01-15,230,1169,412446641,0.80944444444444441
2015-01-15,230,1170,412446641,22.570277777777783
2015-01-15,230,1168,412460235,3.0363888888888892
2015-01-15,230,1200,416000459,2.8548611111111115
2015-01-15,230,1200,416001241,2.3147222222222226
2015-01-15,486,1410,273893400,1.8163888888888888
2015-01-15,486,1409,273893400,2.2443055555555556
2015-01-15,486,1408,273893400,0.78652777777777783
2015-01-15,486,1414,273347910,0.41680555555555554
2015-01-15,486,-101,232006590,7.1806944444444447
2015-01-15,486,-104,224610000,6.221111111111111
2015-01-15,486,-102,224610000,8.4393055555555563
2015-01-15,-538,-414,740372000,2.4956944444444447
2015-01-15,-538,-411,740372000,1.4944444444444445
2015-01-15,-538,-410,740372000,0.87791666666666668
2015-01-15,-538,-413,740372000,0.22638888888888889
2015-01-15,-538,-409,740372000,1.5844444444444443
2015-01-15,-538,-745,725002460,1.028888888888889
2015-01-15,-282,-1265,224154000,3.7594444444444441
2015-01-15,-282,380,224132000,0.99736111111111114
2015-01-15,-282,381,255501000,0.30930555555555556
2015-01-15,-26,1775,440820000,1.5319444444444441
2015-01-15,-26,-1649,529469000,12.423888888888889
2015-01-15,-26,-1648,529469000,12.428055555555556
2015-01-15,-26,-1477,412695650,2.7333333333333334
2015-01-15,-26,-170,312867000,4.5252777777777773
2015-01-15,-26,1632,416221900,0.94527777777777788
2015-01-15,-26,1631,416221900,6.2393055555555552
2015-01-15,-26,-1649,529783000,0.55263888888888879
2015-01-15,-26,-1648,529783000,6.4173611111111111
2015-01-15,-26,-1647,529783000,2.2148611111111114
2015-01-15,231,1169,412446981,3.1355555555555554
2015-01-15,231,-172,224106000,3.0556944444444443
2015-01-15,231,1169,412460817,2.1077777777777778
2015-01-15,231,1168,412460818,2.4695833333333335
2015-01-15,231,1169,412460818,5.1563888888888885
2015-01-15,231,1169,412460566,10.968611111111112
2015-01-15,231,1170,412460566,1.0222222222222221
2015-01-15,231,1174,412445979,5.3005555555555555
2015-01-15,231,1170,913136924,5.0952777777777776
2015-01-15,231,1171,913136924,4.9591666666666665
2015-01-15,231,1170,412469279,5.2004166666666665
2015-01-15,231,1169,412469279,4.4763888888888888
2015-01-15,231,1169,412460833,6.5244444444444447
2015-01-15,231,1167,412447532,1.2608333333333333
2015-01-15,231,1169,412460593,0.79986111111111113
2015-01-15,231,1169,412447289,9.400555555555556
2015-01-15,231,1166,412468797,4.1243055555555559
2015-01-15,231,1169,412460611,4.35125
2015-01-15,231,1168,412460616,3.7113888888888886
2015-01-15,231,1169,412460616,4.8948611111111111
2015-01-15,231,1169,412460617,5.4806944444444436
2015-01-15,231,1168,412460617,1.8502777777777777
2015-01-15,231,1170,412460878,2.9281944444444443
2015-01-15,231,1169,512345678,0.87527777777777771
2015-01-15,231,1169,412460889,0.3001388888888889
2015-01-15,231,1167,412470115,0.185
2015-01-15,231,1171,412446565,1.35
2015-01-15,231,1170,412446825,0.22166666666666668
2015-01-15,231,1171,412446825,0.26333333333333331
2015-01-15,231,1168,412469363,0.96000000000000008
2015-01-15,231,1167,412469363,25.829166666666673
2015-01-15,231,1167,814021500,11.435555555555554
2015-01-15,231,1168,813021824,0.28305555555555556
2015-01-15,231,1167,813021824,1.2909722222222222
2015-01-15,231,1169,412460674,2.3794444444444447
2015-01-15,231,1170,412446855,3.86138888888889
2015-01-15,231,1174,412446855,6.3436111111111106
2015-01-15,231,1173,412446855,1.1259722222222224
2015-01-15,231,1172,412446855,1.2569444444444446
2015-01-15,231,1171,412446855,1.6358333333333333
2015-01-15,231,1167,814021004,12.761944444444445
2015-01-15,231,1169,412460687,4.0140277777777778
2015-01-15,231,1170,412460687,0.74916666666666665
2015-01-15,231,1169,412460689,0.47791666666666666
2015-01-15,231,1682,432399000,0.52986111111111112
2015-01-15,231,1170,412469403,1.835277777777778
2015-01-15,231,1169,412460195,2.5822222222222222
2015-01-15,231,1169,412460712,0.91944444444444451
2015-01-15,231,1169,412460212,5.2941666666666665
2015-01-15,231,1170,412460212,0.23041666666666666
2015-01-15,231,1168,412460212,1.3236111111111111
2015-01-15,231,1168,412470196,3.6393055555555556
2015-01-15,231,1169,412460217,0.76708333333333334
2015-01-15,231,1169,412460218,3.6461111111111113
2015-01-15,231,1169,412460733,6.5680555555555555
2015-01-15,231,1168,412460735,1.0072222222222222
2015-01-15,231,1169,412460735,5.556805555555556
2015-01-15,231,1168,412460736,1.0894444444444444
2015-01-15,231,1169,412460736,0.76555555555555554
2015-01-15,231,1166,813022919,13.674305555555556
2015-01-15,231,1169,412460233,0.868611111111111
2015-01-15,231,1170,412460747,0.6086111111111111
2015-01-15,231,1169,412460747,4.1199999999999992
2015-01-15,231,1168,412460747,2.3891666666666667
2015-01-15,231,1169,412445133,1.1004166666666668
2015-01-15,231,1171,412445133,0.31722222222222224
2015-01-15,231,1170,412445133,1.2913888888888889
2015-01-15,231,1169,412460749,6.3958333333333348
2015-01-15,231,1168,412460749,1.9222222222222221
2015-01-15,231,1169,412460245,2.3688888888888888
2015-01-15,231,1169,412460759,3.5223611111111115
2015-01-15,231,1168,412460762,1.8231944444444443
2015-01-15,231,1169,412460762,7.1208333333333327
2015-01-15,231,1169,412460765,4.7394444444444446
2015-01-15,231,1168,412460765,3.5526388888888891
2015-01-15,231,1169,900017119,2.3606944444444444
2015-01-15,231,1168,412460255,10.591805555555556
2015-01-15,231,1169,412460255,2.7756944444444445
2015-01-15,231,1169,412460768,6.0031944444444445
2015-01-15,231,1169,412460769,2.8869444444444445
2015-01-15,231,1169,412469986,2.6781944444444443
2015-01-15,231,1172,412446179,3.0630555555555552
2015-01-15,231,1171,412446179,2.1220833333333333
2015-01-15,231,1168,812460774,3.548055555555556
2015-01-15,231,1169,812460774,5.02111111111111
2015-01-15,231,1169,412469222,14.845
2015-01-15,231,1169,412469224,12.231666666666666
2015-01-15,231,1169,412460265,2.3841666666666668
2015-01-15,231,1168,412460265,2.0534722222222221
2015-01-15,231,1171,412446444,0.76541666666666663
2015-01-15,231,1169,412460788,1.0363888888888888
2015-01-15,231,1169,412469238,5.56361111111111
2015-01-15,231,1168,412460794,11.037638888888887
2015-01-15,231,1169,412460794,1.28625
2015-01-15,487,1411,273893400,0.45013888888888887
2015-01-15,487,1410,273893400,2.4625
2015-01-15,487,-105,224103970,9.4977777777777774
2015-01-15,487,-104,224103970,11.295972222222222
2015-01-15,487,1414,273347910,8.0908333333333324
2015-01-15,487,-102,232006590,14.30263888888889
2015-01-15,487,-103,224610000,4.189861111111111
2015-01-15,487,-102,224610000,4.0870833333333332
2015-01-15,-537,-409,740372000,0.98625000000000007
2015-01-15,-537,-411,740372000,0.79708333333333337
2015-01-15,-537,-410,740372000,1.3958333333333335
2015-01-15,-537,-746,725002460,13.907083333333334
2015-01-15,-281,391,224096840,2.4659722222222222
2015-01-15,-281,392,224096840,3.14875
2015-01-15,-281,-1265,224154000,0.12180555555555556
2015-01-15,-281,-1266,224154000,1.02875
2015-01-15,-281,382,224132000,1.5273611111111112
2015-01-15,-281,384,224132000,1.7779166666666668
2015-01-15,-281,381,224132000,1.0218055555555556
2015-01-15,-281,383,224132000,1.6676388888888893
2015-01-15,-281,380,224132000,0.78708333333333336
2015-01-15,-281,370,204235000,1.7133333333333334
2015-01-15,-281,369,204235000,1.0141666666666667
2015-01-15,-25,1775,440820000,4.5656944444444445
2015-01-15,-25,1631,416221900,4.7613888888888889
2015-01-15,232,1171,412469257,0.52972222222222221
2015-01-15,232,-172,224106000,1.8708333333333331
2015-01-15,232,1170,412460817,1.4080555555555554
2015-01-15,232,1169,412460817,6.4690277777777787
2015-01-15,232,1169,412460818,0.92624999999999991
2015-01-15,232,1170,412460308,2.1763888888888889
2015-01-15,232,1170,412460566,0.24486111111111108
2015-01-15,232,1169,412460566,0.92527777777777775
2015-01-15,232,1174,412445979,4.4394444444444447
2015-01-15,232,1170,913136924,0.22013888888888888
2015-01-15,232,1169,412460829,4.8913888888888879
2015-01-15,232,1170,412460829,2.5390277777777777
2015-01-15,232,1168,412451103,5.2273611111111107
2015-01-15,232,1169,412469279,3.6138888888888889
2015-01-15,232,1167,412460583,7.1025
2015-01-15,232,1171,875401258,1.1213888888888888
2015-01-15,232,1169,412460586,12.252500000000001
2015-01-15,232,1170,412460843,3.8690277777777777
2015-01-15,232,1169,412460588,7.4309722222222216
2015-01-15,232,1168,412460588,1.3018055555555557
2015-01-15,232,1170,412460846,1.8134722222222222
2015-01-15,232,1169,412460846,4.5341666666666667
2015-01-15,232,1169,412460593,7.8254166666666647
2015-01-15,232,1169,412470586,5
2015-01-15,232,1170,412460608,0.63513888888888892
2015-01-15,232,1169,412460608,8.2111111111111121
2015-01-15,232,1169,412460611,3.8591666666666669
2015-01-15,232,1170,412460611,1.2525000000000002
2015-01-15,232,1169,412460616,0.24652777777777776
2015-01-15,232,1169,412460617,1.0394444444444444
2015-01-15,232,1171,412469322,6.8370833333333341
2015-01-15,232,1170,412469322,10.098611111111111
2015-01-15,232,1170,412460878,0.6068055555555556
2015-01-15,232,1169,512345678,5.6934722222222236
2015-01-15,232,1170,512345678,1.5495833333333335
2015-01-15,232,1170,412460889,2.995138888888889
2015-01-15,232,1169,412460889,3.8731944444444442
2015-01-15,232,1171,412469337,3.7530555555555556
2015-01-15,232,1167,412470113,0.23569444444444446
2015-01-15,232,1168,412470113,4.5659722222222214
2015-01-15,232,1167,412470115,10.893194444444445
2015-01-15,232,1170,412446565,2.0495833333333335
2015-01-15,232,1171,412446565,10.726111111111113
2015-01-15,232,1169,412470118,7.8280555555555553
2015-01-15,232,1168,412470375,0.2951388888888889
2015-01-15,232,1170,412446825,8.6516666666666691
2015-01-15,232,1171,412446825,12.981805555555557
2015-01-15,232,1168,800034172,2.5581944444444447
2015-01-15,232,1169,412460671,8.2908333333333317
2015-01-15,232,1167,813021824,11.369166666666667
2015-01-15,232,1169,412460674,4.8604166666666666
2015-01-15,232,1170,412460674,0.85736111111111113
2015-01-15,232,1171,412469125,6.6556944444444452
2015-01-15,232,1170,412469125,6.5150000000000006
2015-01-15,232,1170,412446855,1.6716666666666666
2015-01-15,232,1171,412446855,1.8534722222222222
2015-01-15,232,1169,412460681,4.826944444444444
2015-01-15,232,1170,412460681,2.993611111111111
2015-01-15,232,1168,412470154,4.9079166666666669
2015-01-15,232,1169,412460683,5.5820833333333333
2015-01-15,232,1169,412460687,3.3130555555555561
2015-01-15,232,1170,412460687,0.2434722222222222
2015-01-15,232,1170,412460688,0.23305555555555557
2015-01-15,232,1169,412460688,3.7937499999999997
2015-01-15,232,1170,412460689,1.3670833333333334
2015-01-15,232,1169,412460689,7.5024999999999995
2015-01-15,232,1169,412460692,6.17875
2015-01-15,232,1170,412460692,0.59402777777777782
2015-01-15,232,1173,875431061,0.34027777777777779
2015-01-15,232,1169,412460696,6.8805555555555564
2015-01-15,232,1171,875420056,1.2766666666666668
2015-01-15,232,1170,875420056,0.51847222222222222
2015-01-15,232,1171,412469146,1.4843055555555555
2015-01-15,232,1170,412469403,12.743611111111115
2015-01-15,232,1169,412469403,5.607499999999999
2015-01-15,232,1169,412460191,5.2301388888888889
2015-01-15,232,1168,130700705,2.3423611111111113
2015-01-15,232,1169,412460195,4.8423611111111118
2015-01-15,232,1170,412460195,0.30902777777777779
2015-01-15,232,1170,412460709,7.5630555555555556
2015-01-15,232,1169,412460709,0.5344444444444445
2015-01-15,232,1168,812041639,12.871944444444443
2015-01-15,232,1169,412460712,6.3522222222222222
2015-01-15,232,1169,412460201,8.5668055555555576
2015-01-15,232,1169,412460203,5.7027777777777775
2015-01-15,232,1170,412460203,1.2586111111111111
2015-01-15,232,1168,412470443,6.3272222222222236
2015-01-15,232,1169,412470443,7.5722222222222229
2015-01-15,232,1172,412469421,3.2430555555555554
2015-01-15,232,1169,412460212,1.3345833333333335
2015-01-15,232,1168,100704186,12.542777777777777
2015-01-15,232,1169,412460218,2.7777777777777777
2015-01-15,232,1168,412470202,0.8587499999999999
2015-01-15,232,1168,100705211,1.22625
2015-01-15,232,1171,412469436,11.536944444444448
2015-01-15,232,1170,412469436,7.06375
2015-01-15,232,1169,412460733,2.09375
2015-01-15,232,1170,900022718,5.26513888888889
2015-01-15,232,1169,900022718,1.5762500000000002
2015-01-15,232,1169,412460735,5.4766666666666666
2015-01-15,232,1169,412460736,1.48375
2015-01-15,232,1167,412460741,12.159583333333334
2015-01-15,232,1725,416217800,3.2088888888888887
2015-01-15,232,1170,412460233,0.63250000000000006
2015-01-15,232,1169,412460233,7.89375
2015-01-15,232,1169,412460747,1.6427777777777779
2015-01-15,232,1169,412460749,0.97041666666666671
2015-01-15,232,1168,412470221,4.0591666666666661
2015-01-15,232,1172,412446671,8.2268055555555542
2015-01-15,232,1169,200006607,13.199583333333333
2015-01-15,232,1169,412460245,7.2091666666666674
2015-01-15,232,1170,412469462,5.278888888888889
2015-01-15,232,1171,412469462,3.1116666666666668
2015-01-15,232,1169,412460247,4.1268055555555554
2015-01-15,232,1167,412460759,7.2852777777777771
2015-01-15,232,1168,412460759,0.78847222222222213
2015-01-15,232,1169,412460759,4.12125
2015-01-15,232,1170,412460759,0.28402777777777777
2015-01-15,232,1169,412460252,8.3775
2015-01-15,232,1169,412460765,1.7773611111111109
2015-01-15,232,1169,900017119,5.434166666666667
2015-01-15,232,1167,412460768,8.3208333333333329
2015-01-15,232,1169,412460769,6.7066666666666679
2015-01-15,232,1175,412446178,5.76
2015-01-15,232,1168,412469986,11.505277777777776
2015-01-15,232,1169,412469986,2.907083333333333
2015-01-15,232,1172,412446179,1.6551388888888889
2015-01-15,232,1173,412446179,1.3904166666666666
2015-01-15,232,1171,412469475,15.766111111111114
2015-01-15,232,1170,412469475,3.8220833333333331
2015-01-15,232,1169,412469222,5.3056944444444447
2015-01-15,232,1169,412460775,6.4733333333333327
2015-01-15,232,1170,412460775,0.99263888888888885
2015-01-15,232,1169,412469991,11.320277777777779
2015-01-15,232,1168,412469991,7.1930555555555555
2015-01-15,232,1169,412469224,6.501666666666666
2015-01-15,232,1174,412469993,0.49305555555555552
2015-01-15,232,1173,412469993,5.4715277777777764
2015-01-15,232,1171,412469227,9.6874999999999982
2015-01-15,232,1170,412469227,8.9372222222222231
2015-01-15,232,1171,412446444,1.1715277777777777
2015-01-15,232,1168,800036590,2.8552777777777782
2015-01-15,232,1170,412469232,15.064444444444444
2015-01-15,232,1171,412469232,6.0831944444444446
2015-01-15,232,1170,412469233,3.4318055555555556
2015-01-15,232,1171,412469233,6.0761111111111115
2015-01-15,232,1169,412460274,5.5445833333333345
2015-01-15,232,1170,412460274,1.9369444444444444
2015-01-15,232,1169,412460788,7.6047222222222226
2015-01-15,232,1170,412469238,14.06111111111111
2015-01-15,232,1169,412469238,0.27236111111111111
2015-01-15,232,1169,412460797,3.0001388888888889
2015-01-15,232,1170,412460797,1.5919444444444446
2015-01-15,488,1411,273893400,3.4541666666666662
2015-01-15,488,-41,227358000,0.4136111111111111
2015-01-15,488,1414,273347910,7.4251388888888892
2015-01-15,488,1415,273347910,2.3304166666666664
2015-01-15,488,-18,228106600,2.4015277777777775
2015-01-15,488,-17,228106600,0.49291666666666667
2015-01-15,488,-24,227315580,4.4799999999999995
2015-01-15,488,-23,227315580,1.7080555555555557
2015-01-15,488,-79,227831000,6.2184722222222222
2015-01-15,488,-20,227319780,4.4330555555555557
2015-01-15,488,-19,227319780,0.225
2015-01-15,488,-108,235000820,12.762638888888887
2015-01-15,488,-106,235000820,7.6413888888888888
2015-01-15,-536,-745,725002460,2.0538888888888889
2015-01-15,-280,379,224049530,2.8831944444444444
2015-01-15,-280,383,224049530,2.1179166666666664
2015-01-15,-280,-1266,224154000,0.24402777777777779
2015-01-15,-280,-1267,224154000,0.8801388888888888
2015-01-15,-280,379,224132000,6.292361111111112
2015-01-15,-280,383,224132000,0.65763888888888877
2015-01-15,-280,368,204235000,1.2418055555555554
2015-01-15,-280,371,204235000,1.2738888888888888
2015-01-15,-280,372,204235000,1.2580555555555555
2015-01-15,-280,369,204235000,6.3456944444444456
2015-01-15,233,1168,412460545,0.51722222222222214
2015-01-15,233,1167,412460545,0.927638888888889
2015-01-15,233,1171,412469257,6.3683333333333332
2015-01-15,233,-172,224106000,5.5956944444444447
2015-01-15,233,1169,412460308,1.7352777777777777
2015-01-15,233,1173,412445979,5.7030555555555553
2015-01-15,233,1169,412460829,2.2481944444444446
2015-01-15,233,1169,412469279,4.052083333333333
2015-01-15,233,-1580,367571490,11.666527777777777
2015-01-15,233,1172,412447526,1.6148611111111111
2015-01-15,233,1169,412460585,17.319861111111109
2015-01-15,233,1170,412460585,0.56055555555555558
2015-01-15,233,1171,875401258,5.6297222222222221
2015-01-15,233,1172,875401258,1.1695833333333332
2015-01-15,233,1170,412460843,2.3811111111111112
2015-01-15,233,1169,412460843,4.6879166666666672
2015-01-15,233,1169,412460588,8.7472222222222218
2015-01-15,233,1172,412447534,6.3488888888888884
2015-01-15,233,1169,412460846,2.72625
2015-01-15,233,1170,412460846,8.775
2015-01-15,233,1169,412460593,1.0055555555555555
2015-01-15,233,1173,412446261,3.4230555555555555
2015-01-15,233,1168,997753915,2.1897222222222221
2015-01-15,233,1171,875408958,8.6408333333333349
2015-01-15,233,1170,412460608,1.6106944444444444
2015-01-15,233,1169,412460608,1.3706944444444444
2015-01-15,233,1169,412460611,0.97527777777777769
2015-01-15,233,1169,512345678,0.847361111111111
2015-01-15,233,1171,412469337,5.0136111111111115
2015-01-15,233,1168,412470375,2.2086111111111109
2015-01-15,233,1169,412470375,1.5541666666666667
2015-01-15,233,1170,412469361,4.8923611111111116
2015-01-15,233,1169,412460671,1.2740277777777775
2015-01-15,233,1169,412460674,1.9583333333333333
2015-01-15,233,1169,412460681,0.45555555555555549
2015-01-15,233,1169,412460683,4.6302777777777777
2015-01-15,233,1174,412447119,1.711527777777778
2015-01-15,233,1172,412447119,2.6138888888888889
2015-01-15,233,1173,412447119,5.7861111111111114
2015-01-15,233,1169,412460687,1.52375
2015-01-15,233,1170,412460687,1.1043055555555554
2015-01-15,233,1172,412447632,0.48208333333333336
2015-01-15,233,1171,412447632,0.43652777777777779
2015-01-15,233,1170,412460688,2.3291666666666662
2015-01-15,233,1169,412460688,4.3781944444444445
2015-01-15,233,1169,412460689,0.69930555555555562
2015-01-15,233,1169,412460692,3.3330555555555561
2015-01-15,233,1173,875431061,4.335694444444445
2015-01-15,233,1170,412460696,0.2326388888888889
2015-01-15,233,1169,412460696,0.47902777777777777
2015-01-15,233,1171,412469146,2.5306944444444444
2015-01-15,233,1172,412469146,3.9673611111111109
2015-01-15,233,1171,412447387,0.31416666666666671
2015-01-15,233,1172,412447387,19.225555555555559
2015-01-15,233,1169,412460191,12.289444444444444
2015-01-15,233,1169,412460195,8.71486111111111
2015-01-15,233,1170,412460709,0.47319444444444447
2015-01-15,233,1169,412460709,0.78694444444444445
2015-01-15,233,1169,412460201,1.1573611111111113
2015-01-15,233,1170,412460201,0.68694444444444447
2015-01-15,233,1169,800023211,5.2245833333333334
2015-01-15,233,1169,412460203,2.4563888888888887
2015-01-15,233,1170,412460203,2.2552777777777777
2015-01-15,233,1169,412460719,5.6187499999999995
2015-01-15,233,1173,412447408,0.46805555555555556
2015-01-15,233,1172,412447668,1.2429166666666664
2015-01-15,233,1169,412460218,1.4752777777777779
2015-01-15,233,1168,813022140,1.9458333333333333
2015-01-15,233,1169,412460733,0.54125
2015-01-15,233,1169,900022718,1.4068055555555554
2015-01-15,233,1724,416217800,1.0972222222222223
2015-01-15,233,1725,416217800,3.1684722222222224
2015-01-15,233,1169,412460233,0.77416666666666667
2015-01-15,233,1173,412446671,0.68569444444444438
2015-01-15,233,1172,412446671,1.024861111111111
2015-01-15,233,1169,412460245,0.38083333333333336
2015-01-15,233,1169,412460247,1.7023611111111112
2015-01-15,233,1168,412470487,5.8177777777777777
2015-01-15,233,1169,412470487,3.8669444444444441
2015-01-15,233,1169,412460252,0.96
2015-01-15,233,1169,900017119,1.4547222222222222
2015-01-15,233,1169,412460769,0.56083333333333329
2015-01-15,233,1174,412446178,8.7468055555555555
2015-01-15,233,1175,412446178,2.479166666666667
2015-01-15,233,1172,412446179,0.72125
2015-01-15,233,1173,412446179,0.9111111111111112
2015-01-15,233,1173,412446437,6.8023611111111109
2015-01-15,233,1174,412446437,4.5720833333333335
2015-01-15,233,1169,412460775,9.4844444444444456
2015-01-15,233,1169,412460268,0.53972222222222221
2015-01-15,233,1172,412446192,0.57263888888888892
2015-01-15,233,1171,412469233,0.32805555555555554
2015-01-15,233,1169,412460274,1.0115277777777778
2015-01-15,233,1169,412460788,1.2462500000000003
2015-01-15,233,1169,412460797,3.005
2015-01-15,489,1412,273893400,2.2418055555555556
2015-01-15,489,1411,273893400,2.2027777777777779
2015-01-15,489,1415,273347910,1.8906944444444442
2015-01-15,489,1414,273347910,1.0420833333333333
2015-01-15,489,-18,228106600,3.2151388888888888
2015-01-15,489,-121,227579000,5.4916666666666671
2015-01-15,489,-123,227579000,4.6588888888888889
2015-01-15,489,-125,227579000,4.5259722222222223
2015-01-15,489,-20,227319780,0.41527777777777775
2015-01-15,489,-108,235000820,1.0379166666666668
2015-01-15,-535,-592,740369000,1.5359722222222223
2015-01-15,-535,-589,740369000,1.3650000000000002
2015-01-15,-535,-591,740369000,4.4906944444444452
2015-01-15,-535,-590,740369000,5.2818055555555548
2015-01-15,-279,382,224049530,5.3313888888888883
2015-01-15,-279,379,224049530,2.662638888888889
2015-01-15,-279,-1269,224154000,0.49125000000000008
2015-01-15,-279,-1268,224154000,3.2711111111111109
2015-01-15,-279,392,255501000,2.8284722222222221
2015-01-15,-279,373,204235000,3.8099999999999996
2015-01-15,-279,374,204235000,2.4138888888888892
2015-01-15,-279,366,204235000,0.69861111111111107
2015-01-15,-279,367,204235000,1.5098611111111109
2015-01-15,-279,368,204235000,0.1525
2015-01-15,-23,1774,440820000,3.8386111111111112
2015-01-15,234,1170,813022224,4.0012500000000006
2015-01-15,234,1173,412445979,0.60805555555555557
2015-01-15,234,-1579,367571490,11.366666666666667
2015-01-15,234,1173,412447526,13.481805555555555
2015-01-15,234,1172,412447526,1.7002777777777778
2015-01-15,234,1170,412460843,7.6790277777777778
2015-01-15,234,1171,800017965,1.543611111111111
2015-01-15,234,1725,432626000,1.2291666666666667
2015-01-15,234,1726,432626000,1.0711111111111111
2015-01-15,234,1173,412447328,0.65347222222222223
2015-01-15,234,1662,432984000,0.54166666666666674
2015-01-15,234,1720,416217800,7.3593055555555562
2015-01-15,234,1723,416217800,1.1874999999999998
2015-01-15,234,1722,416217800,1.8918055555555557
2015-01-15,234,1169,412460234,0.38625
2015-01-15,234,1173,412446437,7.2529166666666667
2015-01-15,234,1173,412447213,4.165
2015-01-15,234,1174,412447486,22.054583333333333
2015-01-15,490,-107,226045000,10.300833333333333
2015-01-15,490,1554,273899100,3.100138888888889
2015-01-15,490,1555,273899100,2.0637499999999998
2015-01-15,490,-114,227579000,3.2181944444444444
2015-01-15,490,-77,227831000,11.366388888888888
2015-01-15,490,-31,228028900,0.43291666666666673
2015-01-15,490,-32,228028900,0.15472222222222223
2015-01-15,-534,-589,740369000,0.96958333333333324
2015-01-15,-278,381,224049530,1.6338888888888887
2015-01-15,-278,-1269,224154000,8.3766666666666652
2015-01-15,-278,392,255501000,2.7929166666666667
2015-01-15,-22,567,416004378,0.52069444444444435
2015-01-15,-22,566,416004378,5.754027777777778
2015-01-15,235,1175,412447496,13.032777777777778
2015-01-15,235,1170,813022224,0.64458333333333329
2015-01-15,235,1172,813022224,9.3293055555555551
2015-01-15,235,1171,813022224,1.8143055555555554
2015-01-15,235,1177,412446998,1.6541666666666668
2015-01-15,235,1178,412446998,1.6068055555555554
2015-01-15,235,-171,224468000,5.7352777777777773
2015-01-15,235,1171,412460842,17.14361111111111
2015-01-15,235,1176,412445749,4.2970833333333331
2015-01-15,235,1175,412447546,13.05361111111111
2015-01-15,235,1175,800000579,0.24791666666666667
2015-01-15,235,1729,432626000,2.1222222222222222
2015-01-15,235,1726,432626000,0.71208333333333318
2015-01-15,235,1728,432626000,1.3875
2015-01-15,235,1727,432626000,1.3997222222222223
2015-01-15,235,1175,412447625,11.868472222222222
2015-01-15,235,1172,412460693,1.5254166666666666
2015-01-15,235,1171,412460693,8.676111111111112
2015-01-15,235,1172,412460703,2.9044444444444446
2015-01-15,235,1171,412460703,13.925277777777778
2015-01-15,235,1171,412460202,13.834444444444443
2015-01-15,235,1171,412460714,7.7886111111111109
2015-01-15,235,1662,432984000,1.1472222222222221
2015-01-15,235,1177,412446669,0.8725
2015-01-15,235,1176,412446669,13.524027777777775
2015-01-15,235,1176,412447477,1.848888888888889
2015-01-15,491,-108,226045000,2.4272222222222224
2015-01-15,491,1554,273899100,2.0652777777777778
2015-01-15,491,1553,273899100,2.5079166666666666
2015-01-15,491,1552,273899100,0.28333333333333333
2015-01-15,491,-105,228349800,8.7023611111111112
2015-01-15,491,-107,228349800,12.959305555555556
2015-01-15,491,-116,227579000,4.725
2015-01-15,491,-115,227579000,0.69027777777777777
2015-01-15,491,-1239,316005772,1.335
2015-01-15,491,-1240,316005772,0.83958333333333335
2015-01-15,491,-1239,316003779,1.3034722222222224
2015-01-15,491,-31,228028900,2.2444444444444449
2015-01-15,491,-25,228124900,3.0619444444444444
2015-01-15,491,-27,228124900,0.42722222222222223
2015-01-15,491,-28,228124900,0.21819444444444444
2015-01-15,491,-1239,316005100,0.79986111111111113
2015-01-15,-277,380,224049530,0.28194444444444444
2015-01-15,-277,381,224049530,0.9209722222222223
2015-01-15,-21,567,416004378,6.7833333333333323
2015-01-15,-21,565,416004378,4.1541666666666668
2015-01-15,-21,566,416004378,0.92944444444444452
2015-01-15,236,1175,100705536,9.4025
2015-01-15,236,1176,100705536,3.7479166666666672
2015-01-15,236,1175,412446981,0.12861111111111112
2015-01-15,236,1176,412445704,0.26013888888888892
2015-01-15,236,1178,412446988,4.3919444444444444
2015-01-15,236,1178,412446998,1.517222222222222
2015-01-15,236,1177,412446998,0.22986111111111113
2015-01-15,236,1176,100705310,5.1619444444444431
2015-01-15,236,-171,224468000,2.0466666666666664
2015-01-15,236,1176,412446024,2.13125
2015-01-15,236,1729,432626000,0.21402777777777779
2015-01-15,236,1730,432626000,2.22125
2015-01-15,236,1177,412445781,1.6618055555555555
2015-01-15,236,1176,412446046,3.8986111111111117
2015-01-15,236,1177,412446313,1.9105555555555553
2015-01-15,236,1176,412446314,1.0793055555555555
2015-01-15,236,1176,900004458,1.2704166666666667
2015-01-15,236,1176,412446072,13.292777777777779
2015-01-15,236,1175,412446075,0.11930555555555555
2015-01-15,236,1176,412446075,0.81805555555555542
2015-01-15,236,1176,412445836,1.0511111111111111
2015-01-15,236,1175,900026000,0.18694444444444444
2015-01-15,236,1176,900026000,4.3604166666666666
2015-01-15,236,1176,813023376,5.1677777777777791
2015-01-15,236,1177,412446107,3.0797222222222222
2015-01-15,236,1176,412446108,0.29125
2015-01-15,236,1177,412446114,1.519166666666667
2015-01-15,236,1176,412446114,1.2691666666666668
2015-01-15,236,1177,412445859,0.10541666666666666
2015-01-15,236,1176,412446137,1.8694444444444445
2015-01-15,236,1177,412445886,14.824583333333331
2015-01-15,236,1176,412447167,1.4727777777777777
2015-01-15,236,1175,412447167,5.3254166666666674
2015-01-15,236,1662,432984000,0.52083333333333337
2015-01-15,236,1661,432984000,1.0308333333333333
2015-01-15,236,1175,412446147,0.78416666666666668
2015-01-15,236,1176,412446166,0.20444444444444446
2015-01-15,236,1176,412446171,0.41152777777777783
2015-01-15,236,1177,412446171,2.1527777777777777
2015-01-15,236,1177,412445662,4.9377777777777778
2015-01-15,236,1175,900002813,0.96819444444444447
2015-01-15,492,-109,226045000,7.3722222222222227
2015-01-15,492,-104,228015700,6.6722222222222234
2015-01-15,492,-111,228015700,4.608888888888889
2015-01-15,492,-105,228015700,1.6268055555555556
2015-01-15,492,1552,273899100,0.86652777777777779
2015-01-15,492,1551,273899100,1.03625
2015-01-15,492,1554,273899100,4.3045833333333334
2015-01-15,492,-1240,316005772,3.0266666666666668
2015-01-15,492,-1239,316005772,2.3175
2015-01-15,492,-1240,316003779,5.9434722222222218
2015-01-15,492,-1239,316003779,3.619444444444444
2015-01-15,492,-30,228028900,1.8931944444444444
2015-01-15,492,-31,228028900,0.20555555555555555
2015-01-15,492,-1240,316005100,5.7869444444444449
2015-01-15,492,-1239,316005100,2.5972222222222223
2015-01-15,-276,382,263584000,2.077638888888889
2015-01-15,-276,380,224049530,1.7177777777777778
2015-01-15,-20,566,416004378,1.1748611111111111
2015-01-15,-20,1677,338793000,1.9215277777777782
2015-01-15,-20,1779,441811000,5.71375
2015-01-15,-20,-1476,412985000,0.77027777777777784
2015-01-15,-20,-1475,412985000,11.120138888888889
2015-01-15,237,1175,100705536,0.11625
2015-01-15,237,1177,412446998,1.8490277777777777
2015-01-15,237,1178,412446998,1.3616666666666666
2015-01-15,237,1178,412445724,0.79361111111111116
2015-01-15,237,1177,412445724,0.71708333333333329
2015-01-15,237,-170,224468000,7.02375
2015-01-15,237,-171,224468000,1.5593055555555555
2015-01-15,237,1729,432626000,1.1638888888888888
2015-01-15,237,1730,432626000,0.84569444444444442
2015-01-15,237,1176,412447575,0.63305555555555559
2015-01-15,237,1177,412447575,1.3765277777777778
2015-01-15,237,1176,412446046,2.0708333333333329
2015-01-15,237,1177,412446313,0.15138888888888891
2015-01-15,237,1176,412446313,0.65902777777777777
2015-01-15,237,1178,412446579,17.212222222222223
2015-01-15,237,1176,412446072,0.20680555555555558
2015-01-15,237,1176,412446075,0.31611111111111112
2015-01-15,237,1177,412445822,4.8049999999999988
2015-01-15,237,1179,412445822,9.4602777777777778
2015-01-15,237,1178,412445822,2.8587499999999997
2015-01-15,237,1178,412447104,5.3443055555555548
2015-01-15,237,1177,412447104,16.095972222222215
2015-01-15,237,1177,412446107,0.96833333333333338
2015-01-15,237,1176,412446137,0.59180555555555558
2015-01-15,237,1177,412445886,3.4634722222222223
2015-01-15,237,1661,432984000,1.0325
2015-01-15,237,1175,412446148,0.22763888888888889
2015-01-15,237,1174,412445638,1.555
2015-01-15,237,1178,412445391,3.6413888888888897
2015-01-15,237,1176,200000975,0.39513888888888893
2015-01-15,237,1178,412445403,1.4688888888888891
2015-01-15,237,1177,412445403,0.57972222222222214
2015-01-15,237,1176,412446171,0.42541666666666667
2015-01-15,237,1178,412445406,1.6016666666666668
2015-01-15,237,1177,412445406,0.99777777777777776
2015-01-15,237,1178,412445409,1.2095833333333335
2015-01-15,237,1177,412447461,3.0444444444444443
2015-01-15,237,1175,412446186,0.39111111111111108
2015-01-15,493,-7,227635470,8.4033333333333342
2015-01-15,493,-8,227635470,1.0356944444444445
2015-01-15,493,-7,227322390,0.20430555555555557
2015-01-15,493,-9,227519000,1.27
2015-01-15,493,-8,227519000,2.7272222222222227
2015-01-15,493,1559,273821210,0.33805555555555555
2015-01-15,493,1557,273821210,0.22638888888888886
2015-01-15,493,1558,273821210,1.02875
2015-01-15,493,-9,227309340,2.8061111111111106
2015-01-15,493,-8,227309340,0.92430555555555549
2015-01-15,493,-8,227317040,7.4143055555555568
2015-01-15,493,-7,227317040,1.2695833333333333
2015-01-15,493,-8,227317330,2.377361111111111
2015-01-15,493,-7,227317330,6.2606944444444457
2015-01-15,493,-105,228015700,1.8395833333333333
2015-01-15,493,1552,273899100,1.6390277777777778
2015-01-15,493,1551,273899100,1.2638888888888888
2015-01-15,493,-30,228021600,2.9605555555555556
2015-01-15,493,-32,228021600,2.8152777777777778
2015-01-15,493,-31,228021600,9.4087499999999977
2015-01-15,493,-29,228021600,0.22638888888888889
2015-01-15,493,-8,226171000,0.85027777777777769
2015-01-15,493,-7,226171000,0.42180555555555554
2015-01-15,493,-3,227314040,1.4656944444444444
2015-01-15,493,-32,228039800,1.2908333333333333
2015-01-15,493,-31,228039800,0.20625
2015-01-15,493,-30,228039800,4.819583333333334
2015-01-15,493,-8,227611780,0.81666666666666665
2015-01-15,493,-8,227314310,1.3404166666666666
2015-01-15,493,-7,227317660,3.4526388888888895
2015-01-15,493,-8,227317660,2.77625
2015-01-15,493,-29,228324000,1.6858333333333333
2015-01-15,493,-30,228324000,2.7241666666666666
2015-01-15,493,-31,228324000,3.2027777777777779
2015-01-15,493,-32,228324000,2.6793055555555556
2015-01-15,493,-8,227939000,2.0763888888888888
2015-01-15,493,-8,227316160,5.5806944444444442
2015-01-15,493,-8,227314630,1.319722222222222
2015-01-15,493,-7,227314630,1.3111111111111113
2015-01-15,493,-9,227318230,4.3284722222222225
2015-01-15,493,-8,227318230,0.42527777777777775
2015-01-15,493,-9,226156000,0.78763888888888889
2015-01-15,493,-8,226156000,8.1279166666666676
2015-01-15,493,-49,227468000,7.1438888888888892
2015-01-15,493,-30,228028900,5.5959722222222226
2015-01-15,493,-29,228028900,2.3034722222222221
2015-01-15,493,-30,228321000,1.2827777777777778
2015-01-15,493,-31,228321000,1.3209722222222222
2015-01-15,493,-32,228321000,0.21777777777777779
2015-01-15,493,-7,228939000,0.62944444444444447
2015-01-15,749,392,277511000,6.9723611111111108
2015-01-15,749,391,277511000,4.6125
2015-01-15,749,389,277511000,3.1402777777777779
2015-01-15,-275,382,263584000,1.0259722222222223
2015-01-15,-275,384,263584000,4.4601388888888884
2015-01-15,-275,379,224049530,0.66416666666666646
2015-01-15,-275,380,224049530,1.4277777777777776
2015-01-15,-19,1677,338793000,3.237222222222222
2015-01-15,-19,1778,441811000,5.76125
2015-01-15,-19,1779,441811000,0.8273611111111111
2015-01-15,-19,1539,553111735,6.5923611111111118
2015-01-15,-19,-919,352419000,0.32652777777777775
2015-01-15,-19,-920,352419000,0.17625
2015-01-15,238,1177,412445465,1.654722222222222
2015-01-15,238,1176,412445465,5.9674999999999985
2015-01-15,238,-170,224468000,1.5244444444444447
2015-01-15,238,1177,412445473,2.1027777777777779
2015-01-15,238,1176,412445473,6.2641666666666662
2015-01-15,238,1180,412596779,1.0733333333333335
2015-01-15,238,1181,412447027,19.45888888888889
2015-01-15,238,1729,432626000,2.6591666666666667
2015-01-15,238,1660,432984000,1.0615277777777776
2015-01-15,238,1661,432984000,0.53902777777777777
2015-01-15,238,1177,412445392,4.7950000000000008
2015-01-15,238,1178,412445403,0.27486111111111111
2015-01-15,238,1178,412445409,1.5923611111111113
2015-01-15,238,1179,412444903,0.94555555555555548
2015-01-15,494,-8,228192000,3.1526388888888888
2015-01-15,494,-7,228192000,6.3916666666666675
2015-01-15,494,-9,228192000,3.1252777777777778
2015-01-15,494,-6,228192000,1.0969444444444445
2015-01-15,494,-11,228192000,0.44166666666666665
2015-01-15,494,-10,228192000,1.4844444444444445
2015-01-15,494,-8,227635470,0.21111111111111111
2015-01-15,494,-7,227635470,0.55986111111111114
2015-01-15,494,-7,227322390,2.9629166666666675
2015-01-15,494,-6,227322390,6.0231944444444441
2015-01-15,494,-9,227519000,2.5040277777777775
2015-01-15,494,-7,227519000,1.8679166666666669
2015-01-15,494,-8,227519000,2.1372222222222219
2015-01-15,494,1553,273821210,6.3898611111111112
2015-01-15,494,1560,273821210,2.02
2015-01-15,494,1559,273821210,1.1384722222222223
2015-01-15,494,-9,227309340,5.0534722222222221
2015-01-15,494,-8,227309340,0.67041666666666666
2015-01-15,494,-9,227945000,6.5179166666666672
2015-01-15,494,-7,227945000,2.0855555555555552
2015-01-15,494,-5,227945000,0.4125
2015-01-15,494,-10,227945000,2.0825
2015-01-15,494,-8,227945000,5.6375
2015-01-15,494,-6,227945000,4.2918055555555554
2015-01-15,494,-56,232003630,6.78625
2015-01-15,494,-57,232003630,0.89708333333333334
2015-01-15,494,-58,232003630,4.08611111111111
2015-01-15,494,-9,227271470,0.22097222222222224
2015-01-15,494,-10,227271470,1.1847222222222222
2015-01-15,494,-8,228830000,6.566527777777778
2015-01-15,494,-9,228830000,0.64333333333333331
2015-01-15,494,-7,228830000,1.0580555555555557
2015-01-15,494,-8,227319090,8.79888888888889
2015-01-15,494,-9,228819000,2.5401388888888889
2015-01-15,494,-8,228819000,5.5233333333333325
2015-01-15,494,-10,228819000,1.0254166666666666
2015-01-15,494,-30,227592000,0.83180555555555558
2015-01-15,494,-31,227592000,0.846111111111111
2015-01-15,494,-32,228165700,0.68041666666666667
2015-01-15,494,-33,228165700,3.3394444444444442
2015-01-15,494,-11,228285000,0.21416666666666667
2015-01-15,494,-6,228285000,0.20680555555555555
2015-01-15,494,-10,228285000,1.2215277777777778
2015-01-15,494,-8,228285000,7.7504166666666672
2015-01-15,494,-7,228285000,4.338055555555556
2015-01-15,494,-9,228285000,2.1822222222222223
2015-01-15,494,-29,228045900,0.21347222222222223
2015-01-15,494,-7,227317330,0.21250000000000002
2015-01-15,494,-8,227317330,1.1445833333333333
2015-01-15,494,-107,228015700,1.411388888888889
2015-01-15,494,-108,228015700,5.0941666666666663
2015-01-15,494,-106,228015700,1.7225000000000001
2015-01-15,494,1554,273899100,0.82777777777777783
2015-01-15,494,1553,273899100,1.3
2015-01-15,494,-29,228021600,0.42638888888888887
2015-01-15,494,-31,228021600,2.0506944444444439
2015-01-15,494,-32,228021600,0.21444444444444444
2015-01-15,494,-30,228021600,4.1922222222222221
2015-01-15,494,-58,227315560,1.7913888888888889
2015-01-15,494,-8,228326000,4.1720833333333331
2015-01-15,494,-7,228326000,1.9279166666666665
2015-01-15,494,-6,228326000,0.85819444444444448
2015-01-15,494,-9,228326000,1.8947222222222222
2015-01-15,494,-10,228326000,0.63305555555555548
2015-01-15,494,-7,226171000,0.10541666666666667
2015-01-15,494,-8,226171000,0.63041666666666663
2015-01-15,494,-38,228039800,0.68958333333333333
2015-01-15,494,-30,228039800,1.891111111111111
2015-01-15,494,-31,228039800,1.0809722222222222
2015-01-15,494,-8,227611780,5.3548611111111111
2015-01-15,494,-9,227611780,0.84458333333333346
2015-01-15,494,-8,227314310,4.5929166666666674
2015-01-15,494,-7,227314310,4.6947222222222225
2015-01-15,494,-9,227314310,1.9980555555555559
2015-01-15,494,-30,228337800,0.97347222222222229
2015-01-15,494,-29,228337800,2.7176388888888887
2015-01-15,494,-9,226202000,4.5637500000000006
2015-01-15,494,-10,226202000,0.87569444444444455
2015-01-15,494,-8,226202000,1.4625000000000001
2015-01-15,494,-9,228170900,6.0418055555555554
2015-01-15,494,-10,228170900,3.5930555555555554
2015-01-15,494,-55,228264600,0.63458333333333328
2015-01-15,494,-30,228324000,3.8666666666666671
2015-01-15,494,-31,228324000,1.493611111111111
2015-01-15,494,-29,228324000,2.8488888888888892
2015-01-15,494,-108,228020900,11.67
2015-01-15,494,-106,228020900,1.7668055555555555
2015-01-15,494,-9,228206000,6.7002777777777789
2015-01-15,494,-10,228206000,0.84319444444444447
2015-01-15,494,-7,227939000,0.42930555555555555
2015-01-15,494,-8,227939000,5.4466666666666681
2015-01-15,494,-9,227939000,0.83708333333333329
2015-01-15,494,-4,228803000,4.0109722222222226
2015-01-15,494,-5,228803000,4.2688888888888892
2015-01-15,494,-5,228323000,0.64875
2015-01-15,494,-8,227316160,2.9543055555555555
2015-01-15,494,-9,227316160,1.2498611111111111
2015-01-15,494,-7,227314630,3.0569444444444445
2015-01-15,494,-8,227314630,3.7084722222222224
2015-01-15,494,-10,227554000,2.5331944444444443
2015-01-15,494,-9,227554000,9.64388888888889
2015-01-15,494,-8,227554000,5.571527777777777
2015-01-15,494,-7,227554000,2.9959722222222225
2015-01-15,494,-9,227318230,5.4159722222222211
2015-01-15,494,-8,226156000,0.66361111111111115
2015-01-15,494,-31,228321000,2.729166666666667
2015-01-15,494,-30,228321000,2.1058333333333334
2015-01-15,494,-9,227414000,4.9391666666666678
2015-01-15,494,-8,227414000,2.4115277777777777
2015-01-15,494,-6,227414000,1.0384722222222222
2015-01-15,494,-10,227414000,2.9797222222222226
2015-01-15,494,-7,227414000,5.3065277777777782
2015-01-15,494,-8,228239600,1.4302777777777775
2015-01-15,494,-7,228239600,2.6959722222222218
2015-01-15,494,-7,228939000,3.55125
2015-01-15,494,-6,228939000,5.4958333333333336
2015-01-15,750,376,258099000,3.1275
2015-01-15,750,384,277511000,3.9125
2015-01-15,750,392,277511000,1.5402777777777779
2015-01-15,750,391,277511000,1.5458333333333334
2015-01-15,750,385,277030000,1.5486111111111112
2015-01-15,750,383,277030000,3.1390277777777778
2015-01-15,750,380,277030000,3.0626388888888889
2015-01-15,750,384,277030000,1.5430555555555556
2015-01-15,750,381,277030000,5.430416666666666
2015-01-15,750,385,257219000,1.5333333333333332
2015-01-15,-274,382,263584000,0.41625
2015-01-15,-274,381,263584000,1.0783333333333331
2015-01-15,-274,379,224049530,1.8234722222222224
2015-01-15,-274,-471,5625,17.921111111111109
2015-01-15,-18,-921,352419000,3.1831944444444447
2015-01-15,-18,-920,352419000,3.0768055555555556
2015-01-15,-18,-919,352419000,7.4194444444444443
2015-01-15,239,1182,412444929,9.76611111111111
2015-01-15,239,1181,412444425,7.6436111111111114
2015-01-15,239,1182,412444425,5.498333333333334
2015-01-15,239,1180,412445199,12.55402777777778
2015-01-15,239,1181,413065489,21.432916666666667
2015-01-15,239,1182,412445205,10.44638888888889
2015-01-15,239,1182,200012330,13.116944444444444
2015-01-15,239,1181,412596779,5.2548611111111105
2015-01-15,239,1182,412441168,13.149027777777778
2015-01-15,239,1181,412445022,2.9501388888888891
2015-01-15,239,1182,412445022,1.5152777777777777
2015-01-15,239,1180,412596899,6.6366666666666667
2015-01-15,239,1181,412596899,3.5159722222222221
2015-01-15,239,1182,412445101,7.1190277777777782
2015-01-15,239,1660,432984000,1.7659722222222223
2015-01-15,239,1180,412444883,3.0725
2015-01-15,239,1181,412444887,0.69611111111111112
2015-01-15,239,1180,412444887,1.7783333333333329
2015-01-15,239,1180,412444642,5.2773611111111114
2015-01-15,239,1181,412444642,0.68805555555555553
2015-01-15,239,1181,412444908,19.71277777777777
2015-01-15,239,1182,412444908,1.7779166666666664
2015-01-15,239,1180,412444924,0.63069444444444445
2015-01-15,239,1182,412444413,5.4080555555555554
2015-01-15,495,-7,227936000,0.20430555555555557
2015-01-15,495,-8,228192000,1.0374999999999999
2015-01-15,495,-9,228192000,1.0277777777777777
2015-01-15,495,-10,228192000,1.0290277777777779
2015-01-15,495,-6,228192000,0.88236111111111115
2015-01-15,495,-11,228192000,0.635
2015-01-15,495,-7,228192000,1.2472222222222222
2015-01-15,495,-54,228033800,0.43041666666666667
2015-01-15,495,-8,233450000,0.40791666666666665
2015-01-15,495,-6,233450000,2.3
2015-01-15,495,-7,233450000,13.614583333333332
2015-01-15,495,-7,244938000,1.4818055555555558
2015-01-15,495,-54,228203800,0.21694444444444444
2015-01-15,495,1555,273821210,0.75527777777777771
2015-01-15,495,1554,273821210,2.9795833333333333
2015-01-15,495,-40,228329000,1.232361111111111
2015-01-15,495,-41,228329000,1.4068055555555556
2015-01-15,495,-38,228329000,2.175
2015-01-15,495,-55,232003630,0.69333333333333336
2015-01-15,495,-56,232003630,1.841388888888889
2015-01-15,495,-10,227271470,0.40666666666666668
2015-01-15,495,-9,227271470,4.0072222222222225
2015-01-15,495,-8,228830000,1.5168055555555555
2015-01-15,495,-7,232627000,14.168333333333331
2015-01-15,495,-29,227592000,2.4745833333333329
2015-01-15,495,-30,227592000,0.41152777777777777
2015-01-15,495,-32,228165700,11.345277777777776
2015-01-15,495,-36,228165700,3.3568055555555558
2015-01-15,495,-38,228165700,3.2322222222222226
2015-01-15,495,-11,228285000,0.65513888888888894
2015-01-15,495,-7,228285000,1.0293055555555557
2015-01-15,495,-9,228285000,1.0331944444444445
2015-01-15,495,-10,228285000,1.2694444444444444
2015-01-15,495,-6,228285000,0.63194444444444442
2015-01-15,495,-8,228285000,1.0304166666666668
2015-01-15,495,-29,228045900,8.8913888888888888
2015-01-15,495,-28,228045900,8.7015277777777751
2015-01-15,495,-29,228021600,0.85277777777777786
2015-01-15,495,-55,227315560,1.0588888888888888
2015-01-15,495,-54,227315560,2.3455555555555554
2015-01-15,495,-57,227315560,1.90375
2015-01-15,495,-56,227315560,1.6448611111111111
2015-01-15,495,-58,227315560,0.20694444444444443
2015-01-15,495,-38,228039800,0.93652777777777785
2015-01-15,495,-37,228039800,4.0429166666666667
2015-01-15,495,-8,227611780,1.9319444444444445
2015-01-15,495,-7,227611780,1.1202777777777777
2015-01-15,495,-29,228337800,1.5226388888888891
2015-01-15,495,-12,227573140,7.7126388888888888
2015-01-15,495,-53,228264600,2.1665277777777776
2015-01-15,495,-54,228264600,1.7744444444444445
2015-01-15,495,-51,228264600,0.63250000000000006
2015-01-15,495,-52,228264600,2.3923611111111107
2015-01-15,495,-55,228264600,1.31375
2015-01-15,495,-11,227823000,9.568194444444444
2015-01-15,495,-10,227823000,1.2554166666666666
2015-01-15,495,-9,227823000,1.0565277777777777
2015-01-15,495,-55,227142300,1.7294444444444443
2015-01-15,495,-56,227142300,3.2688888888888887
2015-01-15,495,-54,227142300,0.65138888888888891
2015-01-15,495,-29,228324000,0.21277777777777779
2015-01-15,495,-7,228803000,3.3337499999999998
2015-01-15,495,-6,228803000,7.8463888888888889
2015-01-15,495,-5,228803000,0.215
2015-01-15,495,-5,228323000,2.2919444444444439
2015-01-15,495,-7,228323000,2.1080555555555551
2015-01-15,495,-6,228323000,4.1793055555555556
2015-01-15,495,-50,228216000,0.20291666666666666
2015-01-15,495,-51,228216000,1.7256944444444444
2015-01-15,495,-52,227144900,2.7691666666666666
2015-01-15,495,-51,227144900,1.4301388888888888
2015-01-15,495,-10,227554000,1.0558333333333334
2015-01-15,495,-9,227554000,1.0305555555555557
2015-01-15,495,-52,227330000,0.63513888888888892
2015-01-15,495,-53,227330000,1.6940277777777775
2015-01-15,495,-54,227330000,2.8195833333333336
2015-01-15,495,-28,228321000,1.2468055555555557
2015-01-15,495,-30,228321000,2.1079166666666667
2015-01-15,495,-29,228321000,3.5697222222222225
2015-01-15,495,-7,227414000,0.41333333333333333
2015-01-15,495,-8,227414000,0.81680555555555556
2015-01-15,495,-7,228239600,2.8095833333333333
2015-01-15,495,-54,228004600,0.61375
2015-01-15,495,-11,227112700,0.42347222222222225
2015-01-15,495,-12,227112700,0.21402777777777776
2015-01-15,751,376,258099000,9.2359722222222214
2015-01-15,751,381,277030000,5.4429166666666671
2015-01-15,751,380,277030000,1.5402777777777779
2015-01-15,751,379,257219000,3.9130555555555557
2015-01-15,751,378,257219000,1.5319444444444446
2015-01-15,-273,381,263584000,1.4580555555555557
2015-01-15,-17,-816,735057587,5.6913888888888886
2015-01-15,240,1182,412444929,4.3583333333333334
2015-01-15,240,1183,412444929,11.756805555555557
2015-01-15,240,1182,412444933,1.3515277777777777
2015-01-15,240,1183,412444425,1.3841666666666665
2015-01-15,240,1182,412444425,1.5251388888888886
2015-01-15,240,1182,412445205,1.4012499999999999
2015-01-15,240,1182,412444188,2.1919444444444443
2015-01-15,240,1183,412444188,2.8956944444444441
2015-01-15,240,1182,412444965,0.50777777777777777
2015-01-15,240,1181,412596779,2.4895833333333339
2015-01-15,240,1180,412596015,0.22930555555555554
2015-01-15,240,1182,412445022,1.0983333333333334
2015-01-15,240,1183,412445022,11.986666666666666
2015-01-15,240,-1518,367338850,10.411527777777778
2015-01-15,240,1182,412444775,2.785833333333334
2015-01-15,240,1181,412444775,16.590138888888895
2015-01-15,240,1182,412444802,2.8926388888888894
2015-01-15,240,1181,412444802,2.245
2015-01-15,240,1180,800023179,0.29472222222222222
2015-01-15,240,1180,900023694,1.6304166666666666
2015-01-15,240,1181,412596899,3.7359722222222214
2015-01-15,240,1180,412445364,1.8519444444444446
2015-01-15,240,1183,900024757,1.2381944444444444
2015-01-15,240,1183,412444855,2.890833333333334
2015-01-15,240,1182,412444855,15.280972222222221
2015-01-15,240,1659,432984000,0.92986111111111114
2015-01-15,240,1660,432984000,0.83319444444444457
2015-01-15,240,1182,412444867,3.0727777777777781
2015-01-15,240,1181,412444883,4.2372222222222229
2015-01-15,240,1183,412444374,0.80305555555555541
2015-01-15,240,1181,412444895,14.444444444444445
2015-01-15,240,1182,900029155,12.085
2015-01-15,240,1181,900029155,5.1455555555555561
2015-01-15,240,1180,412444905,17.467916666666671
2015-01-15,240,1182,412014575,17.189999999999994
2015-01-15,240,1180,800036345,1.5816666666666668
2015-01-15,240,1180,412444924,12.799166666666665
2015-01-15,240,1183,412444413,5.8008333333333333
2015-01-15,240,1180,412596223,2.5240277777777775
2015-01-15,496,-7,227936000,6.3636111111111111
2015-01-15,496,-53,228033800,6.772222222222223
2015-01-15,496,-54,228033800,2.9043055555555557
2015-01-15,496,-51,228033800,1.7301388888888889
2015-01-15,496,-50,228033800,1.7061111111111111
2015-01-15,496,-49,228033800,0.20652777777777778
2015-01-15,496,-52,228033800,3.0245833333333332
2015-01-15,496,-6,233450000,0.41833333333333333
2015-01-15,496,-7,233450000,4.8433333333333337
2015-01-15,496,-6,244938000,0.60791666666666666
2015-01-15,496,-7,244938000,0.86055555555555563
2015-01-15,496,-52,228203800,1.0184722222222222
2015-01-15,496,-53,228203800,4.8663888888888884
2015-01-15,496,-54,228203800,0.62861111111111112
2015-01-15,496,-40,228329000,3.1843055555555555
2015-01-15,496,-42,228329000,0.92166666666666663
2015-01-15,496,-41,228329000,0.49569444444444444
2015-01-15,496,-38,228329000,0.48805555555555552
2015-01-15,496,-37,228329000,0.72777777777777775
2015-01-15,496,-43,228329000,0.88430555555555546
2015-01-15,496,-7,232627000,7.1774999999999993
2015-01-15,496,-35,228165700,1.73625
2015-01-15,496,-34,228165700,3.4605555555555556
2015-01-15,496,-38,228165700,0.63833333333333342
2015-01-15,496,-9,246557000,5.9758333333333322
2015-01-15,496,-8,246557000,0.20333333333333334
2015-01-15,496,-28,228045900,0.43291666666666667
2015-01-15,496,-46,227143500,0.52958333333333341
2015-01-15,496,-47,227143500,0.584861111111111
2015-01-15,496,-51,228316000,4.2222222222222223
2015-01-15,496,-52,228316000,2.3677777777777775
2015-01-15,496,-50,227315560,1.0381944444444444
2015-01-15,496,-51,227315560,1.0416666666666665
2015-01-15,496,-53,227315560,1.7351388888888888
2015-01-15,496,-52,227315560,1.0229166666666665
2015-01-15,496,-51,227558000,0.20944444444444443
2015-01-15,496,-11,227120500,7.6970833333333335
2015-01-15,496,-35,228039800,1.2526388888888886
2015-01-15,496,-36,228039800,1.6873611111111109
2015-01-15,496,-39,228267900,2.864583333333333
2015-01-15,496,-41,228267900,2.6913888888888891
2015-01-15,496,-38,228267900,4.5806944444444442
2015-01-15,496,-40,228267900,1.7523611111111113
2015-01-15,496,-37,228267900,0.22638888888888889
2015-01-15,496,-44,228267900,2.6405555555555558
2015-01-15,496,-50,227312000,2.6527777777777777
2015-01-15,496,-47,227312000,2.2263888888888888
2015-01-15,496,-51,227312000,3.1402777777777775
2015-01-15,496,-48,227312000,0.87236111111111114
2015-01-15,496,-51,228264600,1.2440277777777777
2015-01-15,496,-53,227142300,1.537222222222222
2015-01-15,496,-52,227142300,1.8965277777777778
2015-01-15,496,-50,227142300,1.7176388888888887
2015-01-15,496,-54,227142300,1.0497222222222222
2015-01-15,496,-51,227142300,1.872222222222222
2015-01-15,496,-7,228803000,0.20680555555555555
2015-01-15,496,-48,228216000,5.8076388888888886
2015-01-15,496,-50,228216000,0.6281944444444445
2015-01-15,496,-51,228216000,0.21055555555555555
2015-01-15,496,-49,228216000,1.255972222222222
2015-01-15,496,-47,228216000,2.1083333333333334
2015-01-15,496,-51,227144900,0.20458333333333334
2015-01-15,496,-52,227330000,2.9205555555555556
2015-01-15,496,-51,227330000,2.2609722222222217
2015-01-15,496,-29,228321000,1.2901388888888887
2015-01-15,496,-28,228321000,0.42652777777777778
2015-01-15,496,-115,224046570,8.4654166666666661
2015-01-15,496,-7,228239600,7.4226388888888879
2015-01-15,496,-44,228004600,0.83749999999999991
2015-01-15,496,-54,228004600,0.63611111111111107
2015-01-15,496,-53,228004600,5.3594444444444447
2015-01-15,496,-50,228004600,1.0226388888888889
2015-01-15,496,-51,228004600,3.1901388888888893
2015-01-15,496,-43,228004600,0.41125
2015-01-15,496,-47,228004600,0.6086111111111111
2015-01-15,496,-48,228004600,0.829861111111111
2015-01-15,496,-49,228004600,0.8258333333333332
2015-01-15,496,-45,228004600,0.62291666666666667
2015-01-15,496,-52,228004600,3.8869444444444436
2015-01-15,496,-11,227112700,6.6236111111111109
2015-01-15,752,377,258099000,1.5259722222222223
2015-01-15,752,378,258099000,3.91125
2015-01-15,-272,381,263584000,0.877638888888889
2015-01-15,-16,1675,416238700,13.740694444444447
2015-01-15,-16,1560,416004728,5.7115277777777784
2015-01-15,-16,1559,416004728,4.0024999999999986
2015-01-15,-16,-1360,735057565,4.149166666666666
2015-01-15,-16,-816,735057587,2.6775000000000011
2015-01-15,241,1183,412444425,2.1798611111111112
2015-01-15,241,1183,412444942,2.0079166666666666
2015-01-15,241,1182,412444942,9.624305555555555
2015-01-15,241,1183,200007443,3.1238888888888887
2015-01-15,241,1183,412444965,0.45847222222222217
2015-01-15,241,1182,412444965,17.131111111111114
2015-01-15,241,1183,412596776,20.186805555555559
2015-01-15,241,1181,412596779,0.27
2015-01-15,241,1181,412596013,1.0569444444444445
2015-01-15,241,1180,412596015,0.57347222222222216
2015-01-15,241,1184,412441168,10.388194444444444
2015-01-15,241,-1518,367338850,5.8531944444444441
2015-01-15,241,1183,412444276,1.212638888888889
2015-01-15,241,1182,412444802,3.055
2015-01-15,241,1183,412444802,0.21277777777777779
2015-01-15,241,1180,800023179,1.0654166666666667
2015-01-15,241,1181,412445078,2.0494444444444442
2015-01-15,241,1182,412445078,1.2945833333333332
2015-01-15,241,1179,412456859,0.43430555555555556
2015-01-15,241,1180,412456859,6.424027777777777
2015-01-15,241,1183,412444588,25.357499999999998
2015-01-15,241,1181,412596668,1.2041666666666666
2015-01-15,241,1182,412596668,1.5893055555555555
2015-01-15,241,1659,432984000,2.0618055555555554
2015-01-15,241,1180,412458690,3.5155555555555553
2015-01-15,241,1183,412444871,2.0323611111111113
2015-01-15,241,1182,412444894,2.5327777777777771
2015-01-15,241,1183,412444894,0.703888888888889
2015-01-15,241,1182,412444898,18.536527777777778
2015-01-15,241,1183,412444898,0.90097222222222229
2015-01-15,241,1180,900029414,1.7126388888888888
2015-01-15,241,1182,412444902,15.935
2015-01-15,241,1183,412006888,0.14680555555555558
2015-01-15,241,1180,412444905,3.9733333333333336
2015-01-15,241,1183,412444139,8.6758333333333333
2015-01-15,241,1182,412444913,6.9302777777777775
2015-01-15,241,1183,412444913,2.8715277777777781
2015-01-15,241,1183,412444413,13.763472222222221
2015-01-15,241,1180,412444925,4.5486111111111107
2015-01-15,241,1183,412444926,12.830277777777777
2015-01-15,241,1182,412444927,0.45027777777777778
2015-01-15,241,1182,200004607,4.7545833333333336
2015-01-15,241,1183,200004607,0.14722222222222223
2015-01-15,497,-49,228033800,1.8629166666666668
2015-01-15,497,-51,228203800,1.7500000000000002
2015-01-15,497,-52,228203800,0.30222222222222223
2015-01-15,497,-50,228203800,0.41763888888888889
2015-01-15,497,1564,273890100,7.8156944444444445
2015-01-15,497,1565,273318720,1.1076388888888888
2015-01-15,497,1564,273318720,1.0633333333333335
2015-01-15,497,-6,246557000,1.6615277777777775
2015-01-15,497,-8,246557000,3.479861111111112
2015-01-15,497,-7,246557000,1.4936111111111112
2015-01-15,497,-47,227143500,0.85402777777777783
2015-01-15,497,-115,224690000,13.058611111111111
2015-01-15,497,-51,228316000,2.0972222222222223
2015-01-15,497,-50,228316000,0.63472222222222219
2015-01-15,497,-49,227315560,0.60777777777777775
2015-01-15,497,-50,227315560,1.2284722222222224
2015-01-15,497,-52,227558000,2.2984722222222218
2015-01-15,497,-53,227558000,1.2906944444444441
2015-01-15,497,-51,227558000,0.62194444444444441
2015-01-15,497,-45,228267900,0.68805555555555553
2015-01-15,497,-46,228267900,0.20319444444444446
2015-01-15,497,-9,227823000,1.0848611111111111
2015-01-15,497,-10,227823000,1.8541666666666663
2015-01-15,497,-50,228216000,0.20680555555555558
2015-01-15,497,-49,228216000,1.4269444444444443
2015-01-15,497,-115,232006620,5.7927777777777774
2015-01-15,497,-114,224046570,7.1570833333333335
2015-01-15,497,-43,228004600,0.20402777777777778
2015-01-15,497,-42,228004600,1.0220833333333332
2015-01-15,497,-41,228004600,0.41069444444444447
2015-01-15,-271,380,263584000,1.379027777777778
2015-01-15,-271,381,263584000,0.89999999999999991
2015-01-15,-15,1668,412371194,5.6927777777777777
2015-01-15,242,1181,412447745,0.27805555555555556
2015-01-15,242,1182,412447745,0.86083333333333334
2015-01-15,242,1182,412444935,1.0484722222222222
2015-01-15,242,1181,412444936,0.22111111111111112
2015-01-15,242,1182,412444936,1.09875
2015-01-15,242,1182,412444945,20.712222222222223
2015-01-15,242,1182,412445202,0.92555555555555558
2015-01-15,242,1181,412445202,3.0315277777777778
2015-01-15,242,1182,412444949,1.9141666666666663
2015-01-15,242,1181,412059691,0.4752777777777778
2015-01-15,242,1182,412444209,2.0450000000000004
2015-01-15,242,1183,412446769,1.2634722222222221
2015-01-15,242,1183,412444276,5.783611111111111
2015-01-15,242,1181,412444545,2.0747222222222219
2015-01-15,242,1182,412444545,0.81402777777777779
2015-01-15,242,1181,412456859,0.61444444444444435
2015-01-15,242,1183,101406888,0.62694444444444442
2015-01-15,242,1182,101406888,0.22361111111111112
2015-01-15,242,1182,412445113,7.6355555555555554
2015-01-15,242,1181,412445113,0.12347222222222223
2015-01-15,242,1659,432984000,0.96819444444444447
2015-01-15,242,1658,432984000,1.274861111111111
2015-01-15,242,1180,412458690,0.20430555555555557
2015-01-15,242,1182,412006888,1.9583333333333335
2015-01-15,242,1183,412006888,0.41694444444444445
2015-01-15,242,1182,412444916,1.1059722222222221
2015-01-15,242,1181,412444916,0.62944444444444447
2015-01-15,242,1182,412444669,3.120972222222222
2015-01-15,242,1181,412444927,1.0911111111111111
2015-01-15,242,1182,412444927,0.27805555555555556
2015-01-15,498,-49,228033800,1.8702777777777779
2015-01-15,498,-41,228259600,0.21083333333333334
2015-01-15,498,-42,228259600,1.0522222222222224
2015-01-15,498,-45,228259600,0.44
2015-01-15,498,-48,228259600,0.21111111111111111
2015-01-15,498,-44,228259600,0.84347222222222218
2015-01-15,498,-43,228259600,0.62611111111111106
2015-01-15,498,-49,228203800,2.5248611111111114
2015-01-15,498,-50,228203800,1.745
2015-01-15,498,-4,235003170,0.4193055555555556
2015-01-15,498,-5,235003170,0.62763888888888886
2015-01-15,498,1564,273890100,2.8873611111111113
2015-01-15,498,1565,273318720,1.5302777777777778
2015-01-15,498,-5,246557000,2.2901388888888889
2015-01-15,498,-6,246557000,0.20583333333333334
2015-01-15,498,-40,227143500,0.84847222222222229
2015-01-15,498,-41,227143500,1.2577777777777777
2015-01-15,498,-115,224690000,7.4868055555555557
2015-01-15,498,-117,224690000,2.5326388888888887
2015-01-15,498,-49,228316000,1.7566666666666668
2015-01-15,498,-50,228316000,1.0259722222222223
2015-01-15,498,-49,227315560,1.3543055555555557
2015-01-15,498,-51,227558000,1.0277777777777777
2015-01-15,498,-52,227558000,0.60708333333333342
2015-01-15,498,-46,228267900,4.7797222222222215
2015-01-15,498,-49,227312000,0.80541666666666667
2015-01-15,498,-50,227312000,0.62416666666666665
2015-01-15,498,-48,228264600,0.41083333333333327
2015-01-15,498,-9,227823000,0.43361111111111106
2015-01-15,498,-5,228323000,0.85666666666666669
2015-01-15,498,-4,228323000,1.0540277777777778
2015-01-15,498,-48,228216000,1.0294444444444444
2015-01-15,498,-49,228216000,0.40652777777777782
2015-01-15,498,-48,227144900,1.3052777777777778
2015-01-15,498,-49,227144900,1.0554166666666667
2015-01-15,498,-50,227144900,1.0847222222222221
2015-01-15,498,-114,224046570,1.6888888888888889
2015-01-15,498,1564,273899000,2.8236111111111111
2015-01-15,-270,380,263584000,1.308888888888889
2015-01-15,-270,390,263584000,3.3483333333333332
2015-01-15,-270,391,263584000,0.48972222222222223
2015-01-15,-14,1674,416238700,3.3898611111111112
2015-01-15,-14,1669,412371194,0.70902777777777781
2015-01-15,243,1182,412447747,1.3393055555555555
2015-01-15,243,1182,412447751,0.44763888888888892
2015-01-15,243,1181,412447751,0.46472222222222226
2015-01-15,243,1182,200004615,2.7474999999999992
2015-01-15,243,1185,412450841,1.2245833333333334
2015-01-15,243,-159,242135100,0.47097222222222218
2015-01-15,243,1182,412444992,2.1283333333333334
2015-01-15,243,1223,416001356,4.790972222222222
2015-01-15,243,1182,412444785,0.34416666666666662
2015-01-15,243,1182,412444533,0.83527777777777767
2015-01-15,243,1180,413888888,0.20750000000000002
2015-01-15,243,1181,412444543,12.944583333333334
2015-01-15,243,1181,412444545,10.436805555555555
2015-01-15,243,1181,412444578,3.858194444444444
2015-01-15,243,1181,412444582,1.4772222222222222
2015-01-15,243,1182,412444582,1.0722222222222222
2015-01-15,243,1181,412445101,0.30374999999999996
2015-01-15,243,1186,900007343,3.6115277777777779
2015-01-15,243,1222,416001967,4.07013888888889
2015-01-15,243,1183,412446646,1.9319444444444445
2015-01-15,243,1658,432984000,0.58777777777777784
2015-01-15,243,1181,412444609,2.4805555555555556
2015-01-15,243,1185,412451013,1.9833333333333334
2015-01-15,243,1181,412444634,4.5394444444444444
2015-01-15,243,1185,412451034,0.63055555555555554
2015-01-15,243,1182,412444645,0.83375
2015-01-15,243,1182,412596731,1.2361111111111112
2015-01-15,243,1181,412596731,1.3090277777777779
2015-01-15,243,1182,412447742,1.1227777777777777
2015-01-15,499,-49,228033800,1.0806944444444446
2015-01-15,499,-48,228259600,1.4574999999999998
2015-01-15,499,-47,228259600,3.4591666666666669
2015-01-15,499,-49,228259600,1.0351388888888888
2015-01-15,499,-46,228259600,1.1648611111111111
2015-01-15,499,-45,228259600,5.746249999999999
2015-01-15,499,-48,228203800,2.302083333333333
2015-01-15,499,-49,228203800,1.04
2015-01-15,499,-5,235003170,13.440277777777778
2015-01-15,499,-4,235003170,2.6115277777777779
2015-01-15,499,-46,228329000,3.3933333333333335
2015-01-15,499,1564,273890100,4.5995833333333334
2015-01-15,499,1564,273318720,7.0323611111111113
2015-01-15,499,-47,227143500,0.41000000000000003
2015-01-15,499,-43,227143500,1.12125
2015-01-15,499,-44,227143500,1.0390277777777779
2015-01-15,499,-48,227143500,0.40527777777777774
2015-01-15,499,-42,227143500,0.95180555555555557
2015-01-15,499,-48,228316000,5.0397222222222231
2015-01-15,499,-49,228316000,0.21375
2015-01-15,499,-48,227315560,0.84541666666666671
2015-01-15,499,-49,227315560,0.42166666666666669
2015-01-15,499,-51,227558000,1.0266666666666668
2015-01-15,499,-48,227312000,0.62083333333333335
2015-01-15,499,-49,227312000,1.4444444444444444
2015-01-15,499,0,235051671,1.2688888888888887
2015-01-15,499,-48,228264600,1.6490277777777775
2015-01-15,499,-47,227142300,0.20472222222222222
2015-01-15,499,-32,227822000,1.0405555555555555
2015-01-15,499,-31,227822000,0.40694444444444444
2015-01-15,499,-4,228323000,2.1129166666666666
2015-01-15,499,-47,228216000,0.84416666666666673
2015-01-15,499,-48,228216000,1.0427777777777778
2015-01-15,499,-48,227144900,1.5272222222222225
2015-01-15,499,-47,227144900,2.604166666666667
2015-01-15,499,-49,227144900,1.2119444444444445
2015-01-15,499,-32,227146700,1.6705555555555553
2015-01-15,499,-31,227146700,2.5586111111111114
2015-01-15,499,-29,227146700,2.2990277777777779
2015-01-15,499,-30,227146700,2.516111111111111
2015-01-15,499,-28,227146700,1.4595833333333332
2015-01-15,499,1562,273411800,6.3677777777777775
2015-01-15,499,-113,224046570,4.4920833333333334
2015-01-15,499,1564,273899000,18.025833333333335
2015-01-15,-269,391,263584000,2.6075
2015-01-15,-13,1787,440617000,0.79222222222222216
2015-01-15,-13,1674,416238700,2.0391666666666666
2015-01-15,244,1188,412448771,5.1888888888888882
2015-01-15,244,1221,416002067,1.7020833333333334
2015-01-15,244,1222,416002067,3.8205555555555559
2015-01-15,244,1185,412450841,0.655
2015-01-15,244,1187,412448798,9.4390277777777776
2015-01-15,244,1190,412450851,0.26416666666666666
2015-01-15,244,1189,412450851,1.03125
2015-01-15,244,1185,412455986,1.9969444444444442
2015-01-15,244,1185,412450615,1.7566666666666666
2015-01-15,244,-159,242135100,1.4455555555555557
2015-01-15,244,-158,242135100,5.9554166666666672
2015-01-15,244,1223,416001356,10.915000000000001
2015-01-15,244,1187,412401510,6.1486111111111112
2015-01-15,244,1188,900001409,4.8386111111111108
2015-01-15,244,1187,412448679,5.0144444444444449
2015-01-15,244,1222,416001967,1.0409722222222222
2015-01-15,244,1185,800035506,1.3047222222222221
2015-01-15,244,1187,412451002,5.1581944444444439
2015-01-15,244,1186,412451002,0.7302777777777778
2015-01-15,244,1187,412448967,2.4051388888888887
2015-01-15,244,1188,412448967,3.5836111111111109
2015-01-15,244,1188,413001189,1.4873611111111111
2015-01-15,244,1222,416000487,5.4301388888888891
2015-01-15,244,1187,997753576,15.290416666666667
2015-01-15,244,1188,412451817,3.9927777777777775
2015-01-15,244,1186,412476921,0.88361111111111112
2015-01-15,244,1185,412451322,1.3477777777777777
2015-01-15,500,-49,228259600,0.20541666666666666
2015-01-15,500,-48,228259600,1.2308333333333332
2015-01-15,500,-47,228203800,0.61486111111111108
2015-01-15,500,-48,228203800,2.6893055555555558
2015-01-15,500,4,246015000,0.26805555555555555
2015-01-15,500,-48,227143500,2.2720833333333332
2015-01-15,500,-48,228316000,2.7030555555555558
2015-01-15,500,-51,227313000,6.34611111111111
2015-01-15,500,-51,227558000,3.3206944444444439
2015-01-15,500,-48,227312000,2.0598611111111111
2015-01-15,500,-47,227312000,0.44333333333333336
2015-01-15,500,-1,235051671,0.3051388888888889
2015-01-15,500,0,235051671,5.9179166666666667
2015-01-15,500,1,235051671,2.6340277777777779
2015-01-15,500,-48,228264600,0.83555555555555561
2015-01-15,500,-47,228264600,1.0355555555555556
2015-01-15,500,-47,227142300,1.5018055555555554
2015-01-15,500,-46,227142300,0.42500000000000004
2015-01-15,500,-28,227822000,0.40805555555555556
2015-01-15,500,-30,227822000,3.5723611111111113
2015-01-15,500,-31,227822000,2.5093055555555557
2015-01-15,500,-29,227822000,6.8976388888888884
2015-01-15,500,-32,227822000,3.3816666666666673
2015-01-15,500,-4,228323000,1.3831944444444444
2015-01-15,500,-3,228323000,3.9887500000000005
2015-01-15,500,-2,228323000,0.69569444444444439
2015-01-15,500,-46,228216000,0.651388888888889
2015-01-15,500,-47,228216000,1.6674999999999998
2015-01-15,500,-48,227144900,1.4318055555555556
2015-01-15,500,-49,227144900,0.20305555555555554
2015-01-15,500,-47,227144900,0.83444444444444454
2015-01-15,500,-51,227469000,0.20736111111111111
2015-01-15,500,-26,227146700,3.3973611111111111
2015-01-15,500,-28,227146700,2.4573611111111111
2015-01-15,500,-27,227146700,3.13875
2015-01-15,500,-29,227146700,0.62791666666666668
2015-01-15,500,-31,227146700,0.82500000000000007
2015-01-15,500,-30,227146700,0.62222222222222223
2015-01-15,500,1,235074776,3.3975
2015-01-15,500,-2,235074776,0.20583333333333334
2015-01-15,500,-1,235074776,6.96263888888889
2015-01-15,500,2,235074776,1.1023611111111111
2015-01-15,500,0,235074776,5.7791666666666668
2015-01-15,500,-48,228148700,1.9501388888888889
2015-01-15,500,-49,228148700,0.31138888888888888
2015-01-15,756,421,258387000,1.5351388888888891
2015-01-15,756,423,258387000,1.5415277777777778
2015-01-15,756,424,258387000,1.5465277777777779
2015-01-15,756,426,258387000,4.6776388888888887
2015-01-15,756,401,225436000,1.5406944444444446
2015-01-15,756,400,225436000,3.0813888888888887
2015-01-15,756,398,225436000,4.7801388888888887
2015-01-15,756,397,225436000,4.6827777777777779
2015-01-15,756,399,225436000,4.6684722222222224
2015-01-15,-12,1787,440617000,5.8001388888888883
2015-01-15,245,1188,412448771,2.8702777777777779
2015-01-15,245,1189,200000263,2.5668055555555549
2015-01-15,245,1188,200000263,3.6320833333333331
2015-01-15,245,1188,412452369,3.0693055555555553
2015-01-15,245,1222,416002067,2.9070833333333339
2015-01-15,245,1221,416001821,4.1052777777777782
2015-01-15,245,1187,412448798,1.7620833333333334
2015-01-15,245,1190,412450851,2.822222222222222
2015-01-15,245,1188,412451125,1.0851388888888889
2015-01-15,245,1188,412453941,1.44625
2015-01-15,245,-158,242135100,0.40347222222222223
2015-01-15,245,1188,412452925,3.6412500000000003
2015-01-15,245,1188,412450627,4.2927777777777782
2015-01-15,245,1189,412450627,1.6280555555555556
2015-01-15,245,1188,412449102,9.695
2015-01-15,245,1187,412401510,10.108194444444443
2015-01-15,245,1188,412450672,1.5412499999999998
2015-01-15,245,1188,900001409,3.7152777777777777
2015-01-15,245,1188,412448652,3.715
2015-01-15,245,1188,412451485,1.8697222222222223
2015-01-15,245,1188,412448932,5.6759722222222218
2015-01-15,245,1187,412448932,0.81402777777777779
2015-01-15,245,1189,412459942,1.0943055555555554
2015-01-15,245,1188,412459942,5.4273611111111117
2015-01-15,245,1187,412448679,3.661111111111111
2015-01-15,245,1186,412444849,0.2925
2015-01-15,245,1187,412444849,2.15375
2015-01-15,245,1187,412451002,1.4295833333333334
2015-01-15,245,1187,412448967,0.27555555555555555
2015-01-15,245,1188,412448967,1.375
2015-01-15,245,1188,413001189,3.9487499999999995
2015-01-15,245,1222,416000487,0.20958333333333334
2015-01-15,245,1223,416000487,5.6481944444444441
2015-01-15,245,1187,997753576,3.0734722222222222
2015-01-15,245,1187,412602103,0.45055555555555554
2015-01-15,245,1188,412451832,5.5654166666666658
2015-01-15,501,5,246015000,0.22763888888888889
2015-01-15,501,4,246015000,2.0788888888888888
2015-01-15,501,-48,228316000,0.41097222222222224
2015-01-15,501,-51,227558000,3.2956944444444449
2015-01-15,501,-47,228264600,0.89416666666666655
2015-01-15,501,-46,227142300,1.2704166666666667
2015-01-15,501,-28,227822000,1.9026388888888888
2015-01-15,501,-48,227144900,0.85583333333333333
2015-01-15,501,-51,227469000,2.1038888888888887
2015-01-15,501,-48,228148700,1.794861111111111
2015-01-15,501,-47,228148700,4.8816666666666668
2015-01-15,501,-46,228148700,2.3518055555555559
2015-01-15,757,424,258387000,1.5391666666666666
2015-01-15,757,421,258387000,1.5320833333333335
2015-01-15,757,425,258387000,3.1251388888888885
2015-01-15,757,399,225436000,1.5297222222222222
2015-01-15,757,400,225436000,1.5333333333333332
2015-01-15,-11,665,455370000,5.2538888888888886
2015-01-15,-11,664,455370000,1.329444444444444
2015-01-15,-11,1666,412328731,8.48875
2015-01-15,246,1189,200000263,10.546944444444446
2015-01-15,246,1190,200000263,0.22902777777777777
2015-01-15,246,1188,412452369,1.5766666666666667
2015-01-15,246,1189,412452369,2.8499999999999996
2015-01-15,246,1190,412448052,5.6645833333333329
2015-01-15,246,1189,412448052,1.4036111111111111
2015-01-15,246,1188,412451125,0.40694444444444444
2015-01-15,246,1189,412451125,0.70694444444444438
2015-01-15,246,1188,412453941,4.3469444444444445
2015-01-15,246,1189,412452925,0.39249999999999996
2015-01-15,246,1190,800035901,5.706666666666667
2015-01-15,246,1189,800035901,0.9375
2015-01-15,246,1188,412450626,5.6956944444444444
2015-01-15,246,1189,412450627,9.9826388888888875
2015-01-15,246,1190,412450627,0.38833333333333331
2015-01-15,246,1189,412432461,0.13347222222222221
2015-01-15,246,1187,412444757,1.6304166666666671
2015-01-15,246,1189,412449645,0.21166666666666667
2015-01-15,246,1188,412450672,5.6598611111111108
2015-01-15,246,1190,800030585,2.7169444444444442
2015-01-15,246,1189,412450198,0.84097222222222223
2015-01-15,246,1188,412451485,6.0254166666666658
2015-01-15,246,1188,412451491,4.9665277777777783
2015-01-15,246,1189,412459942,9.7936111111111117
2015-01-15,246,1190,412459942,0.40388888888888885
2015-01-15,246,1190,412450989,9.9166666666666661
2015-01-15,246,1188,412451256,5.2726388888888884
2015-01-15,246,1189,870035897,3.2875000000000005
2015-01-15,246,1189,200000190,1.1495833333333334
2015-01-15,246,1188,200000190,0.67569444444444438
2015-01-15,246,-154,242925000,0.24055555555555555
2015-01-15,246,-155,242925000,5.5320833333333344
2015-01-15,246,1188,412432119,0.10055555555555556
2015-01-15,246,1188,412451832,1.1669444444444443
2015-01-15,246,1189,412451832,2.6297222222222221
2015-01-15,502,1567,273896000,17.129166666666666
2015-01-15,502,1568,273896000,4.5672222222222221
2015-01-15,502,1568,273411800,4.5263888888888886
2015-01-15,758,425,258387000,5.4375
2015-01-15,-10,664,455370000,5.1152777777777771
2015-01-15,-10,665,455370000,3.6184722222222221
2015-01-15,-10,1641,416569000,2.0322222222222224
2015-01-15,-10,1642,416569000,1.0597222222222222
2015-01-15,247,1189,412445192,1.2990277777777781
2015-01-15,247,1188,412445192,1.4273611111111113
2015-01-15,247,-828,367623690,0.54708333333333337
2015-01-15,247,-827,367623690,1.9116666666666666
2015-01-15,247,-826,367623690,0.5018055555555555
2015-01-15,247,1187,800000017,1.439861111111111
2015-01-15,247,1188,412451345,5.4012499999999992
2015-01-15,247,1188,800000535,3.8768055555555549
2015-01-15,247,1190,800036648,5.950277777777778
2015-01-15,247,1190,412450603,4.9934722222222216
2015-01-15,247,1190,412448052,1.0972222222222223
2015-01-15,247,-154,242135100,0.20944444444444443
2015-01-15,247,1190,800035901,0.20875
2015-01-15,247,1189,800035901,0.55111111111111111
2015-01-15,247,1189,412450626,0.23305555555555557
2015-01-15,247,1189,412449645,0.20875
2015-01-15,247,1190,800030585,0.23972222222222223
2015-01-15,247,1189,800034949,6.2816666666666663
2015-01-15,247,1188,800021896,2.0325
2015-01-15,247,1187,800021896,0.57902777777777781
2015-01-15,247,1189,800031632,5.0270833333333345
2015-01-15,247,1187,811021727,0.10069444444444445
2015-01-15,247,1188,412451491,1.3076388888888888
2015-01-15,247,1191,412451246,4.0527777777777771
2015-01-15,247,-154,242925000,3.2654166666666669
2015-01-15,247,1189,412432335,0.13861111111111113
2015-01-15,247,1190,412450775,4.1997222222222215
2015-01-15,247,1191,412448994,10.272361111111111
2015-01-15,247,1189,800022508,1.6513888888888888
2015-01-15,247,1189,412432119,0.81638888888888894
2015-01-15,247,1188,412432119,0.11833333333333333
2015-01-15,247,1189,412451832,1.6111111111111112
2015-01-15,247,1188,412451832,0.3956944444444444
2015-01-15,503,1570,273359630,4.18375
2015-01-15,503,1569,273896000,1.5563888888888888
2015-01-15,503,-57,227313000,3.2234722222222225
2015-01-15,503,-57,227469000,1.6944444444444442
2015-01-15,503,-58,227469000,3.3484722222222221
2015-01-15,503,1569,273411800,5.7430555555555554
2015-01-15,503,1568,273411800,6.5983333333333336
2015-01-15,-9,664,455370000,0.43597222222222221
2015-01-15,-9,1642,416569000,1.2370833333333333
2015-01-15,248,1190,800032771,1.2502777777777778
2015-01-15,248,1190,800035081,1.5048611111111112
2015-01-15,248,1221,416001547,1.9227777777777777
2015-01-15,248,1222,416001547,7.5756944444444443
2015-01-15,248,1188,412451345,0.13333333333333333
2015-01-15,248,1189,800036648,0.44291666666666663
2015-01-15,248,1190,800000053,2.8479166666666673
2015-01-15,248,-154,242135100,0.43694444444444447
2015-01-15,248,1190,412596090,4.075277777777778
2015-01-15,248,1189,800021896,0.10041666666666668
2015-01-15,248,1190,412444863,0.40125
2015-01-15,248,1190,800000451,1.1959722222222222
2015-01-15,248,-153,242925000,0.82208333333333339
2015-01-15,248,-154,242925000,0.20527777777777778
2015-01-15,248,1189,800022508,1.1233333333333333
2015-01-15,248,1188,800022508,1.0997222222222223
2015-01-15,504,1573,273359630,1.5581944444444444
2015-01-15,504,-36,235097102,0.21638888888888891
2015-01-15,504,-57,227313000,0.84583333333333344
2015-01-15,504,-55,227313000,0.21222222222222223
2015-01-15,504,-56,227313000,1.8836111111111109
2015-01-15,504,-109,228301700,0.69319444444444445
2015-01-15,504,-106,228301700,8.7731944444444441
2015-01-15,504,-107,228301700,7.6547222222222233
2015-01-15,504,-110,228301700,4.5531944444444443
2015-01-15,504,-108,228301700,1.4241666666666668
2015-01-15,504,-34,235032237,1.1779166666666667
2015-01-15,504,-32,235032237,0.42055555555555557
2015-01-15,504,-33,235032237,1.7870833333333331
2015-01-15,504,-57,227469000,2.2844444444444441
2015-01-15,504,-56,227469000,3.5436111111111113
2015-01-15,504,-89,228048600,1.6894444444444445
2015-01-15,504,-88,228048600,9.95263888888889
2015-01-15,-8,664,455370000,0.64458333333333329
2015-01-15,249,1222,416001547,2.0865277777777775
2015-01-15,249,1190,800000053,0.23333333333333334
2015-01-15,249,1190,800032311,4.7936111111111117
2015-01-15,249,1190,412448127,0.15472222222222221
2015-01-15,249,1190,800000391,0.18763888888888888
2015-01-15,249,-210,224016530,15.05361111111111
2015-01-15,249,-209,224016530,4.9641666666666664
2015-01-15,249,1190,412444863,1.0805555555555555
2015-01-15,249,1191,412444863,0.13763888888888887
2015-01-15,505,1574,273359630,3.7819444444444441
2015-01-15,505,-33,235032237,0.74583333333333335
2015-01-15,505,-32,235032237,3.4252777777777781
2015-01-15,505,-536,316323000,0.19736111111111113
2015-01-15,505,-87,228048600,7.8033333333333328
2015-01-15,505,4,205153000,0.915138888888889
2015-01-15,505,3,205153000,0.30458333333333332
2015-01-15,505,6,205153000,0.82888888888888879
2015-01-15,505,5,205153000,0.81819444444444445
2015-01-15,-7,664,455370000,1.2884722222222222
2015-01-15,-7,665,455370000,3.9293055555555556
2015-01-15,250,1224,416001547,1.9119444444444444
2015-01-15,250,-209,224016530,3.0255555555555556
2015-01-15,250,1476,416002216,3.3099999999999996
2015-01-15,506,1575,273359630,6.3833333333333329
2015-01-15,506,1576,273359630,1.5672222222222221
2015-01-15,506,-58,205162000,0.40819444444444442
2015-01-15,506,-57,205162000,2.0666666666666664
2015-01-15,506,-54,205162000,1.4495833333333332
2015-01-15,506,-56,205162000,1.6513888888888886
2015-01-15,506,-55,205162000,0.81375
2015-01-15,506,-535,316323000,0.32097222222222221
2015-01-15,506,-536,316323000,1.1638888888888888
2015-01-15,506,-57,205197000,0.20541666666666666
2015-01-15,506,7,205153000,0.82111111111111112
2015-01-15,506,6,205153000,0.61111111111111116
2015-01-15,506,8,205153000,1.0220833333333332
2015-01-15,506,9,205153000,1.4527777777777777
2015-01-15,506,10,205153000,0.42638888888888893
2015-01-15,-774,-1761,273341320,1.607361111111111
2015-01-15,-774,1710,441868000,1.5959722222222221
2015-01-15,-262,-242,224913000,1.0541666666666667
2015-01-15,-262,-243,224913000,0.63402777777777786
2015-01-15,-262,-244,224913000,1.4898611111111113
2015-01-15,-262,64,441667000,5.4251388888888883
2015-01-15,-6,665,455370000,1.315
2015-01-15,251,1212,200011299,12.467916666666666
2015-01-15,251,1213,200011299,11.997083333333332
2015-01-15,251,1212,416306476,1.8240277777777778
2015-01-15,251,1218,416003422,9.2976388888888888
2015-01-15,251,1212,200005219,4.7508333333333344
2015-01-15,251,1218,416900006,3.2659722222222225
2015-01-15,251,1217,416900016,0.51166666666666671
2015-01-15,251,1218,416900016,1.1325000000000003
2015-01-15,251,1213,416033534,0.73708333333333331
2015-01-15,251,1212,416033534,2.9325
2015-01-15,507,1576,273359630,3.7223611111111108
2015-01-15,507,-55,205162000,5.6638888888888888
2015-01-15,507,-52,205162000,2.083333333333333
2015-01-15,507,-53,205162000,1.2391666666666665
2015-01-15,507,-56,205162000,0.2038888888888889
2015-01-15,507,-54,205162000,3.5104166666666656
2015-01-15,507,-51,205162000,0.62652777777777779
2015-01-15,507,-58,205321000,0.78055555555555556
2015-01-15,507,-56,205321000,2.258055555555555
2015-01-15,507,-57,205321000,6.9593055555555559
2015-01-15,507,-1276,316022149,0.50263888888888886
2015-01-15,507,-534,316100000,0.91486111111111112
2015-01-15,507,-56,205197000,5.1183333333333341
2015-01-15,507,-57,205197000,5.0533333333333328
2015-01-15,507,-1275,316028366,3.8698611111111108
2015-01-15,507,1547,273825520,2.9466666666666663
2015-01-15,-773,-1751,273341320,1.5847222222222221
2015-01-15,-773,1710,441868000,3.0298611111111113
2015-01-15,-261,365,431444000,1.3499999999999999
2015-01-15,-261,-244,224913000,1.2123611111111114
2015-01-15,-261,-241,224913000,6.5887499999999992
2015-01-15,-261,62,441667000,1.2815277777777778
2015-01-15,-5,1749,440647000,5.7877777777777784
2015-01-15,252,1212,416004513,12.368333333333334
2015-01-15,252,1211,416004513,13.062499999999998
2015-01-15,252,1212,416004779,11.959166666666667
2015-01-15,252,1211,416004779,10.953055555555554
2015-01-15,252,1211,416004780,9.5873611111111146
2015-01-15,252,1212,416004780,12.678194444444445
2015-01-15,252,1211,100903105,10.234027777777778
2015-01-15,252,1212,100903105,11.631944444444445
2015-01-15,252,1211,416004845,10.125000000000002
2015-01-15,252,1212,416004845,12.010555555555559
2015-01-15,252,1193,200004335,2.5195833333333333
2015-01-15,252,1212,416004346,15.074027777777774
2015-01-15,252,1211,416004346,6.6020833333333329
2015-01-15,508,-51,205162000,1.4552777777777777
2015-01-15,508,-55,205321000,1.4327777777777777
2015-01-15,508,-56,205321000,8.03263888888889
2015-01-15,508,-57,205321000,1.8659722222222221
2015-01-15,508,5,235078469,1.2668055555555555
2015-01-15,508,4,235078469,1.8291666666666666
2015-01-15,508,-1276,316022149,0.73125
2015-01-15,508,-1277,316022149,1.8127777777777776
2015-01-15,508,-1278,316022149,1.2754166666666666
2015-01-15,508,-533,316100000,2.0997222222222223
2015-01-15,508,-534,316100000,8.7366666666666664
2015-01-15,508,-57,205197000,2.6297222222222221
2015-01-15,508,-56,205197000,2.9287500000000004
2015-01-15,508,1544,273825520,5.3661111111111115
2015-01-15,-772,-1763,273341320,1.5797222222222222
2015-01-15,-260,368,431444000,1.6837499999999999
2015-01-15,-260,365,431444000,0.72458333333333336
2015-01-15,-260,-244,224913000,1.4427777777777773
2015-01-15,-260,61,441667000,1.9052777777777778
2015-01-15,-4,1647,416238800,5.6316666666666668
2015-01-15,253,1199,413388888,2.604166666666667
2015-01-15,253,1198,412443278,0.24666666666666665
2015-01-15,253,1199,412443278,0.47472222222222221
2015-01-15,253,1199,412443287,0.24194444444444443
2015-01-15,253,1199,412443316,1.1766666666666667
2015-01-15,253,1192,800035518,1.2968055555555555
2015-01-15,509,-1275,316002917,0.94625
2015-01-15,509,-534,316100000,1.6077777777777778
2015-01-15,509,-535,316100000,5.9102777777777771
2015-01-15,509,-51,205316000,0.61416666666666664
2015-01-15,509,-52,205316000,2.88625
2015-01-15,509,-56,205197000,1.2511111111111111
2015-01-15,509,-55,205197000,1.6279166666666667
2015-01-15,-771,-1742,273341320,1.5513888888888889
2015-01-15,-771,-1763,273341320,1.4818055555555556
2015-01-15,-259,364,432426000,3.2645833333333334
2015-01-15,-259,363,432426000,5.6211111111111114
2015-01-15,-259,365,431444000,0.45527777777777778
2015-01-15,-259,368,431444000,1.3027777777777778
2015-01-15,-259,-244,224913000,1.0168055555555557
2015-01-15,-3,1664,413032000,5.1229166666666677
2015-01-15,-3,1748,440647000,7.1804166666666678
2015-01-15,-3,1673,416899000,9.5030555555555569
2015-01-15,-3,1672,416899000,3.3731944444444446
2015-01-15,-3,1647,416238800,5.1540277777777783
2015-01-15,254,1199,412443447,2.5780555555555553
2015-01-15,254,1199,412443451,2.3491666666666666
2015-01-15,254,1199,412443221,2.7127777777777773
2015-01-15,254,1200,412443223,1.2736111111111112
2015-01-15,254,1199,412443223,1.4248611111111109
2015-01-15,254,1199,412443278,2.4262500000000005
2015-01-15,254,1198,412443278,0.2051388888888889
2015-01-15,254,1199,412443281,2.5566666666666666
2015-01-15,254,1199,412443287,4.3209722222222213
2015-01-15,254,1200,412443323,1.8015277777777776
2015-01-15,254,1192,800035518,12.312777777777777
2015-01-15,254,1199,412443628,1.8227777777777776
2015-01-15,254,1198,412449278,0.35986111111111108
2015-01-15,510,-52,205316000,1.6523611111111114
2015-01-15,510,-51,205316000,0.20722222222222222
2015-01-15,510,-55,205316000,1.5398611111111111
2015-01-15,510,-53,205197000,0.8190277777777778
2015-01-15,510,-54,205197000,1.4355555555555553
2015-01-15,-770,-1733,273341320,1.5497222222222222
2015-01-15,-770,-1725,273341320,1.5472222222222223
2015-01-15,-258,365,432426000,1.6583333333333334
2015-01-15,-258,365,431444000,0.18611111111111112
2015-01-15,-258,368,431444000,3.9918055555555561
2015-01-15,-258,366,431444000,0.45013888888888887
2015-01-15,-258,-244,224913000,0.24597222222222223
2015-01-15,-258,-240,224913000,0.47625
2015-01-15,-258,-245,224913000,0.78888888888888886
2015-01-15,-2,1673,416899000,5.2333333333333343
2015-01-15,-2,1672,416899000,0.79166666666666674
2015-01-15,-2,1584,416002257,1.0531944444444443
2015-01-15,-2,-928,730059000,7.991666666666668
2015-01-15,-2,-927,730059000,5.225138888888889
2015-01-15,255,1198,412433261,0.23347222222222225
2015-01-15,255,1198,412443281,1.0544444444444445
2015-01-15,255,1199,412443281,1.3322222222222222
2015-01-15,511,21,245331000,1.8355555555555554
2015-01-15,511,22,245331000,0.40180555555555553
2015-01-15,511,-54,205316000,5.5805555555555557
2015-01-15,511,-53,205316000,4.2933333333333339
2015-01-15,511,-52,205316000,1.225
2015-01-15,511,-51,205316000,2.7823611111111113
2015-01-15,511,-55,205316000,0.62416666666666665
2015-01-15,511,-53,205197000,0.40861111111111109
2015-01-15,511,28,205281000,1.2197222222222222
2015-01-15,511,25,205281000,3.6644444444444444
2015-01-15,511,27,205281000,3.7245833333333329
2015-01-15,511,26,205281000,4.108194444444444
2015-01-15,511,21,244075000,2.3275
2015-01-15,-769,-1720,273341320,0.8584722222222223
2015-01-15,-257,364,432426000,0.41513888888888884
2015-01-15,-257,365,432426000,1.3227777777777778
2015-01-15,-257,366,431444000,4.475138888888889
2015-01-15,-257,367,431444000,3.0395833333333333
2015-01-15,-257,365,431444000,0.19736111111111113
2015-01-15,-257,-241,224913000,0.68625
2015-01-15,-257,-242,224913000,0.50402777777777774
2015-01-15,-257,-244,224913000,0.63625
2015-01-15,-257,-245,224913000,0.74583333333333335
2015-01-15,-257,-243,224913000,0.56805555555555554
2015-01-15,-257,-240,224913000,0.39013888888888892
2015-01-15,-1,1667,416574000,1.0666666666666667
2015-01-15,-1,1667,416411000,11.649166666666666
2015-01-15,-1,1584,416002257,0.57861111111111108
2015-01-15,-1,-928,730059000,6.9780555555555557
